tdegree	cluster_coefficient	degrees_centrality	closenesses_centrality	betweennesses
3	1.000000	0.003064	0.085794	0.000000
5	0.500000	0.005107	0.088127	0.000104
7	0.523810	0.007150	0.086104	0.000066
11	0.381818	0.011236	0.093963	0.007385
7	0.523810	0.007150	0.093550	0.003323
5	0.800000	0.005107	0.094717	0.000177
9	0.500000	0.009193	0.102674	0.005372
10	0.422222	0.010215	0.102782	0.013590
8	0.571429	0.008172	0.103763	0.002289
7	0.571429	0.007150	0.111694	0.007807
7	0.523810	0.007150	0.112374	0.004349
4	0.500000	0.004086	0.111415	0.001416
4	0.500000	0.004086	0.112996	0.004227
6	0.266667	0.006129	0.122192	0.004264
8	0.321429	0.008172	0.119697	0.007058
9	0.444444	0.009193	0.117895	0.001780
8	0.464286	0.008172	0.114182	0.001732
6	0.733333	0.006129	0.112788	0.000331
4	0.833333	0.004086	0.103763	0.000026
8	0.535714	0.008172	0.113075	0.002069
7	0.428571	0.007150	0.113613	0.005244
4	0.500000	0.004086	0.104796	0.001145
4	0.500000	0.004086	0.105530	0.002535
4	0.500000	0.004086	0.102923	0.000955
5	0.500000	0.005107	0.103631	0.001998
7	0.476190	0.007150	0.108645	0.002556
8	0.428571	0.008172	0.105077	0.002705
8	0.428571	0.008172	0.112438	0.007759
8	0.464286	0.008172	0.112206	0.007921
6	0.600000	0.006129	0.110947	0.002756
6	0.600000	0.006129	0.101969	0.002137
7	0.476190	0.007150	0.101609	0.007037
7	0.619048	0.007150	0.093434	0.001984
7	0.571429	0.007150	0.093274	0.001290
5	1.000000	0.005107	0.086119	0.000000
5	1.000000	0.005107	0.086119	0.000000
8	0.535714	0.008172	0.093220	0.001484
10	0.422222	0.010215	0.088206	0.000804
7	0.619048	0.007150	0.091316	0.000302
7	0.619048	0.007150	0.091367	0.000564
8	0.642857	0.008172	0.096282	0.001651
9	0.527778	0.009193	0.099705	0.002005
11	0.436364	0.011236	0.105359	0.004697
10	0.444444	0.010215	0.109373	0.003959
9	0.527778	0.009193	0.115735	0.005187
10	0.488889	0.010215	0.120819	0.008720
11	0.490909	0.011236	0.121193	0.005677
15	0.390476	0.015322	0.121419	0.023749
10	0.533333	0.010215	0.116575	0.005137
8	0.607143	0.008172	0.109630	0.001733
10	0.511111	0.010215	0.105644	0.003395
8	0.642857	0.008172	0.099745	0.001206
8	0.642857	0.008172	0.096377	0.000425
6	0.733333	0.006129	0.091274	0.000007
6	0.800000	0.006129	0.091011	0.000004
8	0.607143	0.008172	0.091607	0.000116
10	0.577778	0.010215	0.091761	0.000525
12	0.500000	0.012257	0.096065	0.001241
17	0.382353	0.017365	0.099939	0.007004
12	0.484848	0.012257	0.105065	0.005453
13	0.461538	0.013279	0.109815	0.011503
13	0.461538	0.013279	0.115885	0.012866
13	0.461538	0.013279	0.116064	0.007343
12	0.454545	0.012257	0.124904	0.032012
10	0.400000	0.010215	0.124777	0.021388
8	0.428571	0.008172	0.136655	0.048921
8	0.500000	0.008172	0.132674	0.060096
11	0.436364	0.011236	0.123284	0.028806
11	0.509091	0.011236	0.120954	0.023509
12	0.469697	0.012257	0.112866	0.010382
11	0.472727	0.011236	0.111962	0.011698
12	0.454545	0.012257	0.105769	0.008149
11	0.472727	0.011236	0.105428	0.004829
13	0.410256	0.013279	0.097384	0.007715
9	0.611111	0.009193	0.095952	0.001804
10	0.533333	0.010215	0.089073	0.001422
8	0.571429	0.008172	0.088008	0.000174
4	0.666667	0.004086	0.084150	0.000003
5	0.800000	0.005107	0.084128	0.000001
8	0.607143	0.008172	0.088174	0.001276
7	0.714286	0.007150	0.088166	0.000408
12	0.439394	0.012257	0.091787	0.003767
12	0.439394	0.012257	0.088645	0.000803
9	0.583333	0.009193	0.089227	0.000134
7	0.571429	0.007150	0.092271	0.000923
10	0.466667	0.010215	0.096463	0.003501
16	0.425000	0.016343	0.092937	0.001899
10	0.533333	0.010215	0.093487	0.001029
8	0.642857	0.008172	0.100482	0.003507
9	0.555556	0.009193	0.100876	0.001869
12	0.454545	0.012257	0.100668	0.001988
7	0.523810	0.007150	0.101514	0.002313
8	0.464286	0.008172	0.110409	0.010556
11	0.436364	0.011236	0.111389	0.004375
10	0.444444	0.010215	0.111351	0.001523
11	0.490909	0.011236	0.118094	0.005443
13	0.474359	0.013279	0.117810	0.007396
15	0.409524	0.015322	0.124920	0.038250
13	0.448718	0.013279	0.116229	0.006033
12	0.469697	0.012257	0.116119	0.012862
11	0.490909	0.011236	0.105998	0.002700
12	0.484848	0.012257	0.105655	0.005003
12	0.484848	0.012257	0.100328	0.001980
12	0.484848	0.012257	0.099837	0.001764
13	0.435897	0.013279	0.096472	0.002634
10	0.511111	0.010215	0.095971	0.001058
8	0.535714	0.008172	0.093981	0.000993
8	0.500000	0.008172	0.093496	0.000727
4	0.666667	0.004086	0.086021	0.000013
4	0.666667	0.004086	0.092568	0.000100
7	0.428571	0.007150	0.092875	0.000784
6	0.533333	0.006129	0.101314	0.002274
5	0.700000	0.005107	0.101304	0.000337
4	0.666667	0.004086	0.101042	0.000002
11	0.436364	0.011236	0.112296	0.008454
7	0.666667	0.007150	0.110797	0.001418
10	0.422222	0.010215	0.111377	0.008352
10	0.400000	0.010215	0.102139	0.001951
8	0.428571	0.008172	0.101230	0.002184
9	0.527778	0.009193	0.101746	0.002236
12	0.409091	0.012257	0.102804	0.006057
11	0.490909	0.011236	0.102502	0.002664
11	0.490909	0.011236	0.097075	0.001490
12	0.454545	0.012257	0.100596	0.002587
8	0.607143	0.008172	0.097017	0.000631
9	0.583333	0.009193	0.103085	0.000932
12	0.454545	0.012257	0.106102	0.004252
12	0.469697	0.012257	0.113048	0.016325
12	0.469697	0.012257	0.113363	0.004090
10	0.488889	0.010215	0.123767	0.030605
10	0.555556	0.010215	0.123315	0.005175
10	0.533333	0.010215	0.115639	0.001685
11	0.472727	0.011236	0.116105	0.003542
8	0.464286	0.008172	0.116147	0.002953
6	0.666667	0.006129	0.110709	0.000535
6	0.533333	0.006129	0.109434	0.001136
7	0.380952	0.007150	0.119187	0.007468
4	0.666667	0.004086	0.113692	0.000850
11	0.363636	0.011236	0.123067	0.008091
7	0.571429	0.007150	0.114933	0.002283
9	0.527778	0.009193	0.123893	0.002281
6	0.800000	0.006129	0.117049	0.000351
11	0.436364	0.011236	0.117358	0.005154
11	0.454545	0.011236	0.123393	0.005676
9	0.416667	0.009193	0.125642	0.007353
10	0.422222	0.010215	0.116979	0.004341
9	0.416667	0.009193	0.118710	0.012882
7	0.714286	0.007150	0.108392	0.000442
6	0.800000	0.006129	0.106251	0.000680
8	0.642857	0.008172	0.108249	0.001649
12	0.469697	0.012257	0.108452	0.003495
8	0.642857	0.008172	0.099421	0.000023
6	0.800000	0.006129	0.097900	0.000002
6	0.800000	0.006129	0.099401	0.000015
6	0.733333	0.006129	0.100648	0.000078
7	0.571429	0.007150	0.106436	0.001642
6	0.600000	0.006129	0.108597	0.000975
10	0.400000	0.010215	0.114839	0.003037
9	0.416667	0.009193	0.117640	0.002340
6	0.666667	0.006129	0.113930	0.000690
6	0.800000	0.006129	0.112529	0.000016
6	0.800000	0.006129	0.113415	0.000126
8	0.642857	0.008172	0.115735	0.000555
11	0.472727	0.011236	0.125529	0.006257
7	0.714286	0.007150	0.122574	0.001062
7	0.571429	0.007150	0.123705	0.002771
9	0.527778	0.009193	0.128326	0.002539
9	0.444444	0.009193	0.138531	0.019551
11	0.418182	0.011236	0.136370	0.012749
9	0.527778	0.009193	0.132154	0.004149
12	0.424242	0.012257	0.134146	0.010839
10	0.488889	0.010215	0.135953	0.004539
11	0.454545	0.011236	0.136123	0.006448
11	0.436364	0.011236	0.133816	0.008544
10	0.466667	0.010215	0.133397	0.014532
10	0.466667	0.010215	0.136123	0.010886
10	0.533333	0.010215	0.138179	0.007613
12	0.439394	0.012257	0.143464	0.084559
11	0.490909	0.011236	0.141515	0.008977
11	0.418182	0.011236	0.149786	0.045555
8	0.642857	0.008172	0.148288	0.023305
9	0.527778	0.009193	0.154222	0.043765
10	0.466667	0.010215	0.145382	0.008179
10	0.444444	0.010215	0.155101	0.079066
11	0.400000	0.011236	0.153088	0.027563
9	0.527778	0.009193	0.145511	0.007186
10	0.488889	0.010215	0.147019	0.014175
9	0.527778	0.009193	0.152019	0.008320
8	0.642857	0.008172	0.146843	0.004715
9	0.555556	0.009193	0.141005	0.002465
10	0.488889	0.010215	0.143823	0.009523
8	0.642857	0.008172	0.145037	0.003233
8	0.642857	0.008172	0.142069	0.002064
10	0.444444	0.010215	0.141026	0.007453
9	0.611111	0.009193	0.142152	0.003773
9	0.583333	0.009193	0.146207	0.010579
7	0.761905	0.007150	0.140782	0.000580
6	0.866667	0.006129	0.138688	0.000305
7	0.666667	0.007150	0.144609	0.002336
10	0.488889	0.010215	0.149923	0.005957
10	0.422222	0.010215	0.155077	0.029512
8	0.571429	0.008172	0.156941	0.008614
8	0.500000	0.008172	0.157980	0.012666
6	0.333333	0.006129	0.160255	0.028158
8	0.214286	0.008172	0.151454	0.015501
7	0.285714	0.007150	0.151431	0.016578
6	0.600000	0.006129	0.142587	0.002249
9	0.527778	0.009193	0.139957	0.003120
12	0.409091	0.012257	0.140621	0.012901
9	0.500000	0.009193	0.131480	0.005672
8	0.535714	0.008172	0.130255	0.006815
10	0.444444	0.010215	0.131586	0.005561
8	0.535714	0.008172	0.125032	0.002198
6	0.666667	0.006129	0.124920	0.001681
7	0.619048	0.007150	0.123160	0.000883
8	0.535714	0.008172	0.130325	0.003381
8	0.571429	0.008172	0.130987	0.001500
7	0.571429	0.007150	0.125642	0.000655
13	0.358974	0.013279	0.133561	0.005628
10	0.422222	0.010215	0.132494	0.004827
10	0.533333	0.010215	0.131639	0.002802
12	0.469697	0.012257	0.131852	0.005825
11	0.472727	0.011236	0.126879	0.003107
8	0.607143	0.008172	0.126699	0.001236
5	0.600000	0.005107	0.121706	0.001343
5	0.900000	0.005107	0.116854	0.000021
6	0.800000	0.006129	0.121555	0.000207
8	0.642857	0.008172	0.122039	0.000629
12	0.439394	0.012257	0.131763	0.006527
13	0.435897	0.013279	0.134589	0.007104
12	0.424242	0.012257	0.139997	0.008809
11	0.400000	0.011236	0.145989	0.012379
10	0.422222	0.010215	0.145295	0.009402
6	0.600000	0.006129	0.145123	0.004553
8	0.392857	0.008172	0.147351	0.012149
6	0.666667	0.006129	0.141066	0.003395
7	0.619048	0.007150	0.137326	0.002219
8	0.571429	0.008172	0.145188	0.006604
10	0.466667	0.010215	0.146010	0.010199
9	0.555556	0.009193	0.144395	0.005974
11	0.454545	0.011236	0.140238	0.005176
10	0.555556	0.010215	0.140681	0.003722
14	0.362637	0.014300	0.142899	0.023560
14	0.373626	0.014300	0.137674	0.013388
10	0.511111	0.010215	0.137057	0.007770
9	0.472222	0.009193	0.138160	0.007904
9	0.444444	0.009193	0.145641	0.033565
7	0.571429	0.007150	0.142899	0.001193
11	0.418182	0.011236	0.153017	0.024969
13	0.371795	0.013279	0.156866	0.032876
12	0.454545	0.012257	0.159368	0.025973
10	0.444444	0.010215	0.163194	0.026057
8	0.607143	0.008172	0.157092	0.005073
8	0.500000	0.008172	0.162355	0.031110
8	0.642857	0.008172	0.153424	0.002748
11	0.436364	0.011236	0.155520	0.017822
11	0.400000	0.011236	0.147662	0.013341
9	0.444444	0.009193	0.141822	0.005821
9	0.388889	0.009193	0.133433	0.003898
6	0.466667	0.006129	0.127341	0.001180
5	0.500000	0.005107	0.122897	0.000333
6	0.466667	0.006129	0.124460	0.000747
7	0.428571	0.007150	0.125080	0.000980
5	0.700000	0.005107	0.122728	0.000177
8	0.464286	0.008172	0.128952	0.001028
7	0.476190	0.007150	0.135821	0.002165
8	0.428571	0.008172	0.131994	0.002858
10	0.355556	0.010215	0.142049	0.005433
10	0.377778	0.010215	0.142008	0.009296
11	0.381818	0.011236	0.150015	0.018780
10	0.444444	0.010215	0.153593	0.015782
12	0.409091	0.012257	0.163058	0.041680
12	0.469697	0.012257	0.162086	0.023057
12	0.469697	0.012257	0.164097	0.058306
10	0.511111	0.010215	0.157751	0.016634
11	0.472727	0.011236	0.158774	0.031571
14	0.362637	0.014300	0.151759	0.035468
12	0.454545	0.012257	0.150130	0.018888
11	0.436364	0.011236	0.143150	0.019778
11	0.436364	0.011236	0.136048	0.010016
5	0.600000	0.005107	0.127358	0.000880
8	0.428571	0.008172	0.123377	0.003512
11	0.400000	0.011236	0.123674	0.009662
11	0.381818	0.011236	0.131551	0.008329
6	0.733333	0.006129	0.124144	0.000477
8	0.607143	0.008172	0.128108	0.004769
11	0.436364	0.011236	0.136598	0.008388
9	0.527778	0.009193	0.133963	0.008173
8	0.642857	0.008172	0.126649	0.001268
8	0.642857	0.008172	0.131568	0.006323
8	0.642857	0.008172	0.131128	0.003694
9	0.500000	0.009193	0.130743	0.013467
8	0.642857	0.008172	0.125192	0.000835
10	0.466667	0.010215	0.136142	0.013139
8	0.642857	0.008172	0.131586	0.002913
8	0.642857	0.008172	0.130134	0.002395
9	0.527778	0.009193	0.130481	0.003094
11	0.418182	0.011236	0.136923	0.009858
8	0.642857	0.008172	0.128545	0.001395
8	0.642857	0.008172	0.127907	0.001098
8	0.642857	0.008172	0.124793	0.000930
11	0.436364	0.011236	0.132872	0.006761
8	0.678571	0.008172	0.122666	0.000480
7	0.761905	0.007150	0.122085	0.000150
6	0.866667	0.006129	0.119536	0.000044
9	0.472222	0.009193	0.128765	0.002910
9	0.527778	0.009193	0.122774	0.001700
6	0.800000	0.006129	0.121344	0.000236
10	0.488889	0.010215	0.133107	0.003643
8	0.642857	0.008172	0.122913	0.000726
8	0.642857	0.008172	0.122913	0.000527
11	0.454545	0.011236	0.129824	0.009382
12	0.393939	0.012257	0.134515	0.016114
9	0.555556	0.009193	0.123331	0.004547
7	0.714286	0.007150	0.123083	0.000392
9	0.444444	0.009193	0.123253	0.004787
8	0.428571	0.008172	0.125965	0.013112
6	0.600000	0.006129	0.117782	0.001551
7	0.285714	0.007150	0.123783	0.006260
4	0.500000	0.004086	0.114076	0.001245
4	0.500000	0.004086	0.114342	0.003811
6	0.333333	0.006129	0.121918	0.006391
7	0.571429	0.007150	0.115244	0.004065
9	0.472222	0.009193	0.115149	0.002716
10	0.400000	0.010215	0.113626	0.003539
5	0.700000	0.005107	0.105872	0.000105
4	0.833333	0.004086	0.102203	0.000001
6	0.600000	0.006129	0.111313	0.000887
5	0.600000	0.005107	0.110173	0.000496
9	0.333333	0.009193	0.120849	0.011331
7	0.428571	0.007150	0.114436	0.002327
8	0.607143	0.008172	0.117274	0.001562
9	0.527778	0.009193	0.113494	0.002492
10	0.511111	0.010215	0.113837	0.004343
11	0.454545	0.011236	0.113481	0.009758
7	0.619048	0.007150	0.102793	0.001323
8	0.642857	0.008172	0.102847	0.001063
10	0.511111	0.010215	0.105518	0.003862
10	0.488889	0.010215	0.102535	0.003717
8	0.642857	0.008172	0.095680	0.000305
9	0.555556	0.009193	0.102043	0.002688
13	0.410256	0.013279	0.102160	0.009295
10	0.577778	0.010215	0.095373	0.000368
7	0.761905	0.007150	0.092770	0.000005
6	0.866667	0.006129	0.092752	0.000001
6	0.866667	0.006129	0.092761	0.000002
7	0.761905	0.007150	0.092875	0.000010
6	0.666667	0.006129	0.094107	0.000178
8	0.464286	0.008172	0.095466	0.000432
5	0.600000	0.005107	0.094471	0.000540
6	0.466667	0.006129	0.094956	0.000230
5	0.400000	0.005107	0.100897	0.002676
6	0.466667	0.006129	0.100472	0.001032
5	0.300000	0.005107	0.103226	0.002427
6	0.533333	0.006129	0.107547	0.003146
6	0.666667	0.006129	0.107500	0.001285
6	0.800000	0.006129	0.108057	0.000194
6	0.800000	0.006129	0.108045	0.000074
9	0.527778	0.009193	0.108476	0.001901
11	0.490909	0.011236	0.115762	0.008613
11	0.509091	0.011236	0.118509	0.007939
9	0.638889	0.009193	0.109778	0.000309
12	0.409091	0.012257	0.110684	0.013367
10	0.555556	0.010215	0.114677	0.004382
9	0.611111	0.009193	0.109790	0.001313
8	0.642857	0.008172	0.103906	0.000146
10	0.555556	0.010215	0.104650	0.000538
10	0.533333	0.010215	0.107535	0.000824
7	0.761905	0.007150	0.102128	0.000034
6	0.866667	0.006129	0.101220	0.000015
8	0.535714	0.008172	0.105359	0.001010
11	0.472727	0.011236	0.111162	0.002049
10	0.466667	0.010215	0.113232	0.001666
11	0.363636	0.011236	0.119711	0.005440
10	0.444444	0.010215	0.123486	0.004247
11	0.418182	0.011236	0.123689	0.005285
12	0.454545	0.012257	0.123021	0.005269
11	0.490909	0.011236	0.122436	0.006561
12	0.500000	0.012257	0.125192	0.007711
11	0.527273	0.011236	0.121721	0.005152
12	0.469697	0.012257	0.122009	0.006090
11	0.381818	0.011236	0.111643	0.005938
10	0.488889	0.010215	0.116216	0.002804
5	0.800000	0.005107	0.108201	0.000016
6	0.533333	0.006129	0.108392	0.003092
9	0.444444	0.009193	0.119056	0.006322
6	0.533333	0.006129	0.114974	0.001645
7	0.428571	0.007150	0.116326	0.007786
8	0.428571	0.008172	0.119449	0.003128
14	0.351648	0.014300	0.127657	0.014118
10	0.466667	0.010215	0.125032	0.004575
11	0.509091	0.011236	0.117598	0.005115
11	0.509091	0.011236	0.117077	0.005093
8	0.464286	0.008172	0.109988	0.001514
4	1.000000	0.004086	0.105382	0.000000
6	0.733333	0.006129	0.105998	0.000080
8	0.678571	0.008172	0.109154	0.000205
8	0.678571	0.008172	0.109105	0.000530
11	0.545455	0.011236	0.115448	0.002084
13	0.487179	0.013279	0.119682	0.004839
13	0.448718	0.013279	0.127823	0.013094
12	0.439394	0.012257	0.132065	0.014644
12	0.454545	0.012257	0.132566	0.011834
12	0.454545	0.012257	0.135746	0.013888
12	0.484848	0.012257	0.133889	0.010358
12	0.484848	0.012257	0.133670	0.009963
12	0.409091	0.012257	0.133288	0.017519
9	0.444444	0.009193	0.127974	0.014650
12	0.439394	0.012257	0.122497	0.016333
8	0.571429	0.008172	0.128663	0.013507
8	0.678571	0.008172	0.133071	0.005251
12	0.393939	0.012257	0.144417	0.035748
11	0.490909	0.011236	0.148019	0.021760
10	0.511111	0.010215	0.144630	0.015418
11	0.472727	0.011236	0.142732	0.015820
11	0.454545	0.011236	0.138629	0.017562
12	0.409091	0.012257	0.137539	0.019357
10	0.466667	0.010215	0.132333	0.007374
10	0.400000	0.010215	0.127259	0.006572
10	0.377778	0.010215	0.131058	0.011389
7	0.619048	0.007150	0.119799	0.001175
9	0.416667	0.009193	0.123098	0.004493
6	0.800000	0.006129	0.110684	0.000067
8	0.607143	0.008172	0.116826	0.000900
11	0.454545	0.011236	0.118825	0.005538
9	0.527778	0.009193	0.112258	0.001312
8	0.642857	0.008172	0.107500	0.000235
10	0.488889	0.010215	0.111618	0.001780
12	0.454545	0.012257	0.115041	0.007013
9	0.611111	0.009193	0.106587	0.000155
7	0.761905	0.007150	0.103642	0.000010
7	0.714286	0.007150	0.108177	0.000906
6	0.866667	0.006129	0.105348	0.000042
7	0.714286	0.007150	0.108573	0.000723
7	0.523810	0.007150	0.111351	0.002284
9	0.388889	0.009193	0.116937	0.007721
6	0.733333	0.006129	0.115858	0.000655
7	0.666667	0.007150	0.117161	0.002999
7	0.619048	0.007150	0.122497	0.002526
10	0.422222	0.010215	0.126437	0.011520
11	0.436364	0.011236	0.124650	0.006672
10	0.511111	0.010215	0.123955	0.004401
8	0.500000	0.008172	0.131233	0.016428
9	0.472222	0.009193	0.128850	0.003695
9	0.500000	0.009193	0.124968	0.006072
8	0.607143	0.008172	0.125272	0.003009
11	0.436364	0.011236	0.130777	0.011417
12	0.393939	0.012257	0.127524	0.006208
8	0.464286	0.008172	0.120999	0.002877
11	0.345455	0.011236	0.130987	0.014091
13	0.423077	0.013279	0.127974	0.014528
11	0.363636	0.011236	0.134202	0.015258
10	0.377778	0.010215	0.135408	0.053249
11	0.345455	0.011236	0.136847	0.012787
13	0.397436	0.013279	0.142566	0.045459
14	0.406593	0.014300	0.143380	0.017446
12	0.393939	0.012257	0.149534	0.031887
11	0.472727	0.011236	0.151595	0.028720
11	0.472727	0.011236	0.155693	0.033495
10	0.511111	0.010215	0.156615	0.038211
12	0.424242	0.012257	0.159654	0.050623
11	0.381818	0.011236	0.160150	0.077652
11	0.418182	0.011236	0.156290	0.023402
10	0.444444	0.010215	0.146887	0.011295
9	0.555556	0.009193	0.146711	0.007458
10	0.466667	0.010215	0.148965	0.019357
14	0.406593	0.014300	0.143823	0.010593
10	0.444444	0.010215	0.136370	0.023970
8	0.464286	0.008172	0.135972	0.011346
8	0.464286	0.008172	0.135708	0.014292
7	0.571429	0.007150	0.128276	0.000697
9	0.444444	0.009193	0.133197	0.013306
6	0.666667	0.006129	0.128377	0.000319
8	0.571429	0.008172	0.131040	0.000263
14	0.362637	0.014300	0.144780	0.011911
8	0.464286	0.008172	0.136560	0.001339
8	0.571429	0.008172	0.139578	0.003335
9	0.416667	0.009193	0.150292	0.016331
8	0.500000	0.008172	0.147284	0.013342
6	0.466667	0.006129	0.145468	0.006625
8	0.214286	0.008172	0.148423	0.030589
8	0.392857	0.008172	0.138179	0.001513
10	0.400000	0.010215	0.142878	0.010420
10	0.422222	0.010215	0.137230	0.004301
9	0.305556	0.009193	0.131462	0.003811
4	0.833333	0.004086	0.126209	0.000073
7	0.571429	0.007150	0.128242	0.000274
9	0.361111	0.009193	0.134941	0.005148
6	0.466667	0.006129	0.134830	0.001794
5	0.100000	0.005107	0.134663	0.012698
3	1.000000	0.003064	0.085734	0.000000
4	0.833333	0.004086	0.085975	0.000005
7	0.523810	0.007150	0.086301	0.000112
11	0.381818	0.011236	0.094017	0.006954
7	0.523810	0.007150	0.093541	0.003635
5	0.800000	0.005107	0.095141	0.000197
8	0.571429	0.008172	0.102771	0.005129
10	0.422222	0.010215	0.102988	0.012392
8	0.571429	0.008172	0.104583	0.002293
7	0.571429	0.007150	0.111035	0.006888
7	0.571429	0.007150	0.111643	0.002602
4	0.500000	0.004086	0.112001	0.001600
5	0.400000	0.005107	0.115285	0.007671
7	0.285714	0.007150	0.123300	0.005370
8	0.392857	0.008172	0.117231	0.008683
9	0.444444	0.009193	0.118782	0.002200
9	0.472222	0.009193	0.114947	0.002058
6	0.800000	0.006129	0.111784	0.000268
5	0.800000	0.005107	0.104083	0.000082
8	0.607143	0.008172	0.112168	0.001764
8	0.500000	0.008172	0.112957	0.005481
5	0.500000	0.005107	0.103741	0.001291
4	0.500000	0.004086	0.105804	0.002813
4	0.500000	0.004086	0.100990	0.001074
5	0.500000	0.005107	0.104594	0.002378
8	0.464286	0.008172	0.106344	0.002393
8	0.464286	0.008172	0.107903	0.003591
7	0.523810	0.007150	0.107135	0.001311
8	0.428571	0.008172	0.115954	0.010572
5	0.700000	0.005107	0.115082	0.005057
6	0.600000	0.006129	0.105235	0.001779
7	0.476190	0.007150	0.105009	0.005335
6	0.600000	0.006129	0.095980	0.001265
9	0.416667	0.009193	0.096245	0.002227
5	0.900000	0.005107	0.088445	0.000001
5	0.900000	0.005107	0.088445	0.000001
9	0.472222	0.009193	0.096301	0.001432
9	0.472222	0.009193	0.089990	0.000344
7	0.666667	0.007150	0.092656	0.000158
7	0.666667	0.007150	0.092752	0.000361
8	0.642857	0.008172	0.097792	0.001309
10	0.488889	0.010215	0.101461	0.001984
11	0.454545	0.011236	0.107182	0.004000
10	0.466667	0.010215	0.111010	0.003578
9	0.527778	0.009193	0.117105	0.005316
10	0.488889	0.010215	0.122452	0.009953
11	0.490909	0.011236	0.122913	0.005510
15	0.400000	0.015322	0.123238	0.021021
9	0.583333	0.009193	0.119521	0.002780
8	0.642857	0.008172	0.110922	0.000845
13	0.423077	0.013279	0.111288	0.008332
8	0.678571	0.008172	0.100845	0.000214
8	0.678571	0.008172	0.100855	0.000750
7	0.714286	0.007150	0.097335	0.000239
6	0.800000	0.006129	0.092228	0.000002
8	0.607143	0.008172	0.092489	0.000125
8	0.642857	0.008172	0.092481	0.000121
12	0.500000	0.012257	0.097929	0.001470
17	0.382353	0.017365	0.101493	0.006751
13	0.461538	0.013279	0.107323	0.006767
12	0.484848	0.012257	0.111250	0.006738
13	0.461538	0.013279	0.118523	0.012103
13	0.448718	0.013279	0.118580	0.006470
12	0.454545	0.012257	0.129292	0.034648
8	0.571429	0.008172	0.128765	0.009665
9	0.388889	0.009193	0.140318	0.041026
10	0.466667	0.010215	0.135483	0.066686
12	0.378788	0.012257	0.128579	0.042863
12	0.454545	0.012257	0.122836	0.026505
14	0.384615	0.014300	0.116896	0.015348
12	0.409091	0.012257	0.113114	0.014455
12	0.454545	0.012257	0.107926	0.006763
11	0.472727	0.011236	0.106021	0.006401
11	0.436364	0.011236	0.099603	0.004363
9	0.555556	0.009193	0.096625	0.003987
11	0.454545	0.011236	0.091019	0.002637
8	0.571429	0.008172	0.088847	0.001384
4	0.833333	0.004086	0.085012	0.000018
4	0.833333	0.004086	0.084121	0.000001
9	0.555556	0.009193	0.088871	0.001429
7	0.666667	0.007150	0.088573	0.000614
11	0.436364	0.011236	0.092796	0.001769
11	0.490909	0.011236	0.089586	0.000735
9	0.555556	0.009193	0.090272	0.000124
6	0.800000	0.006129	0.093532	0.000099
10	0.466667	0.010215	0.097355	0.002694
16	0.400000	0.016343	0.094352	0.002251
10	0.533333	0.010215	0.094920	0.000887
8	0.642857	0.008172	0.101990	0.002823
10	0.444444	0.010215	0.102912	0.002795
12	0.469697	0.012257	0.102224	0.001725
7	0.571429	0.007150	0.103445	0.001779
9	0.444444	0.009193	0.112155	0.009071
10	0.400000	0.010215	0.110434	0.003133
10	0.444444	0.010215	0.113245	0.002715
10	0.466667	0.010215	0.121570	0.005481
13	0.448718	0.013279	0.119697	0.007860
15	0.400000	0.015322	0.126160	0.031813
13	0.448718	0.013279	0.118037	0.008326
12	0.469697	0.012257	0.118023	0.013237
11	0.490909	0.011236	0.107194	0.002178
12	0.484848	0.012257	0.107170	0.004612
12	0.484848	0.012257	0.101598	0.001627
12	0.484848	0.012257	0.101168	0.001462
14	0.406593	0.014300	0.098640	0.003287
10	0.511111	0.010215	0.098185	0.001117
9	0.527778	0.009193	0.096644	0.000628
8	0.535714	0.008172	0.096226	0.000202
5	0.700000	0.005107	0.095215	0.000017
4	0.666667	0.004086	0.095289	0.000010
7	0.523810	0.007150	0.095512	0.000039
8	0.392857	0.008172	0.105020	0.002432
6	0.666667	0.006129	0.104271	0.000395
4	0.833333	0.004086	0.104149	0.000001
11	0.472727	0.011236	0.116037	0.006226
8	0.607143	0.008172	0.115055	0.002451
8	0.607143	0.008172	0.115299	0.008578
9	0.500000	0.009193	0.105054	0.001096
10	0.400000	0.010215	0.104583	0.003408
11	0.418182	0.011236	0.105655	0.006936
11	0.454545	0.011236	0.105861	0.004339
11	0.490909	0.011236	0.103445	0.002596
11	0.490909	0.011236	0.098989	0.001121
12	0.454545	0.012257	0.101862	0.001874
8	0.535714	0.008172	0.098204	0.001965
9	0.555556	0.009193	0.103412	0.000922
13	0.371795	0.013279	0.107453	0.007166
12	0.469697	0.012257	0.113350	0.014877
12	0.469697	0.012257	0.114409	0.005083
11	0.418182	0.011236	0.123362	0.030404
10	0.555556	0.010215	0.123596	0.005253
9	0.527778	0.009193	0.117063	0.002303
11	0.418182	0.011236	0.120064	0.003979
7	0.476190	0.007150	0.111631	0.001565
5	0.700000	0.005107	0.108887	0.000205
6	0.466667	0.006129	0.109178	0.001258
7	0.333333	0.007150	0.118237	0.005947
4	0.666667	0.004086	0.112309	0.000793
10	0.333333	0.010215	0.122375	0.006877
7	0.571429	0.007150	0.114879	0.001793
9	0.500000	0.009193	0.125080	0.003943
6	0.800000	0.006129	0.117824	0.000363
11	0.436364	0.011236	0.118681	0.005086
11	0.436364	0.011236	0.122574	0.004346
10	0.400000	0.010215	0.127557	0.010021
10	0.444444	0.010215	0.117049	0.003333
9	0.444444	0.009193	0.120745	0.009875
8	0.571429	0.008172	0.113389	0.001999
6	0.800000	0.006129	0.108093	0.000532
8	0.642857	0.008172	0.108814	0.001372
12	0.454545	0.012257	0.109459	0.003632
8	0.642857	0.008172	0.103598	0.000095
6	0.800000	0.006129	0.098719	0.000002
6	0.800000	0.006129	0.100782	0.000015
6	0.733333	0.006129	0.101884	0.000099
7	0.571429	0.007150	0.107559	0.001524
6	0.600000	0.006129	0.109729	0.001115
9	0.416667	0.009193	0.111860	0.001718
9	0.416667	0.009193	0.117697	0.002843
6	0.666667	0.006129	0.112931	0.000775
6	0.800000	0.006129	0.119071	0.000582
6	0.800000	0.006129	0.120656	0.000469
8	0.642857	0.008172	0.123145	0.001680
11	0.454545	0.011236	0.125256	0.004867
8	0.571429	0.008172	0.132172	0.007415
8	0.500000	0.008172	0.126813	0.004513
9	0.500000	0.009193	0.128748	0.003080
10	0.422222	0.010215	0.138375	0.016331
11	0.418182	0.011236	0.135352	0.008610
10	0.400000	0.010215	0.135296	0.012947
10	0.444444	0.010215	0.130708	0.004439
9	0.527778	0.009193	0.136713	0.004338
11	0.418182	0.011236	0.136465	0.007265
11	0.436364	0.011236	0.134294	0.006791
10	0.511111	0.010215	0.134997	0.016298
11	0.436364	0.011236	0.138865	0.019589
9	0.583333	0.009193	0.139697	0.004671
12	0.469697	0.012257	0.143907	0.028348
13	0.410256	0.013279	0.143359	0.055147
11	0.454545	0.011236	0.148649	0.028244
9	0.555556	0.009193	0.148199	0.015869
9	0.527778	0.009193	0.153737	0.027772
11	0.400000	0.011236	0.148852	0.031230
12	0.409091	0.012257	0.154954	0.054490
11	0.400000	0.011236	0.153328	0.024000
9	0.527778	0.009193	0.146207	0.004631
10	0.488889	0.010215	0.148401	0.016674
9	0.527778	0.009193	0.151783	0.007213
8	0.642857	0.008172	0.146119	0.003952
9	0.555556	0.009193	0.140499	0.002068
10	0.511111	0.010215	0.143548	0.008756
8	0.642857	0.008172	0.144161	0.003579
8	0.642857	0.008172	0.140439	0.002019
10	0.466667	0.010215	0.138570	0.004112
10	0.533333	0.010215	0.142297	0.005300
9	0.583333	0.009193	0.144481	0.009278
7	0.761905	0.007150	0.138160	0.000352
6	0.866667	0.006129	0.136218	0.000146
7	0.666667	0.007150	0.145555	0.002547
10	0.488889	0.010215	0.150847	0.006270
10	0.422222	0.010215	0.154563	0.033771
8	0.571429	0.008172	0.155151	0.009639
8	0.500000	0.008172	0.156041	0.011908
6	0.333333	0.006129	0.159811	0.027579
8	0.250000	0.008172	0.156041	0.018469
8	0.321429	0.008172	0.150476	0.018468
7	0.571429	0.007150	0.145555	0.003883
9	0.555556	0.009193	0.138964	0.002709
12	0.424242	0.012257	0.139558	0.010101
10	0.444444	0.010215	0.129360	0.004613
8	0.500000	0.008172	0.128175	0.004817
9	0.388889	0.009193	0.131128	0.008503
6	0.466667	0.006129	0.122314	0.001542
5	0.400000	0.005107	0.120924	0.007205
6	0.466667	0.006129	0.124523	0.002234
4	0.666667	0.004086	0.120790	0.001315
8	0.535714	0.008172	0.132638	0.002869
9	0.472222	0.009193	0.133542	0.003925
11	0.400000	0.011236	0.136351	0.004834
10	0.422222	0.010215	0.132512	0.005001
10	0.533333	0.010215	0.131852	0.002737
12	0.469697	0.012257	0.132119	0.006269
11	0.472727	0.011236	0.125674	0.002784
8	0.607143	0.008172	0.125529	0.000979
5	0.600000	0.005107	0.121389	0.001362
5	0.900000	0.005107	0.118151	0.000019
6	0.800000	0.006129	0.120939	0.000146
9	0.555556	0.009193	0.124003	0.001634
12	0.454545	0.012257	0.130900	0.004782
13	0.448718	0.013279	0.134719	0.006594
12	0.424242	0.012257	0.140762	0.009317
12	0.409091	0.012257	0.149283	0.014291
10	0.466667	0.010215	0.146229	0.006720
6	0.666667	0.006129	0.145771	0.001989
11	0.290909	0.011236	0.156816	0.042005
6	0.666667	0.006129	0.141454	0.001810
7	0.619048	0.007150	0.142941	0.005951
8	0.571429	0.008172	0.149466	0.008444
10	0.444444	0.010215	0.148988	0.022017
9	0.527778	0.009193	0.144374	0.005260
11	0.454545	0.011236	0.141168	0.006793
10	0.555556	0.010215	0.141372	0.006802
14	0.351648	0.014300	0.145902	0.032919
13	0.371795	0.013279	0.137848	0.014670
10	0.533333	0.010215	0.136237	0.005424
9	0.444444	0.009193	0.137096	0.017238
8	0.571429	0.008172	0.142379	0.005806
7	0.619048	0.007150	0.143108	0.004897
11	0.418182	0.011236	0.151759	0.020911
13	0.358974	0.013279	0.154832	0.020896
12	0.439394	0.012257	0.158184	0.022833
10	0.444444	0.010215	0.160808	0.019516
8	0.607143	0.008172	0.156240	0.003433
8	0.500000	0.008172	0.162059	0.030177
8	0.642857	0.008172	0.152659	0.001675
12	0.409091	0.012257	0.158389	0.032849
11	0.400000	0.011236	0.148423	0.012451
10	0.466667	0.010215	0.142649	0.008073
9	0.416667	0.009193	0.134570	0.003566
6	0.533333	0.006129	0.128091	0.001401
5	0.500000	0.005107	0.124239	0.000432
6	0.466667	0.006129	0.125224	0.000831
7	0.428571	0.007150	0.124302	0.001323
5	0.700000	0.005107	0.122820	0.000146
7	0.523810	0.007150	0.129446	0.001377
7	0.428571	0.007150	0.135314	0.002122
8	0.392857	0.008172	0.132620	0.003454
8	0.428571	0.008172	0.140338	0.002202
10	0.355556	0.010215	0.143254	0.009514
11	0.363636	0.011236	0.151971	0.027367
10	0.444444	0.010215	0.154514	0.017469
12	0.409091	0.012257	0.162032	0.039120
12	0.469697	0.012257	0.160571	0.018015
12	0.469697	0.012257	0.162760	0.043398
11	0.418182	0.011236	0.158184	0.022212
10	0.488889	0.010215	0.157370	0.021423
13	0.346154	0.013279	0.150084	0.025387
12	0.439394	0.012257	0.149969	0.022216
12	0.409091	0.012257	0.143738	0.026349
11	0.454545	0.011236	0.135934	0.009723
5	0.600000	0.005107	0.127341	0.001189
8	0.428571	0.008172	0.122728	0.003281
12	0.348485	0.012257	0.125400	0.011513
11	0.381818	0.011236	0.130342	0.006250
6	0.733333	0.006129	0.125080	0.000253
8	0.607143	0.008172	0.129003	0.005070
12	0.393939	0.012257	0.140238	0.014580
8	0.642857	0.008172	0.128495	0.001838
8	0.642857	0.008172	0.127574	0.001133
8	0.642857	0.008172	0.132620	0.007669
8	0.642857	0.008172	0.132602	0.006495
8	0.642857	0.008172	0.127159	0.001778
8	0.642857	0.008172	0.126225	0.001207
11	0.418182	0.011236	0.137635	0.012536
8	0.642857	0.008172	0.133034	0.004476
8	0.642857	0.008172	0.129343	0.001478
9	0.527778	0.009193	0.131551	0.003046
11	0.418182	0.011236	0.138472	0.009729
8	0.642857	0.008172	0.131675	0.003490
8	0.642857	0.008172	0.129156	0.001231
8	0.642857	0.008172	0.128427	0.001116
11	0.436364	0.011236	0.133688	0.004998
9	0.583333	0.009193	0.130847	0.005351
7	0.761905	0.007150	0.123642	0.000048
6	0.866667	0.006129	0.123021	0.000018
9	0.500000	0.009193	0.132674	0.002204
9	0.555556	0.009193	0.126584	0.001455
6	0.800000	0.006129	0.122528	0.000013
10	0.511111	0.010215	0.134533	0.002365
11	0.436364	0.011236	0.137326	0.012594
8	0.642857	0.008172	0.123005	0.000526
9	0.555556	0.009193	0.130013	0.001459
12	0.409091	0.012257	0.136294	0.017264
9	0.527778	0.009193	0.123830	0.001697
8	0.571429	0.008172	0.122039	0.000821
10	0.400000	0.010215	0.125787	0.009485
9	0.416667	0.009193	0.127673	0.011470
6	0.600000	0.006129	0.120005	0.002479
7	0.333333	0.007150	0.122559	0.003654
4	0.500000	0.004086	0.116023	0.001765
4	0.500000	0.004086	0.112788	0.001776
6	0.333333	0.006129	0.122944	0.008867
7	0.571429	0.007150	0.112271	0.002463
10	0.400000	0.010215	0.115516	0.005361
10	0.400000	0.010215	0.106148	0.001250
4	0.833333	0.004086	0.103631	0.000220
4	0.833333	0.004086	0.096825	0.000002
6	0.666667	0.006129	0.105735	0.000355
5	0.600000	0.005107	0.102944	0.000753
7	0.428571	0.007150	0.112892	0.001944
8	0.357143	0.008172	0.113917	0.003721
8	0.571429	0.008172	0.116354	0.001943
9	0.555556	0.009193	0.113520	0.001023
10	0.533333	0.010215	0.114182	0.002825
10	0.533333	0.010215	0.114142	0.006356
7	0.619048	0.007150	0.103031	0.000946
8	0.642857	0.008172	0.103074	0.000385
11	0.472727	0.011236	0.111720	0.009392
10	0.466667	0.010215	0.103042	0.003524
8	0.642857	0.008172	0.100699	0.000441
9	0.555556	0.009193	0.103423	0.002834
11	0.490909	0.011236	0.103456	0.008355
10	0.555556	0.010215	0.095933	0.000281
7	0.761905	0.007150	0.093873	0.000005
6	0.866667	0.006129	0.093855	0.000001
6	0.866667	0.006129	0.093891	0.000002
7	0.714286	0.007150	0.093981	0.000063
6	0.600000	0.006129	0.094966	0.000300
7	0.428571	0.007150	0.093774	0.000208
5	0.600000	0.005107	0.094901	0.000469
6	0.466667	0.006129	0.095113	0.000163
5	0.400000	0.005107	0.100359	0.002679
6	0.466667	0.006129	0.101230	0.001350
5	0.300000	0.005107	0.103554	0.002431
6	0.533333	0.006129	0.108034	0.003507
6	0.666667	0.006129	0.107938	0.001215
6	0.800000	0.006129	0.105518	0.000018
6	0.800000	0.006129	0.105496	0.000019
8	0.642857	0.008172	0.105895	0.000129
11	0.509091	0.011236	0.116923	0.009769
10	0.577778	0.010215	0.116437	0.002970
9	0.638889	0.009193	0.110534	0.000342
12	0.393939	0.012257	0.111529	0.011177
12	0.469697	0.012257	0.123269	0.012000
9	0.611111	0.009193	0.110497	0.000721
8	0.642857	0.008172	0.110422	0.000628
10	0.555556	0.010215	0.110621	0.000989
10	0.533333	0.010215	0.110747	0.001188
7	0.761905	0.007150	0.100586	0.000016
6	0.866667	0.006129	0.100534	0.000006
8	0.535714	0.008172	0.103346	0.000499
10	0.533333	0.010215	0.108129	0.001150
10	0.466667	0.010215	0.111389	0.001417
11	0.381818	0.011236	0.120344	0.005044
11	0.436364	0.011236	0.123627	0.005591
11	0.400000	0.011236	0.123705	0.007631
11	0.490909	0.011236	0.123830	0.005527
12	0.454545	0.012257	0.124097	0.015353
11	0.527273	0.011236	0.123720	0.005174
11	0.490909	0.011236	0.120999	0.005665
12	0.424242	0.012257	0.121314	0.007162
10	0.444444	0.010215	0.110734	0.005100
11	0.490909	0.011236	0.115244	0.002518
5	0.800000	0.005107	0.105156	0.000030
6	0.466667	0.006129	0.104975	0.002816
8	0.464286	0.008172	0.116009	0.004362
5	0.600000	0.005107	0.114960	0.001947
7	0.476190	0.007150	0.116882	0.005047
9	0.416667	0.009193	0.120477	0.006191
14	0.351648	0.014300	0.127673	0.014947
11	0.436364	0.011236	0.128208	0.008713
10	0.577778	0.010215	0.115612	0.001258
11	0.490909	0.011236	0.116868	0.005488
8	0.464286	0.008172	0.108838	0.001133
5	0.700000	0.005107	0.106936	0.000201
6	0.733333	0.006129	0.105632	0.000073
9	0.638889	0.009193	0.108273	0.000367
9	0.611111	0.009193	0.108069	0.000508
11	0.563636	0.011236	0.115204	0.001815
13	0.500000	0.013279	0.118998	0.004644
12	0.484848	0.012257	0.127757	0.008901
11	0.472727	0.011236	0.131321	0.011852
12	0.439394	0.012257	0.132440	0.017112
11	0.454545	0.011236	0.135483	0.011797
12	0.469697	0.012257	0.134979	0.017196
13	0.448718	0.013279	0.134589	0.015406
12	0.424242	0.012257	0.134570	0.023262
8	0.571429	0.008172	0.128986	0.010300
13	0.435897	0.013279	0.123424	0.013761
9	0.555556	0.009193	0.130221	0.014934
8	0.642857	0.008172	0.134183	0.003237
11	0.381818	0.011236	0.146425	0.032094
11	0.472727	0.011236	0.146997	0.026281
10	0.488889	0.010215	0.143801	0.017864
11	0.472727	0.011236	0.142941	0.019230
12	0.439394	0.012257	0.139638	0.024517
12	0.424242	0.012257	0.136885	0.017725
10	0.466667	0.010215	0.131994	0.009324
9	0.444444	0.009193	0.125949	0.005700
10	0.355556	0.010215	0.130516	0.011854
7	0.619048	0.007150	0.119551	0.001263
9	0.444444	0.009193	0.122975	0.003993
6	0.800000	0.006129	0.110596	0.000066
8	0.607143	0.008172	0.115968	0.000742
11	0.472727	0.011236	0.119085	0.004526
9	0.555556	0.009193	0.111950	0.000648
8	0.642857	0.008172	0.108129	0.000201
10	0.511111	0.010215	0.112155	0.001181
13	0.435897	0.013279	0.117414	0.007635
10	0.577778	0.010215	0.111465	0.000566
7	0.761905	0.007150	0.109324	0.000193
7	0.714286	0.007150	0.112736	0.001031
6	0.866667	0.006129	0.110012	0.000015
8	0.571429	0.008172	0.117246	0.006562
8	0.535714	0.008172	0.115149	0.001532
10	0.422222	0.010215	0.117767	0.004657
6	0.800000	0.006129	0.115231	0.000128
7	0.714286	0.007150	0.116896	0.000629
7	0.619048	0.007150	0.123098	0.002271
9	0.444444	0.009193	0.125112	0.006917
11	0.454545	0.011236	0.125272	0.005743
10	0.533333	0.010215	0.125997	0.003738
9	0.472222	0.009193	0.131357	0.013901
8	0.500000	0.008172	0.132262	0.005322
10	0.466667	0.010215	0.128091	0.007891
8	0.607143	0.008172	0.128208	0.004485
10	0.422222	0.010215	0.131639	0.008438
11	0.400000	0.011236	0.127209	0.005842
9	0.472222	0.009193	0.121979	0.004745
10	0.377778	0.010215	0.125739	0.010678
12	0.439394	0.012257	0.127292	0.010762
10	0.400000	0.010215	0.135445	0.015421
11	0.363636	0.011236	0.136923	0.071279
10	0.377778	0.010215	0.136389	0.012662
12	0.424242	0.012257	0.141699	0.038670
14	0.417582	0.014300	0.143654	0.022054
11	0.454545	0.011236	0.149397	0.027373
11	0.472727	0.011236	0.151501	0.029245
11	0.472727	0.011236	0.155126	0.031163
10	0.511111	0.010215	0.156066	0.035226
12	0.424242	0.012257	0.158620	0.047974
11	0.400000	0.011236	0.158722	0.056114
12	0.393939	0.012257	0.156715	0.029713
10	0.444444	0.010215	0.148716	0.009855
9	0.555556	0.009193	0.148581	0.007713
11	0.436364	0.011236	0.150569	0.025938
14	0.428571	0.014300	0.143108	0.008164
11	0.418182	0.011236	0.138101	0.023581
8	0.464286	0.008172	0.137790	0.017834
9	0.388889	0.009193	0.137519	0.021638
8	0.535714	0.008172	0.130708	0.005039
10	0.466667	0.010215	0.134423	0.007744
7	0.619048	0.007150	0.129207	0.001014
8	0.535714	0.008172	0.127957	0.000227
13	0.384615	0.013279	0.144289	0.009304
6	0.600000	0.006129	0.135708	0.000625
7	0.714286	0.007150	0.133780	0.000550
12	0.333333	0.012257	0.148378	0.015337
8	0.464286	0.008172	0.145295	0.013167
5	0.500000	0.005107	0.144801	0.003967
9	0.222222	0.009193	0.146403	0.033350
9	0.333333	0.009193	0.143506	0.007265
9	0.444444	0.009193	0.143212	0.011372
9	0.444444	0.009193	0.134960	0.002634
9	0.305556	0.009193	0.131251	0.003969
4	0.833333	0.004086	0.125868	0.000098
7	0.523810	0.007150	0.130935	0.000895
9	0.333333	0.009193	0.137868	0.006155
6	0.400000	0.006129	0.131604	0.005229
6	0.266667	0.006129	0.136180	0.012314
