tdegree	cluster_coefficient	degrees_centrality	closenesses_centrality	betweennesses
2	1.000000	0.004950	0.123964	0.000000
5	0.700000	0.012376	0.138927	0.001783
6	0.666667	0.014851	0.141407	0.003212
7	0.619048	0.017327	0.142706	0.000683
8	0.500000	0.019802	0.161535	0.008036
4	0.500000	0.009901	0.149574	0.001327
5	0.500000	0.012376	0.166735	0.007084
4	0.666667	0.009901	0.162510	0.001997
7	0.523810	0.017327	0.179875	0.004838
8	0.500000	0.019802	0.190207	0.012348
10	0.422222	0.024752	0.205807	0.020055
11	0.418182	0.027228	0.219208	0.026726
12	0.393939	0.029703	0.227477	0.035406
13	0.435897	0.032178	0.227349	0.035705
12	0.469697	0.029703	0.227734	0.018515
12	0.484848	0.029703	0.220163	0.017947
14	0.362637	0.034653	0.224694	0.032249
13	0.397436	0.032178	0.219685	0.026253
12	0.393939	0.029703	0.209979	0.030549
8	0.571429	0.019802	0.197942	0.001676
6	0.533333	0.014851	0.198623	0.005645
10	0.488889	0.024752	0.197169	0.008305
10	0.422222	0.024752	0.191107	0.010998
13	0.358974	0.032178	0.210966	0.042614
9	0.472222	0.022277	0.190566	0.007326
11	0.472727	0.027228	0.185662	0.019890
10	0.511111	0.024752	0.186004	0.007801
9	0.555556	0.022277	0.191378	0.015559
12	0.424242	0.029703	0.177271	0.007618
11	0.472727	0.027228	0.179157	0.009686
9	0.527778	0.022277	0.178840	0.008114
13	0.435897	0.032178	0.187558	0.021213
13	0.371795	0.032178	0.169250	0.015859
11	0.381818	0.027228	0.168123	0.013533
12	0.454545	0.029703	0.178682	0.019236
13	0.461538	0.032178	0.176728	0.015988
11	0.400000	0.027228	0.157812	0.013794
7	0.619048	0.017327	0.156045	0.003244
9	0.527778	0.022277	0.163695	0.003341
6	0.733333	0.014851	0.153204	0.000110
5	0.800000	0.012376	0.153321	0.000034
11	0.454545	0.027228	0.174968	0.006231
7	0.619048	0.017327	0.174514	0.001794
7	0.571429	0.017327	0.163961	0.000844
10	0.355556	0.024752	0.181166	0.017555
7	0.571429	0.017327	0.163828	0.001014
9	0.500000	0.022277	0.175119	0.007746
6	0.800000	0.014851	0.158059	0.000253
7	0.714286	0.017327	0.167288	0.002251
9	0.444444	0.022277	0.177115	0.008773
10	0.422222	0.024752	0.173242	0.012908
8	0.535714	0.019802	0.156226	0.002516
6	0.800000	0.014851	0.148475	0.000292
6	0.800000	0.014851	0.146909	0.000119
6	0.800000	0.014851	0.144596	0.000010
12	0.454545	0.029703	0.168614	0.017407
10	0.555556	0.024752	0.148693	0.001135
6	0.800000	0.014851	0.144596	0.000010
6	0.800000	0.014851	0.144596	0.000010
6	0.733333	0.014851	0.164228	0.003287
7	0.619048	0.017327	0.168263	0.003045
10	0.400000	0.024752	0.195263	0.035484
7	0.476190	0.017327	0.187037	0.009456
7	0.666667	0.017327	0.198721	0.001871
12	0.454545	0.029703	0.208355	0.017223
8	0.464286	0.019802	0.196021	0.007991
8	0.607143	0.019802	0.206122	0.006455
8	0.464286	0.019802	0.203835	0.018321
8	0.535714	0.019802	0.193579	0.005823
12	0.378788	0.029703	0.196117	0.055212
10	0.444444	0.024752	0.184139	0.008492
9	0.388889	0.022277	0.183054	0.012927
4	0.833333	0.009901	0.171114	0.000007
6	0.533333	0.014851	0.177661	0.001848
11	0.418182	0.027228	0.196689	0.015833
11	0.454545	0.027228	0.200099	0.013615
11	0.472727	0.027228	0.207605	0.013848
12	0.393939	0.029703	0.221613	0.097775
10	0.511111	0.024752	0.210856	0.006126
12	0.439394	0.029703	0.222958	0.021556
13	0.371795	0.032178	0.213983	0.020283
15	0.380952	0.037129	0.223081	0.036109
14	0.395604	0.034653	0.212632	0.013970
14	0.362637	0.034653	0.218733	0.036948
9	0.555556	0.022277	0.202709	0.003341
7	0.571429	0.017327	0.201496	0.016446
5	0.700000	0.012376	0.190028	0.003612
10	0.488889	0.024752	0.201095	0.007321
10	0.533333	0.024752	0.210746	0.008341
6	0.800000	0.014851	0.205389	0.001366
11	0.509091	0.027228	0.217438	0.016002
12	0.484848	0.029703	0.221978	0.024854
12	0.393939	0.029703	0.228249	0.044836
11	0.418182	0.027228	0.231519	0.042351
11	0.454545	0.027228	0.229285	0.029444
11	0.509091	0.027228	0.229937	0.013688
11	0.472727	0.027228	0.232051	0.022015
9	0.361111	0.022277	0.233256	0.044146
12	0.439394	0.029703	0.234611	0.021122
12	0.363636	0.029703	0.232719	0.044449
12	0.484848	0.029703	0.229285	0.019771
13	0.448718	0.032178	0.233391	0.034787
12	0.484848	0.029703	0.218852	0.027347
11	0.527273	0.027228	0.211851	0.012305
14	0.428571	0.034653	0.204661	0.023018
14	0.351648	0.034653	0.200397	0.040518
11	0.472727	0.027228	0.181982	0.008540
12	0.378788	0.029703	0.175423	0.020860
8	0.535714	0.019802	0.164294	0.003282
6	0.600000	0.014851	0.173391	0.002871
8	0.500000	0.019802	0.177038	0.004392
10	0.333333	0.024752	0.187645	0.029759
8	0.535714	0.019802	0.188257	0.006218
8	0.535714	0.019802	0.197845	0.056173
12	0.424242	0.029703	0.207392	0.013311
11	0.490909	0.027228	0.206122	0.018318
10	0.466667	0.024752	0.197748	0.017409
8	0.642857	0.019802	0.206122	0.005265
10	0.466667	0.024752	0.218260	0.029057
10	0.444444	0.024752	0.209218	0.031147
9	0.527778	0.022277	0.208570	0.019882
10	0.466667	0.024752	0.221734	0.042046
11	0.509091	0.027228	0.225195	0.020551
9	0.583333	0.022277	0.210966	0.005101
11	0.436364	0.027228	0.217321	0.062059
13	0.397436	0.032178	0.227477	0.043860
9	0.583333	0.022277	0.220886	0.004802
13	0.423077	0.032178	0.231917	0.064631
7	0.523810	0.017327	0.213757	0.003841
8	0.607143	0.019802	0.219804	0.014829
10	0.444444	0.024752	0.205807	0.016326
12	0.363636	0.029703	0.206861	0.033538
12	0.469697	0.029703	0.198721	0.014247
12	0.484848	0.029703	0.199113	0.020161
13	0.474359	0.032178	0.185236	0.012007
14	0.439560	0.034653	0.186261	0.022130
11	0.472727	0.027228	0.165370	0.007894
11	0.490909	0.027228	0.163695	0.006909
5	0.700000	0.012376	0.143670	0.000624
6	0.600000	0.014851	0.147070	0.001602
8	0.392857	0.019802	0.152626	0.007261
4	0.666667	0.009901	0.134219	0.000072
6	0.600000	0.014851	0.137931	0.000339
7	0.571429	0.017327	0.138120	0.000619
6	0.800000	0.014851	0.136164	0.000035
7	0.714286	0.017327	0.143466	0.001620
9	0.527778	0.022277	0.156650	0.008058
8	0.642857	0.019802	0.150859	0.002085
8	0.642857	0.019802	0.150746	0.001497
11	0.418182	0.027228	0.166461	0.016150
9	0.500000	0.022277	0.166050	0.012616
8	0.642857	0.019802	0.155027	0.000943
9	0.555556	0.022277	0.162838	0.003671
9	0.555556	0.022277	0.170897	0.004580
10	0.511111	0.024752	0.167080	0.003150
9	0.611111	0.022277	0.164361	0.001369
10	0.488889	0.024752	0.173168	0.006824
12	0.484848	0.029703	0.180680	0.018612
10	0.622222	0.024752	0.165033	0.000684
7	0.761905	0.017327	0.158743	0.000121
8	0.535714	0.019802	0.179476	0.010738
6	0.866667	0.014851	0.161600	0.000172
7	0.761905	0.017327	0.161665	0.000337
8	0.535714	0.019802	0.169392	0.004370
10	0.488889	0.024752	0.173391	0.006197
5	0.700000	0.012376	0.161600	0.000523
5	0.700000	0.012376	0.163961	0.001120
9	0.416667	0.022277	0.183803	0.017501
7	0.476190	0.017327	0.184391	0.004983
9	0.472222	0.022277	0.184223	0.017400
10	0.422222	0.024752	0.176496	0.010134
9	0.555556	0.022277	0.175882	0.005858
12	0.424242	0.029703	0.178445	0.016443
11	0.418182	0.027228	0.164629	0.008631
12	0.393939	0.029703	0.176188	0.015168
8	0.571429	0.019802	0.164696	0.003253
8	0.607143	0.019802	0.154789	0.001475
12	0.393939	0.029703	0.164831	0.006899
12	0.424242	0.029703	0.169392	0.015859
8	0.642857	0.019802	0.148148	0.001248
9	0.527778	0.022277	0.149023	0.002674
11	0.418182	0.027228	0.156468	0.007739
7	0.714286	0.017327	0.146430	0.001032
6	0.800000	0.014851	0.136486	0.000029
7	0.619048	0.017327	0.136671	0.000365
8	0.500000	0.019802	0.147391	0.003254
5	0.700000	0.012376	0.137509	0.000280
9	0.388889	0.022277	0.145115	0.003265
7	0.428571	0.017327	0.139503	0.003687
8	0.500000	0.019802	0.141705	0.002290
6	0.666667	0.014851	0.137931	0.000359
6	0.666667	0.014851	0.134622	0.000219
8	0.571429	0.019802	0.142807	0.001596
7	0.619048	0.017327	0.144389	0.002417
10	0.444444	0.024752	0.158245	0.006232
11	0.400000	0.027228	0.156226	0.006627
10	0.533333	0.024752	0.153204	0.004063
11	0.454545	0.027228	0.162641	0.009234
12	0.363636	0.029703	0.170320	0.015691
9	0.555556	0.022277	0.160892	0.005965
9	0.555556	0.022277	0.172135	0.006229
9	0.555556	0.022277	0.175652	0.005048
9	0.500000	0.022277	0.178919	0.015330
8	0.642857	0.019802	0.172135	0.003703
10	0.444444	0.024752	0.186864	0.012561
9	0.527778	0.022277	0.191742	0.010009
10	0.422222	0.024752	0.190926	0.013904
7	0.714286	0.017327	0.182723	0.001696
6	0.800000	0.014851	0.181655	0.000371
10	0.333333	0.024752	0.209761	0.026193
6	0.533333	0.014851	0.186261	0.003806
7	0.285714	0.017327	0.191833	0.007913
5	0.300000	0.012376	0.200895	0.009876
4	0.500000	0.009901	0.182558	0.002996
7	0.428571	0.017327	0.190207	0.007746
9	0.555556	0.022277	0.180923	0.003869
9	0.638889	0.022277	0.172429	0.000761
6	0.866667	0.014851	0.164294	0.000135
7	0.761905	0.017327	0.164361	0.000196
9	0.527778	0.022277	0.174968	0.004394
11	0.454545	0.027228	0.182146	0.006405
12	0.500000	0.029703	0.198917	0.016645
12	0.469697	0.029703	0.205180	0.020265
14	0.373626	0.034653	0.218025	0.068003
14	0.417582	0.034653	0.215008	0.030975
11	0.472727	0.027228	0.218378	0.037196
9	0.583333	0.022277	0.199015	0.004388
12	0.409091	0.029703	0.195831	0.020151
8	0.607143	0.019802	0.170536	0.001633
8	0.607143	0.019802	0.167219	0.004231
8	0.607143	0.019802	0.154612	0.002482
5	0.800000	0.012376	0.145428	0.000130
4	1.000000	0.009901	0.136119	0.000000
5	0.800000	0.012376	0.147985	0.000277
10	0.466667	0.024752	0.157198	0.004773
13	0.397436	0.032178	0.173093	0.009510
12	0.484848	0.029703	0.181410	0.011747
13	0.448718	0.032178	0.201396	0.029698
12	0.454545	0.029703	0.211076	0.026938
13	0.410256	0.032178	0.224444	0.044859
12	0.439394	0.029703	0.224071	0.028222
14	0.450549	0.034653	0.214437	0.031730
11	0.527273	0.027228	0.206017	0.013702
15	0.447619	0.037129	0.188170	0.009662
14	0.472527	0.034653	0.184812	0.005240
10	0.533333	0.024752	0.172797	0.002381
9	0.472222	0.022277	0.171842	0.005204
9	0.472222	0.022277	0.158993	0.002964
9	0.472222	0.022277	0.157260	0.001429
7	0.619048	0.017327	0.149188	0.000496
8	0.535714	0.019802	0.160764	0.002787
10	0.511111	0.024752	0.156286	0.003022
12	0.454545	0.029703	0.167844	0.009668
12	0.484848	0.029703	0.168614	0.006258
12	0.439394	0.029703	0.172135	0.010390
16	0.341667	0.039604	0.172945	0.015986
12	0.469697	0.029703	0.173019	0.008170
9	0.472222	0.022277	0.181329	0.011196
8	0.500000	0.019802	0.162575	0.003807
4	0.666667	0.009901	0.155804	0.000863
4	0.666667	0.009901	0.143926	0.000101
9	0.472222	0.022277	0.152857	0.002527
7	0.571429	0.017327	0.152453	0.002645
8	0.607143	0.019802	0.151198	0.001691
11	0.436364	0.027228	0.159937	0.005046
10	0.533333	0.024752	0.158618	0.002298
13	0.435897	0.032178	0.165438	0.006619
10	0.533333	0.024752	0.160445	0.002850
7	0.666667	0.017327	0.159937	0.000684
14	0.351648	0.034653	0.174968	0.012732
11	0.472727	0.027228	0.172797	0.005860
12	0.439394	0.029703	0.186004	0.025286
6	0.666667	0.014851	0.181818	0.005754
5	0.900000	0.012376	0.158369	0.000005
10	0.533333	0.024752	0.159432	0.006501
11	0.454545	0.027228	0.160764	0.007423
10	0.466667	0.024752	0.162184	0.003321
5	0.600000	0.012376	0.153263	0.000339
9	0.527778	0.022277	0.169179	0.002316
11	0.400000	0.027228	0.177426	0.009916
11	0.490909	0.027228	0.192932	0.012403
13	0.474359	0.032178	0.195075	0.007864
11	0.363636	0.027228	0.212408	0.036097
10	0.466667	0.024752	0.203117	0.016199
11	0.418182	0.027228	0.216506	0.094042
13	0.410256	0.032178	0.202202	0.021755
11	0.490909	0.027228	0.200397	0.023485
12	0.469697	0.029703	0.183303	0.012158
12	0.469697	0.029703	0.181982	0.010851
13	0.423077	0.032178	0.174514	0.012257
9	0.527778	0.022277	0.160828	0.001473
5	0.700000	0.012376	0.153263	0.000109
9	0.444444	0.022277	0.162054	0.002229
7	0.571429	0.017327	0.160063	0.000784
9	0.500000	0.022277	0.170320	0.001486
5	0.800000	0.012376	0.159180	0.000049
6	0.733333	0.014851	0.160063	0.000140
10	0.400000	0.024752	0.183803	0.011874
9	0.444444	0.022277	0.184982	0.007358
10	0.511111	0.024752	0.202202	0.017021
11	0.436364	0.027228	0.206122	0.025017
14	0.362637	0.034653	0.195169	0.029632
12	0.454545	0.029703	0.193579	0.022594
12	0.484848	0.029703	0.190386	0.018292
14	0.395604	0.034653	0.182640	0.015021
11	0.436364	0.027228	0.174439	0.007408
8	0.571429	0.019802	0.161085	0.001468
5	0.700000	0.012376	0.155624	0.000407
7	0.571429	0.017327	0.161665	0.002687
8	0.500000	0.019802	0.165778	0.003586
7	0.523810	0.017327	0.155864	0.004002
10	0.533333	0.024752	0.162445	0.004699
9	0.472222	0.022277	0.162119	0.009321
11	0.418182	0.027228	0.163232	0.011424
11	0.454545	0.027228	0.156226	0.008858
12	0.454545	0.029703	0.168053	0.008329
13	0.461538	0.032178	0.162772	0.004960
12	0.469697	0.029703	0.169108	0.010462
12	0.469697	0.029703	0.169605	0.008686
11	0.490909	0.027228	0.175882	0.007801
11	0.472727	0.027228	0.178209	0.010984
12	0.424242	0.029703	0.177038	0.019695
13	0.461538	0.032178	0.175882	0.011159
11	0.563636	0.027228	0.168614	0.004308
9	0.722222	0.022277	0.161277	0.001709
5	1.000000	0.012376	0.158431	0.000000
6	0.933333	0.014851	0.160063	0.000019
11	0.490909	0.027228	0.186261	0.056019
12	0.530303	0.029703	0.173465	0.006355
10	0.577778	0.024752	0.173168	0.020646
7	0.714286	0.017327	0.151311	0.000227
6	0.666667	0.014851	0.151709	0.001401
9	0.527778	0.022277	0.152972	0.011789
8	0.500000	0.019802	0.147016	0.003027
9	0.416667	0.022277	0.145691	0.006136
7	0.571429	0.017327	0.141111	0.000722
7	0.619048	0.017327	0.146696	0.001351
8	0.500000	0.019802	0.154612	0.008540
8	0.607143	0.019802	0.161471	0.004774
10	0.488889	0.024752	0.174665	0.015109
11	0.490909	0.027228	0.185491	0.012805
12	0.469697	0.029703	0.196977	0.021372
11	0.490909	0.027228	0.208033	0.027100
10	0.488889	0.024752	0.213080	0.013353
9	0.416667	0.022277	0.226077	0.040708
13	0.358974	0.032178	0.228120	0.079861
9	0.472222	0.022277	0.202506	0.016625
9	0.527778	0.022277	0.200000	0.021052
10	0.466667	0.024752	0.183470	0.015424
10	0.533333	0.024752	0.180842	0.010732
12	0.469697	0.029703	0.174213	0.014402
11	0.472727	0.027228	0.164629	0.010259
12	0.439394	0.029703	0.154493	0.007400
9	0.527778	0.022277	0.145481	0.001984
10	0.377778	0.024752	0.141358	0.007904
7	0.523810	0.017327	0.136996	0.005155
4	0.833333	0.009901	0.124193	0.000016
4	0.666667	0.009901	0.123775	0.000026
6	0.533333	0.014851	0.132720	0.001180
6	0.466667	0.014851	0.133819	0.001956
7	0.571429	0.017327	0.142404	0.004206
8	0.535714	0.019802	0.143670	0.003974
9	0.500000	0.022277	0.154081	0.005837
13	0.435897	0.032178	0.160317	0.007339
8	0.607143	0.019802	0.161213	0.001157
8	0.535714	0.019802	0.154967	0.002258
8	0.607143	0.019802	0.156650	0.001090
7	0.619048	0.017327	0.157689	0.001500
8	0.607143	0.019802	0.156105	0.001211
11	0.436364	0.027228	0.152166	0.007494
12	0.439394	0.029703	0.153612	0.010828
11	0.490909	0.027228	0.156528	0.003269
10	0.511111	0.024752	0.160636	0.004045
11	0.454545	0.027228	0.164228	0.008850
8	0.571429	0.019802	0.162575	0.001721
9	0.500000	0.022277	0.169819	0.007050
11	0.472727	0.027228	0.164495	0.005503
11	0.509091	0.027228	0.175500	0.014130
11	0.436364	0.027228	0.175347	0.017064
7	0.476190	0.017327	0.172135	0.007344
7	0.523810	0.017327	0.172135	0.008490
8	0.571429	0.019802	0.164495	0.001189
7	0.666667	0.017327	0.180357	0.002227
8	0.535714	0.019802	0.185066	0.011307
10	0.444444	0.024752	0.206438	0.040900
13	0.384615	0.032178	0.215008	0.042021
13	0.371795	0.032178	0.214894	0.042906
12	0.469697	0.029703	0.197458	0.017253
12	0.454545	0.029703	0.191017	0.014217
9	0.555556	0.022277	0.183553	0.007470
4	1.000000	0.009901	0.170392	0.000000
7	0.476190	0.017327	0.184139	0.019008
8	0.607143	0.019802	0.177038	0.002717
11	0.490909	0.027228	0.192289	0.013699
12	0.439394	0.029703	0.189582	0.013805
11	0.490909	0.027228	0.187907	0.006451
11	0.436364	0.027228	0.200198	0.037696
11	0.472727	0.027228	0.191197	0.017220
11	0.472727	0.027228	0.185662	0.010008
14	0.428571	0.034653	0.183971	0.027661
9	0.583333	0.022277	0.162510	0.000491
8	0.678571	0.019802	0.159495	0.000789
10	0.511111	0.024752	0.164965	0.003242
6	0.800000	0.014851	0.146377	0.000037
6	0.666667	0.014851	0.152626	0.000687
