tdegree	cluster_coefficient	degrees_centrality	closenesses_centrality	betweennesses
5	0.800000	0.003274	0.094727	0.000004
5	0.800000	0.003274	0.097609	0.000111
9	0.527778	0.005894	0.101597	0.003382
10	0.488889	0.006549	0.103991	0.005716
11	0.490909	0.007204	0.105383	0.005609
11	0.490909	0.007204	0.102642	0.002544
12	0.454545	0.007859	0.105144	0.006933
15	0.438095	0.009823	0.100845	0.003031
9	0.583333	0.005894	0.099837	0.000719
11	0.545455	0.007204	0.099817	0.001391
8	0.714286	0.005239	0.092770	0.000025
8	0.642857	0.005239	0.093372	0.000050
14	0.428571	0.009168	0.098168	0.002712
11	0.490909	0.007204	0.095116	0.001289
11	0.490909	0.007204	0.094370	0.001600
11	0.472727	0.007204	0.094657	0.002769
12	0.469697	0.007859	0.092540	0.001394
12	0.469697	0.007859	0.093987	0.001646
13	0.423077	0.008513	0.092143	0.002272
10	0.488889	0.006549	0.091944	0.001604
7	0.523810	0.004584	0.090441	0.001501
5	0.700000	0.003274	0.090248	0.000449
6	0.733333	0.003929	0.087058	0.000077
9	0.472222	0.005894	0.090264	0.002298
6	0.733333	0.003929	0.086525	0.000037
9	0.583333	0.005894	0.089892	0.001100
7	0.666667	0.004584	0.087885	0.000156
7	0.523810	0.004584	0.091339	0.002202
9	0.555556	0.005894	0.090019	0.000903
7	0.619048	0.004584	0.092205	0.001061
8	0.607143	0.005239	0.093929	0.000873
10	0.511111	0.006549	0.096885	0.003336
10	0.600000	0.006549	0.096823	0.001431
9	0.583333	0.005894	0.095899	0.000331
12	0.439394	0.007859	0.100500	0.003309
15	0.380952	0.009823	0.101502	0.007842
12	0.469697	0.007859	0.102339	0.004364
11	0.490909	0.007204	0.100653	0.004332
11	0.490909	0.007204	0.100447	0.002981
10	0.488889	0.006549	0.100905	0.007261
10	0.466667	0.006549	0.100726	0.003418
10	0.400000	0.006549	0.098212	0.006360
8	0.464286	0.005239	0.099537	0.024216
7	0.619048	0.004584	0.094980	0.001481
8	0.500000	0.005239	0.094886	0.002822
11	0.527273	0.007204	0.096195	0.002441
13	0.384615	0.008513	0.100639	0.031251
12	0.439394	0.007859	0.097360	0.003219
12	0.454545	0.007859	0.098599	0.004612
11	0.490909	0.007204	0.096268	0.001975
12	0.469697	0.007859	0.100580	0.005807
12	0.500000	0.007859	0.098784	0.001572
13	0.448718	0.008513	0.098612	0.001818
12	0.500000	0.007859	0.103687	0.003631
13	0.461538	0.008513	0.104985	0.006007
12	0.484848	0.007859	0.107354	0.005733
12	0.469697	0.007859	0.107984	0.012989
11	0.436364	0.007204	0.105748	0.005255
10	0.422222	0.006549	0.108452	0.018878
5	0.700000	0.003274	0.105961	0.010342
8	0.392857	0.005239	0.107717	0.030843
6	0.666667	0.003929	0.103729	0.000204
8	0.571429	0.005239	0.108298	0.005841
7	0.666667	0.004584	0.106575	0.001316
9	0.500000	0.005894	0.110676	0.043942
15	0.400000	0.009823	0.106642	0.018335
10	0.577778	0.006549	0.103322	0.004453
8	0.714286	0.005239	0.097809	0.000063
5	0.600000	0.003274	0.095461	0.000105
6	0.600000	0.003929	0.096056	0.000431
6	0.600000	0.003929	0.098282	0.000900
9	0.527778	0.005894	0.101698	0.003215
10	0.488889	0.006549	0.104453	0.006255
11	0.490909	0.007204	0.105514	0.005582
11	0.490909	0.007204	0.102780	0.002569
12	0.454545	0.007859	0.105216	0.006689
15	0.438095	0.009823	0.100972	0.002995
9	0.583333	0.005894	0.099928	0.000720
11	0.545455	0.007204	0.099895	0.001325
8	0.714286	0.005239	0.092855	0.000025
8	0.642857	0.005239	0.093446	0.000047
14	0.428571	0.009168	0.098650	0.002786
11	0.490909	0.007204	0.095194	0.001254
11	0.490909	0.007204	0.094815	0.001648
11	0.472727	0.007204	0.095105	0.002919
12	0.469697	0.007859	0.092917	0.001428
12	0.469697	0.007859	0.094387	0.001722
13	0.423077	0.008513	0.092394	0.002282
10	0.488889	0.006549	0.092193	0.001576
7	0.523810	0.004584	0.090672	0.001507
5	0.700000	0.003274	0.090478	0.000449
6	0.733333	0.003929	0.087302	0.000077
9	0.472222	0.005894	0.090607	0.002305
6	0.733333	0.003929	0.086880	0.000037
9	0.583333	0.005894	0.090302	0.001101
7	0.666667	0.004584	0.087946	0.000144
7	0.523810	0.004584	0.091399	0.002190
9	0.555556	0.005894	0.090083	0.000829
7	0.619048	0.004584	0.092244	0.000952
8	0.607143	0.005239	0.094004	0.000792
10	0.511111	0.006549	0.096940	0.003065
10	0.600000	0.006549	0.096879	0.001321
9	0.583333	0.005894	0.095965	0.000319
12	0.439394	0.007859	0.100447	0.003065
15	0.390476	0.009823	0.101448	0.007376
12	0.469697	0.007859	0.102298	0.004168
11	0.490909	0.007204	0.100712	0.004228
11	0.490909	0.007204	0.100527	0.002945
10	0.488889	0.006549	0.100999	0.007190
10	0.466667	0.006549	0.100832	0.003753
10	0.400000	0.006549	0.098307	0.005799
8	0.464286	0.005239	0.099615	0.023548
7	0.619048	0.004584	0.095051	0.001463
8	0.500000	0.005239	0.094957	0.002807
11	0.527273	0.007204	0.096523	0.002413
13	0.384615	0.008513	0.100939	0.030293
12	0.439394	0.007859	0.097634	0.003072
12	0.454545	0.007859	0.099091	0.004887
11	0.490909	0.007204	0.096737	0.002031
12	0.469697	0.007859	0.101106	0.006403
12	0.484848	0.007859	0.099278	0.001714
12	0.484848	0.007859	0.099079	0.001679
12	0.500000	0.007859	0.104239	0.003773
13	0.461538	0.008513	0.105514	0.005983
12	0.484848	0.007859	0.107908	0.005555
12	0.469697	0.007859	0.108560	0.013201
11	0.454545	0.007204	0.105865	0.004304
10	0.444444	0.006549	0.108552	0.014935
5	0.800000	0.003274	0.106020	0.007031
8	0.392857	0.005239	0.108129	0.031151
7	0.619048	0.004584	0.107976	0.008384
8	0.571429	0.005239	0.108877	0.006104
7	0.666667	0.004584	0.107143	0.001878
9	0.500000	0.005894	0.111314	0.046346
15	0.390476	0.009823	0.107211	0.019699
9	0.611111	0.005894	0.103849	0.004103
6	0.800000	0.003929	0.097591	0.000026
4	0.333333	0.002620	0.096639	0.001195
6	0.600000	0.003929	0.095200	0.000426
6	0.600000	0.003929	0.098357	0.001047
9	0.527778	0.005894	0.101950	0.003326
10	0.488889	0.006549	0.104646	0.006330
11	0.490909	0.007204	0.105836	0.005457
11	0.490909	0.007204	0.103057	0.002518
12	0.454545	0.007859	0.105689	0.006742
15	0.438095	0.009823	0.101273	0.002858
9	0.583333	0.005894	0.100236	0.000635
11	0.545455	0.007204	0.100184	0.001211
8	0.714286	0.005239	0.093104	0.000020
8	0.642857	0.005239	0.093715	0.000047
14	0.428571	0.009168	0.098912	0.002734
11	0.490909	0.007204	0.095473	0.001261
11	0.490909	0.007204	0.095051	0.001634
11	0.472727	0.007204	0.095342	0.002886
12	0.469697	0.007859	0.093150	0.001414
12	0.469697	0.007859	0.094627	0.001705
13	0.423077	0.008513	0.092456	0.002243
10	0.488889	0.006549	0.092249	0.001578
7	0.523810	0.004584	0.090715	0.001418
5	0.700000	0.003274	0.090521	0.000417
6	0.733333	0.003929	0.087367	0.000070
9	0.472222	0.005894	0.090709	0.002428
6	0.733333	0.003929	0.087093	0.000040
9	0.583333	0.005894	0.090543	0.001170
7	0.666667	0.004584	0.088189	0.000149
7	0.523810	0.004584	0.091651	0.002187
9	0.555556	0.005894	0.090334	0.000879
7	0.619048	0.004584	0.092618	0.001012
8	0.607143	0.005239	0.094277	0.000838
10	0.511111	0.006549	0.097336	0.003198
10	0.600000	0.006549	0.097280	0.001396
8	0.714286	0.005239	0.096335	0.000111
11	0.454545	0.007204	0.100925	0.003042
14	0.395604	0.009168	0.101970	0.007560
12	0.469697	0.007859	0.102828	0.004328
11	0.490909	0.007204	0.101166	0.004216
11	0.490909	0.007204	0.100959	0.002972
10	0.488889	0.006549	0.101294	0.007204
10	0.466667	0.006549	0.101119	0.003230
10	0.400000	0.006549	0.098561	0.006871
8	0.464286	0.005239	0.099869	0.023503
7	0.619048	0.004584	0.095140	0.001468
8	0.500000	0.005239	0.095051	0.002777
11	0.527273	0.007204	0.096719	0.002383
13	0.384615	0.008513	0.100992	0.031209
12	0.439394	0.007859	0.097697	0.003164
12	0.454545	0.007859	0.099324	0.004819
11	0.490909	0.007204	0.096977	0.001998
12	0.469697	0.007859	0.101347	0.006408
12	0.484848	0.007859	0.099524	0.001713
12	0.484848	0.007859	0.099349	0.001548
12	0.500000	0.007859	0.104496	0.003628
13	0.461538	0.008513	0.105829	0.006050
12	0.484848	0.007859	0.108206	0.005306
12	0.469697	0.007859	0.108861	0.013298
11	0.454545	0.007204	0.106108	0.004393
10	0.444444	0.006549	0.108846	0.015017
5	0.800000	0.003274	0.106396	0.007103
7	0.380952	0.004584	0.108398	0.030961
7	0.619048	0.004584	0.108275	0.008507
8	0.571429	0.005239	0.109181	0.005705
7	0.666667	0.004584	0.107407	0.001922
9	0.500000	0.005894	0.111631	0.047492
15	0.390476	0.009823	0.107505	0.019493
10	0.533333	0.006549	0.104147	0.006381
6	0.800000	0.003929	0.097847	0.000024
5	0.800000	0.003274	0.095057	0.000004
5	0.800000	0.003274	0.097690	0.000110
9	0.527778	0.005894	0.101984	0.003666
10	0.488889	0.006549	0.104097	0.005604
11	0.490909	0.007204	0.105887	0.005567
11	0.490909	0.007204	0.103120	0.002486
12	0.454545	0.007859	0.105777	0.006813
15	0.438095	0.009823	0.101320	0.002671
9	0.583333	0.005894	0.100296	0.000536
11	0.545455	0.007204	0.100269	0.001359
8	0.714286	0.005239	0.095737	0.000071
8	0.642857	0.005239	0.093785	0.000050
14	0.428571	0.009168	0.098313	0.002689
11	0.490909	0.007204	0.095539	0.001385
11	0.490909	0.007204	0.094493	0.001592
11	0.490909	0.007204	0.094768	0.002540
12	0.484848	0.007859	0.092647	0.001221
13	0.448718	0.008513	0.094253	0.002335
13	0.423077	0.008513	0.092143	0.002202
10	0.488889	0.006549	0.091938	0.001600
7	0.523810	0.004584	0.090430	0.001465
5	0.700000	0.003274	0.090232	0.000446
6	0.733333	0.003929	0.087093	0.000077
9	0.472222	0.005894	0.090296	0.002328
6	0.733333	0.003929	0.086648	0.000043
9	0.611111	0.005894	0.090014	0.000951
7	0.714286	0.004584	0.088235	0.000154
8	0.535714	0.005239	0.092979	0.002590
9	0.555556	0.005894	0.090376	0.001036
7	0.619048	0.004584	0.092680	0.001377
8	0.607143	0.005239	0.094335	0.000973
10	0.511111	0.006549	0.097416	0.003895
10	0.600000	0.006549	0.097360	0.001428
9	0.611111	0.005894	0.099765	0.002222
11	0.472727	0.007204	0.101213	0.002529
14	0.406593	0.009168	0.102243	0.006772
12	0.469697	0.007859	0.103106	0.004528
11	0.490909	0.007204	0.101247	0.004232
11	0.490909	0.007204	0.101039	0.003069
10	0.488889	0.006549	0.101341	0.007229
10	0.466667	0.006549	0.101159	0.003451
10	0.400000	0.006549	0.098592	0.006797
8	0.464286	0.005239	0.099915	0.024120
7	0.619048	0.004584	0.095170	0.001450
8	0.500000	0.005239	0.095081	0.002717
11	0.527273	0.007204	0.096304	0.002424
13	0.384615	0.008513	0.100613	0.031582
12	0.439394	0.007859	0.097329	0.003136
12	0.454545	0.007859	0.098733	0.004460
11	0.490909	0.007204	0.096395	0.001862
12	0.469697	0.007859	0.100719	0.005499
13	0.461538	0.008513	0.098905	0.001601
13	0.461538	0.008513	0.098758	0.001764
12	0.500000	0.007859	0.103807	0.003338
13	0.461538	0.008513	0.105129	0.005615
12	0.484848	0.007859	0.107505	0.005529
12	0.469697	0.007859	0.108129	0.012883
11	0.436364	0.007204	0.106167	0.005676
10	0.422222	0.006549	0.108908	0.019004
5	0.700000	0.003274	0.106471	0.010310
7	0.380952	0.004584	0.107877	0.029927
6	0.666667	0.003929	0.103856	0.000201
8	0.571429	0.005239	0.108467	0.005434
7	0.666667	0.004584	0.106724	0.001399
9	0.500000	0.005894	0.110829	0.043064
15	0.400000	0.009823	0.106776	0.018810
10	0.600000	0.006549	0.103483	0.004743
8	0.750000	0.005239	0.097935	0.000061
6	0.600000	0.003929	0.095653	0.000116
5	0.800000	0.003274	0.094727	0.000004
5	0.800000	0.003274	0.097553	0.000114
9	0.527778	0.005894	0.101583	0.003494
10	0.488889	0.006549	0.103772	0.005339
11	0.490909	0.007204	0.105187	0.005303
11	0.490909	0.007204	0.102628	0.002542
12	0.454545	0.007859	0.105231	0.006693
15	0.438095	0.009823	0.100839	0.003033
9	0.583333	0.005894	0.099823	0.000705
11	0.545455	0.007204	0.099797	0.001376
8	0.714286	0.005239	0.092753	0.000024
8	0.642857	0.005239	0.093360	0.000048
14	0.428571	0.009168	0.098117	0.002718
11	0.490909	0.007204	0.095093	0.001287
11	0.490909	0.007204	0.094323	0.001609
11	0.472727	0.007204	0.094586	0.002789
12	0.469697	0.007859	0.092585	0.001409
12	0.469697	0.007859	0.094016	0.001660
13	0.423077	0.008513	0.091988	0.002247
10	0.488889	0.006549	0.091789	0.001611
7	0.523810	0.004584	0.090612	0.001546
5	0.700000	0.003274	0.090419	0.000466
6	0.733333	0.003929	0.087212	0.000078
9	0.472222	0.005894	0.090136	0.002343
6	0.733333	0.003929	0.086565	0.000037
9	0.583333	0.005894	0.089887	0.001118
7	0.666667	0.004584	0.087905	0.000157
7	0.523810	0.004584	0.091333	0.002212
9	0.555556	0.005894	0.090014	0.000913
7	0.619048	0.004584	0.092271	0.001083
8	0.607143	0.005239	0.093906	0.000886
10	0.511111	0.006549	0.096959	0.003415
10	0.600000	0.006549	0.096897	0.001462
9	0.583333	0.005894	0.095971	0.000318
12	0.439394	0.007859	0.100586	0.003310
15	0.390476	0.009823	0.101604	0.007891
12	0.469697	0.007859	0.102449	0.004277
11	0.490909	0.007204	0.100739	0.004259
11	0.490909	0.007204	0.100533	0.002922
10	0.488889	0.006549	0.100859	0.006961
10	0.466667	0.006549	0.100672	0.003292
10	0.400000	0.006549	0.098237	0.006656
8	0.464286	0.005239	0.099570	0.024666
7	0.619048	0.004584	0.094857	0.001468
8	0.500000	0.005239	0.094762	0.002787
11	0.527273	0.007204	0.096213	0.002536
13	0.384615	0.008513	0.100454	0.031521
12	0.439394	0.007859	0.097199	0.003325
12	0.454545	0.007859	0.098637	0.004727
11	0.490909	0.007204	0.096310	0.002070
12	0.469697	0.007859	0.100500	0.005960
12	0.500000	0.007859	0.098707	0.001600
12	0.500000	0.007859	0.098561	0.001695
12	0.500000	0.007859	0.103659	0.003680
13	0.448718	0.008513	0.104948	0.006234
12	0.469697	0.007859	0.107339	0.006542
11	0.490909	0.007204	0.107309	0.010171
11	0.436364	0.007204	0.105763	0.005831
10	0.422222	0.006549	0.108336	0.018131
5	0.700000	0.003274	0.106086	0.010204
8	0.392857	0.005239	0.107770	0.030118
6	0.666667	0.003929	0.103715	0.000202
8	0.571429	0.005239	0.108267	0.005578
7	0.619048	0.004584	0.106552	0.001912
9	0.472222	0.005894	0.110612	0.043871
14	0.417582	0.009168	0.106034	0.018147
9	0.638889	0.005894	0.103273	0.004159
7	0.809524	0.004584	0.097367	0.000046
6	0.600000	0.003929	0.096250	0.000437
6	0.600000	0.003929	0.097954	0.000897
9	0.527778	0.005894	0.101442	0.003215
10	0.488889	0.006549	0.104090	0.005912
11	0.490909	0.007204	0.105187	0.005360
11	0.490909	0.007204	0.102476	0.002557
12	0.454545	0.007859	0.105028	0.006472
15	0.438095	0.009823	0.100653	0.002851
9	0.583333	0.005894	0.099615	0.000610
11	0.545455	0.007204	0.099227	0.001239
8	0.714286	0.005239	0.092579	0.000020
8	0.642857	0.005239	0.093189	0.000052
14	0.428571	0.009168	0.098301	0.002666
11	0.490909	0.007204	0.094915	0.001244
11	0.490909	0.007204	0.094481	0.001610
11	0.472727	0.007204	0.094774	0.002803
12	0.469697	0.007859	0.093047	0.001478
12	0.469697	0.007859	0.094510	0.001707
13	0.423077	0.008513	0.092517	0.002244
10	0.488889	0.006549	0.092316	0.001590
7	0.523810	0.004584	0.090769	0.001453
5	0.700000	0.003274	0.090575	0.000428
6	0.733333	0.003929	0.087407	0.000070
9	0.472222	0.005894	0.090709	0.002463
6	0.733333	0.003929	0.086979	0.000039
9	0.583333	0.005894	0.090014	0.001156
7	0.666667	0.004584	0.088093	0.000147
7	0.523810	0.004584	0.091159	0.002214
9	0.555556	0.005894	0.089834	0.000856
7	0.619048	0.004584	0.092104	0.000990
8	0.607143	0.005239	0.093727	0.000802
10	0.511111	0.006549	0.096780	0.003154
10	0.600000	0.006549	0.096719	0.001357
8	0.714286	0.005239	0.095803	0.000112
11	0.472727	0.007204	0.100039	0.002862
15	0.390476	0.009823	0.101489	0.007743
12	0.469697	0.007859	0.102332	0.004257
11	0.490909	0.007204	0.100547	0.004323
11	0.490909	0.007204	0.100355	0.002947
10	0.488889	0.006549	0.100686	0.007070
10	0.466667	0.006549	0.100520	0.003654
10	0.400000	0.006549	0.098478	0.005956
8	0.464286	0.005239	0.099810	0.023932
7	0.619048	0.004584	0.095223	0.001492
8	0.500000	0.005239	0.095128	0.002845
11	0.527273	0.007204	0.096652	0.002440
13	0.384615	0.008513	0.101079	0.030695
12	0.439394	0.007859	0.097784	0.003060
12	0.454545	0.007859	0.099207	0.004838
11	0.490909	0.007204	0.096842	0.002111
12	0.469697	0.007859	0.100719	0.006136
12	0.500000	0.007859	0.098905	0.001633
13	0.448718	0.008513	0.098745	0.001785
12	0.500000	0.007859	0.103842	0.003537
13	0.461538	0.008513	0.105136	0.005793
12	0.484848	0.007859	0.107497	0.005322
12	0.469697	0.007859	0.108152	0.012537
11	0.454545	0.007204	0.105587	0.004601
10	0.444444	0.006549	0.108259	0.014370
5	0.800000	0.003274	0.106270	0.006573
7	0.380952	0.004584	0.108306	0.028749
7	0.619048	0.004584	0.107694	0.007964
8	0.571429	0.005239	0.108429	0.005226
7	0.666667	0.004584	0.106716	0.001932
9	0.500000	0.005894	0.110853	0.043727
15	0.400000	0.009823	0.106806	0.019188
10	0.577778	0.006549	0.103469	0.004597
8	0.714286	0.005239	0.097960	0.000067
5	0.600000	0.003274	0.095575	0.000109
4	0.333333	0.002620	0.096780	0.001286
6	0.600000	0.003929	0.095336	0.000438
6	0.600000	0.003929	0.098510	0.001111
9	0.527778	0.005894	0.102120	0.003356
10	0.488889	0.006549	0.104840	0.006358
11	0.490909	0.007204	0.105998	0.005445
11	0.490909	0.007204	0.103224	0.002595
12	0.454545	0.007859	0.105851	0.006969
15	0.438095	0.009823	0.101408	0.003041
9	0.583333	0.005894	0.100381	0.000714
11	0.545455	0.007204	0.100361	0.001383
8	0.714286	0.005239	0.093235	0.000025
8	0.642857	0.005239	0.093848	0.000051
14	0.428571	0.009168	0.099047	0.002740
11	0.490909	0.007204	0.095599	0.001234
11	0.490909	0.007204	0.095170	0.001634
11	0.490909	0.007204	0.095455	0.002761
12	0.484848	0.007859	0.093263	0.001291
13	0.448718	0.008513	0.094851	0.002465
13	0.423077	0.008513	0.092551	0.002221
10	0.488889	0.006549	0.092355	0.001576
7	0.523810	0.004584	0.090779	0.001465
5	0.700000	0.003274	0.090586	0.000445
6	0.733333	0.003929	0.087432	0.000077
9	0.472222	0.005894	0.090774	0.002332
6	0.733333	0.003929	0.087167	0.000040
9	0.611111	0.005894	0.090618	0.000907
7	0.714286	0.004584	0.088256	0.000117
8	0.535714	0.005239	0.093019	0.002540
9	0.555556	0.005894	0.090441	0.000836
7	0.619048	0.004584	0.092737	0.001056
8	0.607143	0.005239	0.094393	0.000802
10	0.511111	0.006549	0.097478	0.003198
10	0.600000	0.006549	0.097416	0.001363
9	0.583333	0.005894	0.096487	0.000342
12	0.439394	0.007859	0.101106	0.003239
15	0.390476	0.009823	0.102113	0.007748
12	0.469697	0.007859	0.102960	0.004357
11	0.490909	0.007204	0.101287	0.004339
11	0.490909	0.007204	0.101079	0.002922
10	0.488889	0.006549	0.101435	0.007182
10	0.466667	0.006549	0.101260	0.003199
10	0.400000	0.006549	0.098688	0.006935
8	0.464286	0.005239	0.100000	0.023872
7	0.619048	0.004584	0.095253	0.001440
8	0.500000	0.005239	0.095158	0.002728
11	0.527273	0.007204	0.096848	0.002408
13	0.384615	0.008513	0.101119	0.031817
12	0.439394	0.007859	0.097841	0.003251
12	0.454545	0.007859	0.099459	0.004870
11	0.490909	0.007204	0.097107	0.002000
12	0.469697	0.007859	0.101496	0.006423
12	0.500000	0.007859	0.099667	0.001673
13	0.448718	0.008513	0.099505	0.001854
12	0.500000	0.007859	0.104654	0.003723
13	0.461538	0.008513	0.105990	0.006148
12	0.484848	0.007859	0.108375	0.005818
12	0.469697	0.007859	0.109040	0.013890
11	0.436364	0.007204	0.106300	0.005395
10	0.422222	0.006549	0.109025	0.017958
5	0.700000	0.003274	0.106545	0.009635
7	0.380952	0.004584	0.108552	0.028831
6	0.666667	0.003929	0.104525	0.000191
8	0.571429	0.005239	0.109313	0.005537
7	0.666667	0.004584	0.107573	0.001376
9	0.500000	0.005894	0.111803	0.046416
15	0.400000	0.009823	0.107679	0.019920
10	0.577778	0.006549	0.104296	0.004719
8	0.714286	0.005239	0.098701	0.000066
5	0.600000	0.003274	0.096286	0.000112
5	0.800000	0.003274	0.095164	0.000004
5	0.800000	0.003274	0.098319	0.000120
9	0.527778	0.005894	0.102099	0.003317
10	0.488889	0.006549	0.104812	0.005775
11	0.490909	0.007204	0.106005	0.005490
11	0.490909	0.007204	0.103238	0.002533
12	0.454545	0.007859	0.105917	0.007040
15	0.438095	0.009823	0.101442	0.002946
9	0.583333	0.005894	0.100408	0.000696
11	0.545455	0.007204	0.100381	0.001383
8	0.714286	0.005239	0.093269	0.000025
8	0.642857	0.005239	0.093883	0.000051
14	0.428571	0.009168	0.099079	0.002765
11	0.490909	0.007204	0.095641	0.001280
11	0.490909	0.007204	0.095182	0.001657
11	0.472727	0.007204	0.095473	0.002940
12	0.469697	0.007859	0.093258	0.001457
12	0.469697	0.007859	0.094733	0.001798
13	0.423077	0.008513	0.092551	0.002237
10	0.488889	0.006549	0.092344	0.001599
7	0.523810	0.004584	0.090682	0.001101
5	0.700000	0.003274	0.090489	0.000606
6	0.733333	0.003929	0.087427	0.000071
9	0.472222	0.005894	0.090763	0.002319
6	0.733333	0.003929	0.087167	0.000040
9	0.583333	0.005894	0.090634	0.001121
7	0.666667	0.004584	0.088286	0.000146
7	0.523810	0.004584	0.091783	0.002195
9	0.555556	0.005894	0.090457	0.000865
7	0.619048	0.004584	0.092793	0.001011
8	0.607143	0.005239	0.094440	0.000822
10	0.511111	0.006549	0.097547	0.003211
10	0.600000	0.006549	0.097485	0.001384
9	0.583333	0.005894	0.096554	0.000331
12	0.439394	0.007859	0.101367	0.003255
15	0.390476	0.009823	0.102394	0.007769
12	0.469697	0.007859	0.103245	0.004367
11	0.490909	0.007204	0.101374	0.004360
11	0.490909	0.007204	0.101159	0.002952
10	0.488889	0.006549	0.101448	0.007316
10	0.466667	0.006549	0.101260	0.003485
10	0.400000	0.006549	0.098688	0.006561
8	0.464286	0.005239	0.100007	0.024537
7	0.619048	0.004584	0.095241	0.001446
8	0.500000	0.005239	0.095146	0.002762
11	0.527273	0.007204	0.096872	0.002456
13	0.384615	0.008513	0.101099	0.031965
12	0.439394	0.007859	0.097791	0.003206
12	0.454545	0.007859	0.099459	0.005002
11	0.490909	0.007204	0.097082	0.002060
12	0.469697	0.007859	0.101502	0.006562
12	0.500000	0.007859	0.099654	0.001702
13	0.448718	0.008513	0.099518	0.001980
12	0.500000	0.007859	0.104654	0.003699
13	0.461538	0.008513	0.105998	0.006089
12	0.484848	0.007859	0.108367	0.005707
12	0.469697	0.007859	0.109009	0.013312
11	0.436364	0.007204	0.106300	0.005266
10	0.422222	0.006549	0.109025	0.017825
5	0.700000	0.003274	0.106567	0.009726
7	0.380952	0.004584	0.108536	0.028862
6	0.666667	0.003929	0.104517	0.000195
8	0.571429	0.005239	0.109306	0.005690
7	0.666667	0.004584	0.107558	0.001356
9	0.500000	0.005894	0.111778	0.046245
15	0.400000	0.009823	0.107649	0.020118
10	0.555556	0.006549	0.104303	0.005058
8	0.678571	0.005239	0.098675	0.000168
3	1.000000	0.001965	0.094704	0.000000
5	0.800000	0.003274	0.095010	0.000004
5	0.800000	0.003274	0.098130	0.000127
9	0.527778	0.005894	0.101902	0.003358
10	0.488889	0.006549	0.104417	0.005469
11	0.490909	0.007204	0.105602	0.005360
11	0.490909	0.007204	0.103016	0.002551
12	0.454545	0.007859	0.105858	0.006861
15	0.438095	0.009823	0.101240	0.002939
9	0.583333	0.005894	0.100210	0.000622
11	0.545455	0.007204	0.100177	0.001291
8	0.714286	0.005239	0.093081	0.000020
8	0.642857	0.005239	0.093698	0.000049
14	0.428571	0.009168	0.098861	0.002734
11	0.490909	0.007204	0.095443	0.001267
11	0.490909	0.007204	0.095004	0.001641
11	0.472727	0.007204	0.095265	0.002909
12	0.469697	0.007859	0.093110	0.001458
12	0.469697	0.007859	0.094598	0.001746
13	0.423077	0.008513	0.092377	0.002286
10	0.466667	0.006549	0.092171	0.001793
7	0.523810	0.004584	0.090763	0.001612
5	0.700000	0.003274	0.090569	0.000499
6	0.733333	0.003929	0.087412	0.000078
9	0.472222	0.005894	0.090559	0.002388
6	0.733333	0.003929	0.087038	0.000039
9	0.583333	0.005894	0.090484	0.001141
7	0.666667	0.004584	0.088174	0.000149
7	0.523810	0.004584	0.091629	0.002193
9	0.555556	0.005894	0.090307	0.000870
7	0.619048	0.004584	0.092753	0.001022
8	0.607143	0.005239	0.094253	0.000824
10	0.511111	0.006549	0.097491	0.003257
10	0.600000	0.006549	0.097429	0.001399
8	0.714286	0.005239	0.096487	0.000113
11	0.472727	0.007204	0.101314	0.003131
15	0.390476	0.009823	0.102366	0.008068
12	0.469697	0.007859	0.103211	0.004445
11	0.490909	0.007204	0.101334	0.004439
11	0.490909	0.007204	0.101106	0.002977
10	0.488889	0.006549	0.101253	0.007240
10	0.466667	0.006549	0.101059	0.003424
10	0.377778	0.006549	0.098567	0.006965
8	0.428571	0.005239	0.099889	0.025000
6	0.533333	0.003929	0.091646	0.000554
8	0.464286	0.005239	0.094980	0.003488
11	0.509091	0.007204	0.096744	0.002722
12	0.378788	0.007859	0.100892	0.031444
12	0.439394	0.007859	0.097578	0.003388
12	0.454545	0.007859	0.099272	0.005033
11	0.490909	0.007204	0.096891	0.002136
12	0.469697	0.007859	0.101247	0.006494
12	0.500000	0.007859	0.099414	0.001713
12	0.500000	0.007859	0.099298	0.001714
12	0.500000	0.007859	0.104439	0.003720
13	0.448718	0.008513	0.105770	0.006413
12	0.469697	0.007859	0.108144	0.006429
11	0.490909	0.007204	0.108144	0.010495
11	0.436364	0.007204	0.106101	0.005714
10	0.422222	0.006549	0.108683	0.017483
5	0.700000	0.003274	0.106537	0.009858
7	0.380952	0.004584	0.108344	0.029305
6	0.666667	0.003929	0.104325	0.000200
8	0.571429	0.005239	0.109087	0.005705
7	0.619048	0.004584	0.107339	0.001921
9	0.472222	0.005894	0.111533	0.046249
14	0.417582	0.009168	0.106836	0.019051
10	0.555556	0.006549	0.104069	0.005253
8	0.678571	0.005239	0.098067	0.000084
4	0.666667	0.002620	0.095857	0.000091
5	0.800000	0.003274	0.094715	0.000004
5	0.800000	0.003274	0.097803	0.000113
9	0.527778	0.005894	0.101556	0.003341
10	0.488889	0.006549	0.104033	0.005107
11	0.490909	0.007204	0.105209	0.005210
11	0.490909	0.007204	0.102655	0.002522
12	0.454545	0.007859	0.105543	0.006472
15	0.438095	0.009823	0.100852	0.002881
9	0.583333	0.005894	0.099837	0.000669
11	0.545455	0.007204	0.099427	0.001308
8	0.714286	0.005239	0.092765	0.000025
8	0.642857	0.005239	0.093360	0.000048
14	0.428571	0.009168	0.098497	0.002687
11	0.490909	0.007204	0.095099	0.001236
11	0.490909	0.007204	0.094674	0.001647
11	0.472727	0.007204	0.094939	0.002837
12	0.469697	0.007859	0.093155	0.001505
12	0.469697	0.007859	0.094639	0.001742
13	0.423077	0.008513	0.092495	0.002294
10	0.488889	0.006549	0.092299	0.001622
7	0.523810	0.004584	0.090639	0.001532
5	0.700000	0.003274	0.090451	0.000458
6	0.733333	0.003929	0.087382	0.000078
9	0.472222	0.005894	0.090688	0.002389
6	0.733333	0.003929	0.087093	0.000039
9	0.583333	0.005894	0.090206	0.001135
7	0.666667	0.004584	0.088210	0.000150
7	0.523810	0.004584	0.091339	0.002224
9	0.555556	0.005894	0.089998	0.000861
7	0.619048	0.004584	0.092501	0.001028
8	0.607143	0.005239	0.093917	0.000821
10	0.511111	0.006549	0.097218	0.003279
10	0.600000	0.006549	0.097156	0.001415
9	0.583333	0.005894	0.096225	0.000331
12	0.439394	0.007859	0.100646	0.003173
15	0.390476	0.009823	0.102134	0.007963
12	0.469697	0.007859	0.102967	0.004451
11	0.490909	0.007204	0.101052	0.004488
11	0.490909	0.007204	0.100832	0.003009
10	0.488889	0.006549	0.100905	0.006860
10	0.466667	0.006549	0.100726	0.003253
10	0.400000	0.006549	0.098618	0.006696
8	0.464286	0.005239	0.099974	0.024752
7	0.619048	0.004584	0.095223	0.001520
8	0.500000	0.005239	0.095128	0.002902
11	0.527273	0.007204	0.096793	0.002543
13	0.384615	0.008513	0.101052	0.032008
12	0.439394	0.007859	0.097690	0.003328
12	0.454545	0.007859	0.099324	0.005068
11	0.490909	0.007204	0.096946	0.002218
12	0.469697	0.007859	0.100905	0.006362
11	0.509091	0.007204	0.099072	0.001638
11	0.509091	0.007204	0.098931	0.001683
11	0.527273	0.007204	0.104047	0.003261
13	0.448718	0.008513	0.105354	0.006056
12	0.469697	0.007859	0.107740	0.006328
11	0.490909	0.007204	0.107717	0.009835
11	0.436364	0.007204	0.105726	0.005659
10	0.422222	0.006549	0.108298	0.017784
5	0.700000	0.003274	0.106493	0.010089
7	0.380952	0.004584	0.108429	0.030141
6	0.666667	0.003929	0.103955	0.000199
8	0.571429	0.005239	0.108676	0.005811
7	0.619048	0.004584	0.106940	0.001857
9	0.472222	0.005894	0.111087	0.045134
13	0.410256	0.008513	0.106441	0.019316
8	0.607143	0.005239	0.103673	0.004563
5	0.800000	0.003274	0.095051	0.000004
5	0.800000	0.003274	0.097684	0.000106
9	0.527778	0.005894	0.101956	0.003426
10	0.488889	0.006549	0.104069	0.005498
11	0.490909	0.007204	0.105821	0.005558
11	0.490909	0.007204	0.103043	0.002589
12	0.454545	0.007859	0.105689	0.006844
15	0.438095	0.009823	0.101233	0.002885
9	0.583333	0.005894	0.100197	0.000568
11	0.545455	0.007204	0.099804	0.001200
8	0.714286	0.005239	0.093087	0.000019
8	0.642857	0.005239	0.093710	0.000052
14	0.428571	0.009168	0.098212	0.002652
11	0.490909	0.007204	0.095449	0.001334
11	0.490909	0.007204	0.094393	0.001540
11	0.472727	0.007204	0.094692	0.002713
12	0.469697	0.007859	0.092574	0.001380
12	0.469697	0.007859	0.094044	0.001612
13	0.423077	0.008513	0.092110	0.002248
10	0.488889	0.006549	0.091910	0.001629
7	0.523810	0.004584	0.090398	0.001500
5	0.700000	0.003274	0.090206	0.000450
6	0.733333	0.003929	0.087033	0.000076
9	0.472222	0.005894	0.090232	0.002312
6	0.733333	0.003929	0.086579	0.000039
9	0.583333	0.005894	0.089951	0.001140
7	0.666667	0.004584	0.088169	0.000175
7	0.523810	0.004584	0.091662	0.002264
9	0.555556	0.005894	0.090312	0.001008
7	0.619048	0.004584	0.092635	0.001202
8	0.607143	0.005239	0.094253	0.000971
10	0.511111	0.006549	0.097354	0.003704
10	0.600000	0.006549	0.097292	0.001559
8	0.714286	0.005239	0.096353	0.000119
10	0.511111	0.006549	0.100699	0.002973
14	0.395604	0.009168	0.102195	0.008450
12	0.469697	0.007859	0.103043	0.004715
11	0.490909	0.007204	0.101186	0.004482
11	0.490909	0.007204	0.100972	0.003132
10	0.488889	0.006549	0.101307	0.007230
10	0.466667	0.006549	0.101126	0.003429
10	0.400000	0.006549	0.098561	0.006551
8	0.464286	0.005239	0.099928	0.024723
7	0.619048	0.004584	0.095069	0.001506
8	0.500000	0.005239	0.094980	0.002833
11	0.527273	0.007204	0.096280	0.002496
13	0.384615	0.008513	0.100600	0.031607
12	0.439394	0.007859	0.097292	0.003154
12	0.454545	0.007859	0.098656	0.004593
11	0.490909	0.007204	0.096304	0.001941
12	0.469697	0.007859	0.100633	0.005671
11	0.509091	0.007204	0.098809	0.001276
13	0.435897	0.008513	0.098650	0.001696
12	0.484848	0.007859	0.103751	0.003416
13	0.461538	0.008513	0.105028	0.005649
12	0.484848	0.007859	0.107422	0.005517
12	0.469697	0.007859	0.108053	0.012584
11	0.436364	0.007204	0.106152	0.005563
10	0.422222	0.006549	0.108877	0.018551
5	0.700000	0.003274	0.106448	0.010116
7	0.380952	0.004584	0.107793	0.030072
6	0.666667	0.003929	0.103807	0.000200
8	0.571429	0.005239	0.108367	0.005736
7	0.666667	0.004584	0.106649	0.001345
9	0.500000	0.005894	0.110740	0.042972
15	0.390476	0.009823	0.106701	0.018972
9	0.583333	0.005894	0.103364	0.004263
8	0.678571	0.005239	0.097878	0.000066
5	0.600000	0.003274	0.095485	0.000107
6	0.533333	0.003929	0.118786	0.012078
7	0.428571	0.004584	0.120845	0.053762
9	0.416667	0.005894	0.122131	0.039832
7	0.523810	0.004584	0.120597	0.028531
9	0.527778	0.005894	0.113279	0.005983
10	0.488889	0.006549	0.111745	0.010789
11	0.490909	0.007204	0.106508	0.003001
11	0.490909	0.007204	0.103385	0.004166
12	0.454545	0.007859	0.099298	0.003928
15	0.438095	0.009823	0.096389	0.002265
9	0.583333	0.005894	0.092283	0.000182
11	0.545455	0.007204	0.090844	0.000603
8	0.714286	0.005239	0.090243	0.000028
8	0.642857	0.005239	0.090051	0.000072
14	0.428571	0.009168	0.094085	0.001915
11	0.490909	0.007204	0.095099	0.001250
11	0.490909	0.007204	0.099240	0.002057
11	0.490909	0.007204	0.102264	0.002542
12	0.484848	0.007859	0.105296	0.001973
13	0.461538	0.008513	0.107999	0.004038
13	0.435897	0.008513	0.109509	0.004105
11	0.472727	0.007204	0.111289	0.023938
7	0.523810	0.004584	0.108924	0.002352
6	0.466667	0.003929	0.111452	0.045416
6	0.733333	0.003929	0.105231	0.000290
9	0.472222	0.005894	0.106367	0.009027
6	0.733333	0.003929	0.101273	0.000056
9	0.583333	0.005894	0.102401	0.002605
7	0.666667	0.004584	0.100210	0.000096
7	0.523810	0.004584	0.102960	0.004499
9	0.555556	0.005894	0.099576	0.001599
7	0.619048	0.004584	0.097205	0.001295
8	0.607143	0.005239	0.094487	0.000866
10	0.511111	0.006549	0.094137	0.001949
10	0.600000	0.006549	0.093486	0.000908
8	0.714286	0.005239	0.091668	0.000086
11	0.472727	0.007204	0.092613	0.001105
15	0.390476	0.009823	0.098816	0.006463
12	0.469697	0.007859	0.099072	0.002401
11	0.490909	0.007204	0.107090	0.007258
11	0.490909	0.007204	0.106843	0.002627
10	0.488889	0.006549	0.114245	0.012356
10	0.466667	0.006549	0.116042	0.005637
12	0.378788	0.007859	0.119269	0.032778
9	0.472222	0.005894	0.119390	0.030585
8	0.571429	0.005239	0.114803	0.007807
8	0.500000	0.005239	0.114916	0.022020
11	0.545455	0.007204	0.115202	0.008518
14	0.373626	0.009168	0.117652	0.038668
13	0.435897	0.008513	0.112777	0.014122
12	0.469697	0.007859	0.108506	0.006469
12	0.469697	0.007859	0.102974	0.005048
12	0.469697	0.007859	0.100079	0.003218
12	0.500000	0.007859	0.095557	0.001207
12	0.500000	0.007859	0.094393	0.001292
12	0.500000	0.007859	0.092433	0.000805
13	0.448718	0.008513	0.096756	0.003485
12	0.469697	0.007859	0.097478	0.002773
11	0.490909	0.007204	0.102642	0.003155
11	0.436364	0.007204	0.103211	0.003336
10	0.422222	0.006549	0.105376	0.009617
5	0.700000	0.003274	0.099967	0.003649
7	0.380952	0.004584	0.101692	0.011616
6	0.666667	0.003929	0.097966	0.000097
8	0.571429	0.005239	0.098136	0.000839
7	0.619048	0.004584	0.096462	0.000787
8	0.607143	0.005239	0.095845	0.000340
14	0.417582	0.009168	0.095581	0.004852
9	0.638889	0.005894	0.093859	0.000555
7	0.809524	0.004584	0.090731	0.000050
7	0.523810	0.004584	0.116325	0.003641
8	0.392857	0.005239	0.122228	0.074410
9	0.444444	0.005894	0.118657	0.010682
7	0.571429	0.004584	0.117245	0.012256
9	0.527778	0.005894	0.111435	0.004537
10	0.488889	0.006549	0.109235	0.008387
11	0.490909	0.007204	0.105158	0.002977
11	0.490909	0.007204	0.101273	0.003384
12	0.454545	0.007859	0.098143	0.003823
15	0.438095	0.009823	0.095306	0.001917
9	0.583333	0.005894	0.091536	0.000186
11	0.545455	0.007204	0.091850	0.000722
8	0.714286	0.005239	0.090823	0.000050
8	0.642857	0.005239	0.090339	0.000078
14	0.428571	0.009168	0.094399	0.002328
11	0.490909	0.007204	0.095725	0.001418
11	0.490909	0.007204	0.099908	0.002356
11	0.472727	0.007204	0.102995	0.002792
12	0.469697	0.007859	0.105653	0.002032
12	0.484848	0.007859	0.108259	0.002422
13	0.435897	0.008513	0.109904	0.003944
11	0.472727	0.007204	0.111729	0.023083
7	0.523810	0.004584	0.109785	0.002881
6	0.466667	0.003929	0.111885	0.046461
6	0.733333	0.003929	0.105909	0.000298
9	0.472222	0.005894	0.107000	0.008207
6	0.733333	0.003929	0.101543	0.000055
9	0.583333	0.005894	0.102814	0.002695
7	0.666667	0.004584	0.100586	0.000101
7	0.523810	0.004584	0.103350	0.004597
9	0.555556	0.005894	0.099980	0.001650
7	0.619048	0.004584	0.097803	0.001351
8	0.607143	0.005239	0.095099	0.000918
10	0.511111	0.006549	0.094329	0.001986
10	0.600000	0.006549	0.093675	0.000919
9	0.611111	0.005894	0.091311	0.000458
11	0.490909	0.007204	0.094539	0.001254
15	0.400000	0.009823	0.097429	0.005193
12	0.469697	0.007859	0.097916	0.001964
11	0.490909	0.007204	0.105441	0.005798
11	0.490909	0.007204	0.105209	0.002288
10	0.488889	0.006549	0.111950	0.008601
10	0.466667	0.006549	0.113828	0.003140
12	0.363636	0.007859	0.116636	0.022315
9	0.444444	0.005894	0.119633	0.030058
8	0.535714	0.005239	0.115228	0.007729
8	0.500000	0.005239	0.115176	0.022630
11	0.545455	0.007204	0.113998	0.007614
13	0.397436	0.008513	0.118088	0.038086
13	0.423077	0.008513	0.113212	0.012777
12	0.454545	0.007859	0.109290	0.007330
11	0.490909	0.007204	0.103259	0.003839
12	0.469697	0.007859	0.100759	0.004025
12	0.500000	0.007859	0.095821	0.001148
13	0.448718	0.008513	0.094704	0.002082
12	0.500000	0.007859	0.092557	0.000841
13	0.448718	0.008513	0.095701	0.003655
12	0.469697	0.007859	0.096542	0.002709
11	0.490909	0.007204	0.100812	0.002725
11	0.436364	0.007204	0.101347	0.002771
10	0.422222	0.006549	0.104268	0.008502
5	0.700000	0.003274	0.100020	0.003201
7	0.380952	0.004584	0.101868	0.011469
6	0.666667	0.003929	0.098048	0.000137
8	0.571429	0.005239	0.098218	0.001105
7	0.619048	0.004584	0.095539	0.000664
8	0.607143	0.005239	0.094951	0.000369
14	0.417582	0.009168	0.095827	0.005180
10	0.555556	0.006549	0.094166	0.000959
8	0.678571	0.005239	0.091290	0.000210
3	1.000000	0.001965	0.086663	0.000000
7	0.476190	0.004584	0.117254	0.005684
8	0.392857	0.005239	0.123264	0.086991
9	0.444444	0.005894	0.119925	0.012332
7	0.571429	0.004584	0.118492	0.014901
9	0.527778	0.005894	0.111533	0.004692
10	0.488889	0.006549	0.110213	0.011121
11	0.490909	0.007204	0.105390	0.003320
11	0.490909	0.007204	0.101922	0.003486
12	0.454545	0.007859	0.098168	0.003825
15	0.438095	0.009823	0.095348	0.002125
9	0.583333	0.005894	0.091536	0.000201
11	0.545455	0.007204	0.090376	0.000545
8	0.714286	0.005239	0.089792	0.000033
8	0.642857	0.005239	0.089581	0.000073
14	0.428571	0.009168	0.093520	0.001977
11	0.490909	0.007204	0.094504	0.001283
11	0.490909	0.007204	0.098244	0.002083
11	0.472727	0.007204	0.101394	0.002672
12	0.469697	0.007859	0.104432	0.001903
12	0.484848	0.007859	0.108298	0.002525
13	0.435897	0.008513	0.109991	0.004076
11	0.472727	0.007204	0.111803	0.022271
7	0.523810	0.004584	0.110205	0.002988
6	0.466667	0.003929	0.112131	0.046540
6	0.733333	0.003929	0.106145	0.000318
9	0.472222	0.005894	0.107256	0.008380
6	0.733333	0.003929	0.101624	0.000055
9	0.583333	0.005894	0.102849	0.002778
7	0.666667	0.004584	0.100613	0.000130
7	0.523810	0.004584	0.102223	0.004428
9	0.555556	0.005894	0.098893	0.001648
7	0.619048	0.004584	0.096371	0.001268
8	0.607143	0.005239	0.093704	0.000878
10	0.511111	0.006549	0.093664	0.001907
10	0.600000	0.006549	0.093013	0.000918
8	0.714286	0.005239	0.090812	0.000089
11	0.472727	0.007204	0.091739	0.001063
15	0.390476	0.009823	0.097485	0.006247
12	0.469697	0.007859	0.097960	0.002152
11	0.490909	0.007204	0.105507	0.006187
11	0.490909	0.007204	0.105274	0.002218
10	0.488889	0.006549	0.112246	0.010258
10	0.466667	0.006549	0.114083	0.004056
12	0.378788	0.007859	0.117056	0.022737
9	0.472222	0.005894	0.118125	0.020461
8	0.571429	0.005239	0.113641	0.005682
8	0.500000	0.005239	0.115228	0.023486
11	0.545455	0.007204	0.114032	0.007133
14	0.373626	0.009168	0.118134	0.037653
13	0.423077	0.008513	0.111794	0.011422
12	0.454545	0.007859	0.107324	0.006300
11	0.490909	0.007204	0.102298	0.003433
12	0.469697	0.007859	0.099317	0.003313
12	0.500000	0.007859	0.095194	0.001095
12	0.500000	0.007859	0.093819	0.001157
12	0.500000	0.007859	0.092104	0.000645
13	0.461538	0.008513	0.095713	0.002910
12	0.484848	0.007859	0.096548	0.001983
12	0.469697	0.007859	0.101977	0.006404
11	0.436364	0.007204	0.101963	0.002668
10	0.422222	0.006549	0.104396	0.007911
5	0.700000	0.003274	0.099563	0.002525
7	0.380952	0.004584	0.101200	0.009583
6	0.666667	0.003929	0.097597	0.000116
8	0.571429	0.005239	0.097778	0.001120
7	0.666667	0.004584	0.095539	0.000330
8	0.642857	0.005239	0.094951	0.000244
15	0.400000	0.009823	0.098510	0.006896
10	0.555556	0.006549	0.093286	0.000891
7	0.809524	0.004584	0.092861	0.000043
6	0.533333	0.003929	0.117561	0.004882
8	0.392857	0.005239	0.123794	0.090835
9	0.444444	0.005894	0.120759	0.013271
7	0.571429	0.004584	0.119278	0.014979
9	0.527778	0.005894	0.112082	0.004869
10	0.488889	0.006549	0.110572	0.010148
11	0.490909	0.007204	0.105543	0.002793
11	0.490909	0.007204	0.102408	0.004143
12	0.454545	0.007859	0.098510	0.003720
15	0.438095	0.009823	0.095629	0.002249
9	0.583333	0.005894	0.091728	0.000193
11	0.545455	0.007204	0.090206	0.000590
8	0.714286	0.005239	0.089586	0.000027
8	0.642857	0.005239	0.089492	0.000073
14	0.428571	0.009168	0.093389	0.001899
11	0.490909	0.007204	0.094539	0.001298
11	0.490909	0.007204	0.098421	0.002031
11	0.490909	0.007204	0.101543	0.002579
12	0.484848	0.007859	0.104410	0.001936
13	0.461538	0.008513	0.107512	0.003987
13	0.435897	0.008513	0.109001	0.003911
11	0.454545	0.007204	0.110789	0.021690
7	0.523810	0.004584	0.108730	0.002198
6	0.466667	0.003929	0.112156	0.046774
6	0.733333	0.003929	0.105013	0.000311
9	0.472222	0.005894	0.106160	0.008689
6	0.733333	0.003929	0.100872	0.000056
9	0.583333	0.005894	0.101997	0.002622
7	0.666667	0.004584	0.099797	0.000102
7	0.523810	0.004584	0.102140	0.004484
9	0.555556	0.005894	0.098829	0.001603
7	0.619048	0.004584	0.096523	0.001243
8	0.607143	0.005239	0.093848	0.000832
10	0.511111	0.006549	0.093475	0.001834
10	0.600000	0.006549	0.092832	0.000889
8	0.714286	0.005239	0.091012	0.000091
11	0.472727	0.007204	0.091999	0.001077
15	0.380952	0.009823	0.097954	0.006194
12	0.469697	0.007859	0.098294	0.002118
11	0.490909	0.007204	0.106020	0.006419
11	0.490909	0.007204	0.105792	0.002363
10	0.488889	0.006549	0.113036	0.010746
10	0.466667	0.006549	0.114786	0.004533
12	0.363636	0.007859	0.117979	0.026087
9	0.444444	0.005894	0.118107	0.020914
7	0.476190	0.004584	0.113145	0.006541
8	0.464286	0.005239	0.114237	0.021141
11	0.527273	0.007204	0.114126	0.007368
13	0.358974	0.008513	0.117074	0.031082
13	0.435897	0.008513	0.111778	0.011221
12	0.469697	0.007859	0.107543	0.006292
12	0.469697	0.007859	0.102243	0.004694
12	0.469697	0.007859	0.099349	0.003410
12	0.500000	0.007859	0.095081	0.001288
13	0.448718	0.008513	0.093692	0.001924
12	0.500000	0.007859	0.091944	0.000813
13	0.448718	0.008513	0.095989	0.003755
12	0.469697	0.007859	0.096872	0.002762
11	0.490909	0.007204	0.101759	0.003223
11	0.436364	0.007204	0.102353	0.003156
10	0.422222	0.006549	0.104639	0.007159
5	0.700000	0.003274	0.099433	0.002284
7	0.380952	0.004584	0.101106	0.008481
6	0.666667	0.003929	0.097422	0.000108
8	0.571429	0.005239	0.097591	0.001006
7	0.619048	0.004584	0.095869	0.000708
8	0.607143	0.005239	0.095241	0.000405
14	0.417582	0.009168	0.095045	0.004713
10	0.555556	0.006549	0.093167	0.000948
8	0.678571	0.005239	0.090142	0.000213
3	1.000000	0.001965	0.085806	0.000000
6	0.533333	0.003929	0.117471	0.004946
8	0.392857	0.005239	0.123704	0.088079
9	0.444444	0.005894	0.121027	0.012845
7	0.571429	0.004584	0.119540	0.014448
9	0.527778	0.005894	0.112321	0.004940
10	0.488889	0.006549	0.110781	0.009625
11	0.490909	0.007204	0.105682	0.002756
11	0.490909	0.007204	0.102635	0.003862
12	0.454545	0.007859	0.098701	0.003645
15	0.438095	0.009823	0.095749	0.002184
9	0.583333	0.005894	0.091783	0.000176
11	0.545455	0.007204	0.090371	0.000557
8	0.714286	0.005239	0.089676	0.000025
8	0.642857	0.005239	0.089707	0.000072
14	0.428571	0.009168	0.093629	0.001940
11	0.490909	0.007204	0.094892	0.001230
11	0.490909	0.007204	0.098912	0.002110
11	0.490909	0.007204	0.101929	0.002512
12	0.484848	0.007859	0.104668	0.001951
13	0.461538	0.008513	0.107361	0.003829
13	0.435897	0.008513	0.108854	0.003859
11	0.472727	0.007204	0.110644	0.020820
7	0.523810	0.004584	0.108799	0.002538
6	0.466667	0.003929	0.111208	0.044026
6	0.733333	0.003929	0.104963	0.000295
9	0.472222	0.005894	0.106078	0.008559
6	0.733333	0.003929	0.100719	0.000056
9	0.583333	0.005894	0.101834	0.002555
7	0.666667	0.004584	0.099661	0.000096
7	0.523810	0.004584	0.102332	0.004417
9	0.555556	0.005894	0.098995	0.001543
7	0.619048	0.004584	0.096977	0.001217
8	0.607143	0.005239	0.094271	0.000837
10	0.511111	0.006549	0.093606	0.001832
10	0.600000	0.006549	0.092974	0.000890
8	0.714286	0.005239	0.091170	0.000092
11	0.472727	0.007204	0.092260	0.001093
15	0.390476	0.009823	0.098225	0.006175
12	0.469697	0.007859	0.098478	0.002157
11	0.490909	0.007204	0.106182	0.006478
11	0.490909	0.007204	0.105953	0.002395
10	0.488889	0.006549	0.113464	0.011446
10	0.466667	0.006549	0.115020	0.004780
12	0.363636	0.007859	0.118482	0.027748
9	0.444444	0.005894	0.118317	0.021289
8	0.535714	0.005239	0.114057	0.007782
8	0.500000	0.005239	0.113964	0.021687
11	0.545455	0.007204	0.114451	0.007570
13	0.397436	0.008513	0.116877	0.029321
13	0.435897	0.008513	0.112098	0.011317
12	0.469697	0.007859	0.108137	0.006525
12	0.469697	0.007859	0.102414	0.004479
12	0.469697	0.007859	0.099810	0.003312
11	0.509091	0.007204	0.095134	0.001110
12	0.484848	0.007859	0.093935	0.001261
12	0.484848	0.007859	0.091988	0.000799
13	0.448718	0.008513	0.096110	0.003218
12	0.469697	0.007859	0.096952	0.002705
11	0.490909	0.007204	0.101888	0.002892
11	0.436364	0.007204	0.102573	0.003334
10	0.422222	0.006549	0.104754	0.007029
5	0.700000	0.003274	0.099615	0.002279
7	0.380952	0.004584	0.101347	0.008148
6	0.666667	0.003929	0.097491	0.000101
8	0.571429	0.005239	0.097653	0.000864
7	0.619048	0.004584	0.095953	0.000749
8	0.607143	0.005239	0.095247	0.000299
14	0.406593	0.009168	0.095241	0.004695
8	0.642857	0.005239	0.093423	0.000493
7	0.761905	0.004584	0.090607	0.000051
7	0.476190	0.004584	0.116734	0.005741
8	0.392857	0.005239	0.122700	0.077436
9	0.444444	0.005894	0.120388	0.011361
7	0.571429	0.004584	0.118944	0.012808
9	0.527778	0.005894	0.111868	0.004862
10	0.488889	0.006549	0.110348	0.008943
11	0.490909	0.007204	0.105368	0.002777
11	0.490909	0.007204	0.102325	0.003601
12	0.454545	0.007859	0.098503	0.003664
15	0.438095	0.009823	0.095455	0.002071
9	0.583333	0.005894	0.091558	0.000176
11	0.545455	0.007204	0.090195	0.000554
8	0.714286	0.005239	0.089419	0.000022
8	0.642857	0.005239	0.089834	0.000071
14	0.428571	0.009168	0.093664	0.001998
11	0.490909	0.007204	0.095247	0.001263
11	0.490909	0.007204	0.099169	0.002175
11	0.490909	0.007204	0.102175	0.002528
12	0.484848	0.007859	0.104611	0.001863
13	0.461538	0.008513	0.107278	0.003795
13	0.435897	0.008513	0.108768	0.003881
11	0.454545	0.007204	0.110548	0.019925
7	0.523810	0.004584	0.109079	0.003119
6	0.466667	0.003929	0.110958	0.044111
6	0.733333	0.003929	0.105050	0.000300
9	0.472222	0.005894	0.106182	0.008524
6	0.733333	0.003929	0.100653	0.000056
9	0.583333	0.005894	0.101780	0.002576
7	0.666667	0.004584	0.099602	0.000098
7	0.523810	0.004584	0.102704	0.004552
9	0.555556	0.005894	0.099021	0.001545
7	0.619048	0.004584	0.097472	0.001246
8	0.607143	0.005239	0.094645	0.000858
10	0.511111	0.006549	0.093429	0.001877
10	0.600000	0.006549	0.092793	0.000907
8	0.714286	0.005239	0.091001	0.000094
11	0.472727	0.007204	0.092127	0.001140
15	0.390476	0.009823	0.098054	0.006249
12	0.469697	0.007859	0.098294	0.002180
11	0.490909	0.007204	0.105785	0.006572
11	0.490909	0.007204	0.105558	0.002443
10	0.488889	0.006549	0.113913	0.011862
10	0.466667	0.006549	0.114468	0.004752
12	0.348485	0.007859	0.118381	0.026264
9	0.416667	0.005894	0.117724	0.021393
7	0.476190	0.004584	0.113414	0.007342
8	0.464286	0.005239	0.113447	0.021998
11	0.527273	0.007204	0.114365	0.007217
12	0.393939	0.007859	0.116779	0.029039
13	0.435897	0.008513	0.112008	0.010531
12	0.469697	0.007859	0.108359	0.006704
12	0.469697	0.007859	0.102312	0.004371
12	0.469697	0.007859	0.100111	0.003445
12	0.500000	0.007859	0.095093	0.001238
12	0.500000	0.007859	0.093969	0.001259
12	0.500000	0.007859	0.091750	0.000798
13	0.448718	0.008513	0.095815	0.003005
12	0.469697	0.007859	0.096695	0.002773
11	0.490909	0.007204	0.101577	0.002691
11	0.436364	0.007204	0.102373	0.003686
10	0.422222	0.006549	0.104475	0.007219
5	0.700000	0.003274	0.099362	0.002489
7	0.380952	0.004584	0.101327	0.008466
6	0.666667	0.003929	0.097181	0.000094
8	0.571429	0.005239	0.097342	0.000800
7	0.619048	0.004584	0.095701	0.000858
8	0.607143	0.005239	0.094892	0.000263
14	0.417582	0.009168	0.095306	0.004864
9	0.638889	0.005894	0.093457	0.000499
7	0.809524	0.004584	0.090925	0.000050
6	0.533333	0.003929	0.118666	0.007091
7	0.428571	0.004584	0.121296	0.056886
9	0.444444	0.005894	0.119083	0.008870
7	0.571429	0.004584	0.117624	0.008251
9	0.527778	0.005894	0.110877	0.004580
10	0.488889	0.006549	0.109400	0.006661
11	0.490909	0.007204	0.105296	0.002710
11	0.490909	0.007204	0.101624	0.003109
12	0.454545	0.007859	0.099349	0.004009
15	0.438095	0.009823	0.094868	0.001978
9	0.583333	0.005894	0.092277	0.000199
11	0.545455	0.007204	0.089718	0.000544
8	0.714286	0.005239	0.088913	0.000019
8	0.642857	0.005239	0.090243	0.000071
14	0.428571	0.009168	0.093320	0.001949
11	0.490909	0.007204	0.095725	0.001252
11	0.490909	0.007204	0.099395	0.002136
11	0.490909	0.007204	0.102408	0.002488
12	0.484848	0.007859	0.104661	0.001701
13	0.461538	0.008513	0.107354	0.003775
13	0.435897	0.008513	0.108846	0.003888
11	0.454545	0.007204	0.110628	0.018980
7	0.523810	0.004584	0.109486	0.003115
6	0.466667	0.003929	0.111184	0.043373
6	0.733333	0.003929	0.105289	0.000295
9	0.472222	0.005894	0.106426	0.008603
6	0.733333	0.003929	0.100726	0.000056
9	0.583333	0.005894	0.101834	0.002556
7	0.666667	0.004584	0.099648	0.000096
7	0.523810	0.004584	0.103224	0.004743
9	0.555556	0.005894	0.099085	0.001525
7	0.619048	0.004584	0.097797	0.001246
8	0.607143	0.005239	0.095105	0.000852
10	0.511111	0.006549	0.094201	0.002022
10	0.600000	0.006549	0.093543	0.000995
8	0.714286	0.005239	0.091728	0.000130
11	0.472727	0.007204	0.092658	0.001148
15	0.380952	0.009823	0.098880	0.006824
12	0.469697	0.007859	0.099143	0.002324
11	0.490909	0.007204	0.107165	0.007756
11	0.490909	0.007204	0.106933	0.002776
10	0.488889	0.006549	0.114545	0.011915
10	0.466667	0.006549	0.114331	0.005031
12	0.363636	0.007859	0.117534	0.021746
9	0.444444	0.005894	0.117588	0.024860
7	0.476190	0.004584	0.113489	0.006478
8	0.464286	0.005239	0.113338	0.022938
11	0.527273	0.007204	0.114451	0.007061
13	0.358974	0.008513	0.116859	0.031155
13	0.435897	0.008513	0.111249	0.009089
12	0.469697	0.007859	0.108614	0.006876
12	0.469697	0.007859	0.101698	0.004204
12	0.469697	0.007859	0.100355	0.003472
12	0.500000	0.007859	0.094704	0.001225
12	0.500000	0.007859	0.093606	0.001248
12	0.500000	0.007859	0.091224	0.000804
13	0.448718	0.008513	0.095205	0.002816
12	0.469697	0.007859	0.096128	0.002803
11	0.490909	0.007204	0.100905	0.002127
11	0.436364	0.007204	0.101766	0.003901
10	0.422222	0.006549	0.103807	0.007780
5	0.700000	0.003274	0.099928	0.003049
7	0.380952	0.004584	0.100892	0.009446
6	0.666667	0.003929	0.096597	0.000094
8	0.571429	0.005239	0.096756	0.000800
7	0.619048	0.004584	0.095140	0.000931
8	0.607143	0.005239	0.094277	0.000189
14	0.417582	0.009168	0.094945	0.005031
9	0.638889	0.005894	0.093081	0.000502
7	0.809524	0.004584	0.090817	0.000050
7	0.523810	0.004584	0.118363	0.014554
7	0.428571	0.004584	0.119830	0.048023
9	0.416667	0.005894	0.121945	0.039108
7	0.523810	0.004584	0.120435	0.027616
9	0.527778	0.005894	0.113111	0.006027
10	0.488889	0.006549	0.111574	0.010425
11	0.490909	0.007204	0.106315	0.003051
11	0.490909	0.007204	0.103231	0.003948
12	0.454545	0.007859	0.099143	0.003805
15	0.438095	0.009823	0.096244	0.002115
9	0.583333	0.005894	0.092099	0.000163
11	0.545455	0.007204	0.090720	0.000599
8	0.714286	0.005239	0.090526	0.000034
8	0.642857	0.005239	0.090174	0.000071
14	0.428571	0.009168	0.094253	0.001981
11	0.490909	0.007204	0.095671	0.001260
11	0.490909	0.007204	0.099915	0.002185
11	0.490909	0.007204	0.102974	0.002551
12	0.484848	0.007859	0.105521	0.001950
13	0.461538	0.008513	0.108244	0.003918
13	0.435897	0.008513	0.109761	0.003939
11	0.472727	0.007204	0.111582	0.022859
7	0.523810	0.004584	0.110086	0.002950
6	0.466667	0.003929	0.111991	0.047756
6	0.733333	0.003929	0.105998	0.000296
9	0.472222	0.005894	0.107150	0.008853
6	0.733333	0.003929	0.101509	0.000056
9	0.583333	0.005894	0.102642	0.002579
7	0.666667	0.004584	0.100421	0.000095
7	0.523810	0.004584	0.103148	0.004392
9	0.555556	0.005894	0.099771	0.001546
7	0.619048	0.004584	0.097741	0.001239
8	0.607143	0.005239	0.095051	0.000849
10	0.511111	0.006549	0.093992	0.001830
10	0.600000	0.006549	0.093349	0.000843
9	0.611111	0.005894	0.092082	0.000508
11	0.490909	0.007204	0.092512	0.000865
15	0.390476	0.009823	0.098675	0.005895
12	0.469697	0.007859	0.098937	0.002507
11	0.490909	0.007204	0.106888	0.006841
11	0.490909	0.007204	0.106656	0.002638
10	0.488889	0.006549	0.114476	0.013025
10	0.466667	0.006549	0.115831	0.006082
12	0.363636	0.007859	0.119596	0.033068
9	0.444444	0.005894	0.119167	0.030259
8	0.535714	0.005239	0.115072	0.008646
8	0.500000	0.005239	0.114726	0.023271
11	0.545455	0.007204	0.115472	0.008302
13	0.397436	0.008513	0.117924	0.036774
13	0.435897	0.008513	0.113086	0.013236
12	0.469697	0.007859	0.109345	0.006844
12	0.469697	0.007859	0.103224	0.004778
12	0.469697	0.007859	0.100779	0.003423
11	0.509091	0.007204	0.095695	0.001105
12	0.484848	0.007859	0.094551	0.001309
12	0.484848	0.007859	0.092288	0.000784
13	0.448718	0.008513	0.096597	0.003205
12	0.469697	0.007859	0.097311	0.002658
11	0.490909	0.007204	0.102483	0.002988
11	0.436364	0.007204	0.103085	0.003348
10	0.422222	0.006549	0.105194	0.009525
5	0.700000	0.003274	0.099791	0.003667
7	0.380952	0.004584	0.101739	0.011439
6	0.666667	0.003929	0.097778	0.000093
8	0.571429	0.005239	0.097941	0.000787
7	0.619048	0.004584	0.096304	0.000760
8	0.607143	0.005239	0.095665	0.000298
14	0.406593	0.009168	0.095689	0.004750
8	0.642857	0.005239	0.094027	0.000510
7	0.761905	0.004584	0.091317	0.000050
7	0.476190	0.004584	0.114416	0.003148
8	0.392857	0.005239	0.120151	0.061763
9	0.444444	0.005894	0.117407	0.009126
7	0.571429	0.004584	0.116025	0.010443
9	0.527778	0.005894	0.110308	0.004665
10	0.488889	0.006549	0.108144	0.007720
11	0.490909	0.007204	0.104175	0.003103
11	0.490909	0.007204	0.099628	0.003006
12	0.454545	0.007859	0.096664	0.003658
15	0.438095	0.009823	0.094475	0.001939
9	0.583333	0.005894	0.090392	0.000191
11	0.545455	0.007204	0.090473	0.000587
8	0.714286	0.005239	0.089808	0.000050
8	0.642857	0.005239	0.089982	0.000076
14	0.428571	0.009168	0.093981	0.002475
11	0.490909	0.007204	0.095533	0.001366
11	0.490909	0.007204	0.099687	0.002468
11	0.490909	0.007204	0.102731	0.002682
12	0.484848	0.007859	0.105129	0.001874
13	0.461538	0.008513	0.107839	0.003909
13	0.435897	0.008513	0.109353	0.003863
11	0.472727	0.007204	0.111152	0.020846
7	0.523810	0.004584	0.110014	0.003358
6	0.466667	0.003929	0.111672	0.046618
6	0.733333	0.003929	0.105719	0.000303
9	0.472222	0.005894	0.106858	0.008653
6	0.733333	0.003929	0.101153	0.000056
9	0.583333	0.005894	0.102270	0.002704
7	0.666667	0.004584	0.100066	0.000098
7	0.523810	0.004584	0.102794	0.004643
9	0.555556	0.005894	0.099427	0.001663
7	0.619048	0.004584	0.097609	0.001525
8	0.607143	0.005239	0.094915	0.000997
10	0.511111	0.006549	0.093738	0.002160
10	0.600000	0.006549	0.093087	0.000951
8	0.714286	0.005239	0.090104	0.000089
11	0.472727	0.007204	0.090682	0.001076
15	0.380952	0.009823	0.095971	0.005607
12	0.469697	0.007859	0.096450	0.002110
11	0.490909	0.007204	0.103589	0.005758
11	0.490909	0.007204	0.103371	0.002224
10	0.488889	0.006549	0.110974	0.009727
10	0.466667	0.006549	0.112611	0.003451
12	0.378788	0.007859	0.115647	0.020407
9	0.472222	0.005894	0.118556	0.028498
8	0.571429	0.005239	0.114622	0.007161
8	0.500000	0.005239	0.114177	0.023562
11	0.545455	0.007204	0.113002	0.006684
14	0.373626	0.009168	0.117443	0.038961
13	0.435897	0.008513	0.112644	0.010700
12	0.469697	0.007859	0.109064	0.007391
12	0.469697	0.007859	0.102856	0.004339
12	0.469697	0.007859	0.100580	0.003938
11	0.509091	0.007204	0.095414	0.001188
12	0.484848	0.007859	0.094283	0.001312
12	0.484848	0.007859	0.092038	0.000892
13	0.448718	0.008513	0.094335	0.003347
12	0.469697	0.007859	0.095277	0.002628
11	0.490909	0.007204	0.099908	0.002432
11	0.436364	0.007204	0.100553	0.002936
10	0.422222	0.006549	0.103462	0.008524
5	0.700000	0.003274	0.099628	0.003243
7	0.380952	0.004584	0.101489	0.011648
6	0.666667	0.003929	0.097503	0.000143
8	0.571429	0.005239	0.097678	0.001155
7	0.619048	0.004584	0.094839	0.000682
8	0.607143	0.005239	0.094160	0.000326
14	0.406593	0.009168	0.095473	0.005051
9	0.555556	0.005894	0.093756	0.001057
7	0.761905	0.004584	0.091181	0.000046
6	0.533333	0.003929	0.114288	0.003033
8	0.392857	0.005239	0.120198	0.063165
9	0.444444	0.005894	0.117597	0.009089
7	0.571429	0.004584	0.116192	0.011282
9	0.527778	0.005894	0.109533	0.004453
10	0.488889	0.006549	0.108068	0.008344
11	0.490909	0.007204	0.103554	0.002952
11	0.490909	0.007204	0.100375	0.003421
12	0.454545	0.007859	0.096946	0.003760
15	0.438095	0.009823	0.093987	0.002075
9	0.583333	0.005894	0.089707	0.000206
11	0.545455	0.007204	0.089361	0.000588
8	0.714286	0.005239	0.088599	0.000043
8	0.642857	0.005239	0.088758	0.000084
14	0.428571	0.009168	0.092411	0.002148
11	0.490909	0.007204	0.093969	0.001432
11	0.490909	0.007204	0.097385	0.002284
11	0.472727	0.007204	0.100454	0.003147
12	0.469697	0.007859	0.102884	0.002000
12	0.469697	0.007859	0.107196	0.003243
13	0.423077	0.008513	0.108830	0.004522
10	0.466667	0.006549	0.110428	0.017058
7	0.523810	0.004584	0.109612	0.003315
6	0.466667	0.003929	0.111030	0.044206
6	0.733333	0.003929	0.105267	0.000443
9	0.472222	0.005894	0.106337	0.009204
6	0.733333	0.003929	0.100619	0.000057
9	0.583333	0.005894	0.101827	0.003044
7	0.666667	0.004584	0.099641	0.000133
7	0.523810	0.004584	0.101341	0.004662
9	0.555556	0.005894	0.097578	0.001708
7	0.619048	0.004584	0.095971	0.001299
8	0.607143	0.005239	0.093184	0.000918
10	0.511111	0.006549	0.092590	0.001998
10	0.600000	0.006549	0.091966	0.000963
8	0.714286	0.005239	0.089787	0.000098
11	0.472727	0.007204	0.090915	0.001176
15	0.390476	0.009823	0.096280	0.006119
12	0.469697	0.007859	0.096750	0.002170
11	0.490909	0.007204	0.103715	0.006085
11	0.490909	0.007204	0.103490	0.002312
10	0.488889	0.006549	0.111208	0.009843
10	0.466667	0.006549	0.111917	0.003864
12	0.363636	0.007859	0.115115	0.019641
9	0.444444	0.005894	0.115849	0.020390
7	0.476190	0.004584	0.110789	0.004888
8	0.464286	0.005239	0.113338	0.022542
11	0.509091	0.007204	0.112213	0.007193
13	0.346154	0.008513	0.116832	0.036901
12	0.439394	0.007859	0.108452	0.006505
12	0.454545	0.007859	0.106241	0.007320
11	0.490909	0.007204	0.099472	0.002875
12	0.469697	0.007859	0.098522	0.003889
11	0.509091	0.007204	0.092900	0.000787
12	0.484848	0.007859	0.092697	0.001334
12	0.484848	0.007859	0.090009	0.000705
13	0.448718	0.008513	0.094341	0.003150
12	0.469697	0.007859	0.095390	0.003006
11	0.490909	0.007204	0.099902	0.002665
11	0.436364	0.007204	0.100686	0.003587
10	0.422222	0.006549	0.102939	0.007790
5	0.700000	0.003274	0.098669	0.002723
7	0.380952	0.004584	0.100243	0.010053
6	0.666667	0.003929	0.096493	0.000123
8	0.571429	0.005239	0.096652	0.001162
7	0.619048	0.004584	0.094417	0.000854
8	0.607143	0.005239	0.093624	0.000298
14	0.406593	0.009168	0.094207	0.005164
8	0.642857	0.005239	0.091525	0.000472
7	0.761905	0.004584	0.088991	0.000052
7	0.523810	0.004584	0.118519	0.008198
7	0.428571	0.004584	0.120217	0.050400
9	0.444444	0.005894	0.117615	0.008098
7	0.571429	0.004584	0.116228	0.007580
9	0.527778	0.005894	0.109635	0.004345
10	0.488889	0.006549	0.108175	0.006166
11	0.490909	0.007204	0.104310	0.002661
11	0.490909	0.007204	0.100566	0.003061
12	0.454545	0.007859	0.098714	0.004130
15	0.438095	0.009823	0.094044	0.002030
9	0.583333	0.005894	0.091894	0.000227
11	0.545455	0.007204	0.088991	0.000550
8	0.714286	0.005239	0.088174	0.000019
8	0.642857	0.005239	0.089539	0.000072
14	0.428571	0.009168	0.091966	0.001851
11	0.490909	0.007204	0.094434	0.001232
11	0.490909	0.007204	0.097584	0.001890
11	0.490909	0.007204	0.100633	0.002457
12	0.484848	0.007859	0.103071	0.001632
13	0.461538	0.008513	0.106211	0.003874
13	0.435897	0.008513	0.107672	0.003931
11	0.454545	0.007204	0.109455	0.019392
7	0.523810	0.004584	0.107770	0.002048
6	0.466667	0.003929	0.111111	0.043370
6	0.733333	0.003929	0.103977	0.000320
9	0.472222	0.005894	0.105086	0.008955
6	0.733333	0.003929	0.099745	0.000058
9	0.583333	0.005894	0.100832	0.002663
7	0.666667	0.004584	0.098663	0.000100
7	0.523810	0.004584	0.102257	0.004865
9	0.555556	0.005894	0.097747	0.001572
7	0.619048	0.004584	0.096426	0.001236
8	0.607143	0.005239	0.093750	0.000844
10	0.511111	0.006549	0.093652	0.002140
10	0.600000	0.006549	0.093025	0.001072
8	0.714286	0.005239	0.091197	0.000138
11	0.472727	0.007204	0.092132	0.001188
15	0.390476	0.009823	0.098168	0.006887
12	0.469697	0.007859	0.098497	0.002294
11	0.490909	0.007204	0.106307	0.007729
11	0.490909	0.007204	0.106071	0.002737
10	0.488889	0.006549	0.113271	0.010579
10	0.466667	0.006549	0.113052	0.004305
12	0.348485	0.007859	0.115228	0.019267
9	0.416667	0.005894	0.116219	0.024756
7	0.476190	0.004584	0.111615	0.005489
8	0.464286	0.005239	0.112577	0.020397
11	0.527273	0.007204	0.112536	0.007214
12	0.393939	0.007859	0.115481	0.029709
13	0.435897	0.008513	0.109329	0.009291
12	0.469697	0.007859	0.106441	0.006230
12	0.469697	0.007859	0.100190	0.004367
12	0.469697	0.007859	0.098605	0.003207
12	0.500000	0.007859	0.093635	0.001252
12	0.500000	0.007859	0.092232	0.001233
12	0.500000	0.007859	0.090709	0.000836
13	0.448718	0.008513	0.094364	0.002995
12	0.469697	0.007859	0.095473	0.003007
11	0.490909	0.007204	0.099961	0.002117
11	0.436364	0.007204	0.100819	0.003971
10	0.422222	0.006549	0.103050	0.007886
5	0.700000	0.003274	0.099570	0.003051
7	0.380952	0.004584	0.099771	0.009773
6	0.666667	0.003929	0.096038	0.000107
8	0.571429	0.005239	0.096195	0.001010
7	0.619048	0.004584	0.094516	0.000967
8	0.607143	0.005239	0.093658	0.000220
14	0.417582	0.009168	0.093785	0.005161
9	0.638889	0.005894	0.091750	0.000516
7	0.809524	0.004584	0.089335	0.000050
