tdegree	cluster_coefficient	degrees_centrality	closenesses_centrality	betweennesses
143	0.999902	0.141026	0.228276	0.000000
173	0.942869	0.170611	0.242178	0.000033
202	0.875277	0.199211	0.250804	0.000148
225	0.818690	0.221893	0.254263	0.000264
256	0.751777	0.252465	0.269180	0.000921
260	0.744283	0.256410	0.300444	0.002134
260	0.744283	0.256410	0.308300	0.002336
230	0.804898	0.226824	0.305514	0.001037
230	0.777065	0.226824	0.310662	0.001298
260	0.700149	0.256410	0.357168	0.004426
261	0.699411	0.257396	0.360469	0.003826
231	0.781404	0.227811	0.355540	0.001367
232	0.811240	0.228797	0.369803	0.000778
260	0.754559	0.256410	0.406250	0.006148
261	0.752107	0.257396	0.407065	0.003161
260	0.750520	0.256410	0.400474	0.001853
260	0.750163	0.256410	0.382642	0.001094
297	0.654382	0.292899	0.417456	0.007989
228	0.812543	0.224852	0.385112	0.000601
199	0.876808	0.196252	0.369803	0.000180
254	0.711182	0.250493	0.370885	0.001129
282	0.653618	0.278107	0.374584	0.002085
205	0.767575	0.202170	0.342336	0.002681
209	0.813075	0.206114	0.362143	0.000776
266	0.708356	0.262327	0.379918	0.004737
240	0.716004	0.236686	0.327097	0.001730
214	0.771269	0.211045	0.317868	0.000931
93	0.855774	0.091716	0.293488	0.000229
157	0.825167	0.154832	0.312770	0.000854
83	0.870408	0.081854	0.302416	0.004118
11	0.581818	0.010848	0.274425	0.003993
4	0.500000	0.003945	0.232622	0.002055
4	0.500000	0.003945	0.215607	0.001981
3	0.666667	0.002959	0.188862	0.000047
2	1.000000	0.001972	0.177428	0.000000
144	0.999126	0.142012	0.228327	0.000000
173	0.942869	0.170611	0.242178	0.000033
202	0.875277	0.199211	0.250804	0.000148
230	0.808012	0.226824	0.254710	0.000295
259	0.746161	0.255424	0.269466	0.001160
260	0.744283	0.256410	0.300444	0.002134
260	0.744283	0.256410	0.308300	0.002336
229	0.807171	0.225838	0.305422	0.001003
229	0.779093	0.225838	0.310567	0.001229
260	0.700149	0.256410	0.357168	0.004426
260	0.700891	0.256410	0.357420	0.003670
231	0.781404	0.227811	0.355540	0.001367
232	0.811240	0.228797	0.369803	0.000778
260	0.754559	0.256410	0.406250	0.006148
261	0.752107	0.257396	0.407065	0.003161
260	0.750520	0.256410	0.400474	0.001853
261	0.748099	0.257396	0.382931	0.001174
293	0.663752	0.288955	0.415744	0.007188
228	0.812118	0.224852	0.388357	0.000618
201	0.871891	0.198225	0.372520	0.000199
259	0.705965	0.255424	0.380917	0.001542
296	0.634998	0.291913	0.385405	0.007224
230	0.760509	0.226824	0.346785	0.000880
238	0.758146	0.234714	0.368058	0.002510
255	0.728485	0.251479	0.377935	0.003493
227	0.721453	0.223866	0.325626	0.001412
229	0.761358	0.225838	0.324584	0.001204
204	0.735246	0.201183	0.313253	0.001899
158	0.732645	0.155819	0.307180	0.002201
100	0.712525	0.098619	0.263994	0.000748
60	0.659322	0.059172	0.249877	0.002681
38	0.526316	0.037475	0.238252	0.000757
18	0.496732	0.017751	0.205056	0.000484
13	0.525641	0.012821	0.204106	0.000380
6	0.800000	0.005917	0.177335	0.000008
144	0.999126	0.142012	0.228327	0.000000
173	0.942869	0.170611	0.242178	0.000033
202	0.875277	0.199211	0.250804	0.000148
231	0.805458	0.227811	0.254902	0.000303
259	0.745563	0.255424	0.283875	0.003155
260	0.744283	0.256410	0.300444	0.002134
260	0.744283	0.256410	0.308300	0.002336
222	0.818760	0.218935	0.307646	0.001117
223	0.783420	0.219921	0.323445	0.003043
261	0.698379	0.257396	0.360854	0.004742
263	0.696311	0.259369	0.361497	0.004170
227	0.792991	0.223866	0.355042	0.001153
232	0.811875	0.228797	0.389700	0.000653
260	0.754559	0.256410	0.406250	0.006148
260	0.754024	0.256410	0.397647	0.002846
260	0.750282	0.256410	0.388804	0.001379
260	0.750163	0.256410	0.382642	0.001094
313	0.623413	0.308679	0.421973	0.013379
236	0.782510	0.232742	0.392415	0.001363
211	0.817603	0.208087	0.378217	0.001639
260	0.705376	0.256410	0.373756	0.001236
289	0.650495	0.285010	0.379065	0.003079
233	0.755772	0.229783	0.333005	0.001332
222	0.779952	0.218935	0.365933	0.000711
255	0.721661	0.251479	0.373481	0.004989
190	0.732832	0.187377	0.316183	0.003844
199	0.740369	0.196252	0.315299	0.002548
119	0.808147	0.117357	0.297448	0.000326
201	0.799701	0.198225	0.320683	0.001042
109	0.813795	0.107495	0.307180	0.002724
29	0.615764	0.028600	0.279801	0.003865
11	0.563636	0.010848	0.237916	0.001976
7	0.428571	0.006903	0.222613	0.002035
3	0.666667	0.002959	0.192373	0.000022
2	1.000000	0.001972	0.182145	0.000000
144	0.999126	0.142012	0.228327	0.000000
173	0.942869	0.170611	0.242178	0.000033
202	0.875277	0.199211	0.250804	0.000148
230	0.808012	0.226824	0.254710	0.000295
259	0.746161	0.255424	0.269466	0.001160
260	0.744283	0.256410	0.300444	0.002134
260	0.744283	0.256410	0.308300	0.002336
228	0.809375	0.224852	0.305330	0.000972
229	0.779093	0.225838	0.310567	0.001229
260	0.700149	0.256410	0.357168	0.004426
263	0.696311	0.259369	0.361497	0.004170
231	0.781404	0.227811	0.355540	0.001367
232	0.811240	0.228797	0.369803	0.000778
260	0.754559	0.256410	0.406250	0.006148
261	0.752107	0.257396	0.407065	0.003161
259	0.752417	0.255424	0.400316	0.001520
261	0.748099	0.257396	0.382931	0.001174
292	0.664690	0.287968	0.416598	0.007100
228	0.812543	0.224852	0.385112	0.000601
201	0.871891	0.198225	0.372520	0.000199
258	0.707749	0.254438	0.372520	0.001184
290	0.642238	0.285996	0.377092	0.002476
223	0.755626	0.219921	0.344898	0.001447
237	0.761139	0.233728	0.366992	0.002300
258	0.725334	0.254438	0.378217	0.003158
236	0.717310	0.232742	0.326465	0.001500
229	0.761434	0.225838	0.324480	0.001461
170	0.723634	0.167653	0.309902	0.002099
192	0.738602	0.189349	0.310662	0.002362
150	0.722595	0.147929	0.305790	0.006478
57	0.652256	0.056213	0.251863	0.003710
42	0.600465	0.041420	0.243574	0.002689
27	0.669516	0.026627	0.204931	0.000726
32	0.614919	0.031558	0.205222	0.000616
26	0.624615	0.025641	0.206391	0.001074
144	0.999126	0.142012	0.228327	0.000000
173	0.942869	0.170611	0.242178	0.000033
202	0.875277	0.199211	0.250804	0.000148
231	0.805458	0.227811	0.254902	0.000303
260	0.744015	0.256410	0.283954	0.003285
260	0.744283	0.256410	0.300444	0.002134
260	0.744283	0.256410	0.308300	0.002336
225	0.810833	0.221893	0.307926	0.001467
224	0.781670	0.220907	0.323548	0.003234
260	0.700149	0.256410	0.357168	0.004426
266	0.691077	0.262327	0.364748	0.005620
228	0.790633	0.224852	0.357798	0.001587
231	0.814417	0.227811	0.364879	0.000536
260	0.754559	0.256410	0.406250	0.006148
261	0.752107	0.257396	0.407065	0.003161
260	0.750282	0.256410	0.388804	0.001379
261	0.747922	0.257396	0.395322	0.002119
306	0.636323	0.301775	0.420747	0.010983
236	0.782510	0.232742	0.392415	0.001363
212	0.810248	0.209073	0.378924	0.002733
262	0.700886	0.258383	0.376392	0.001271
299	0.632354	0.294872	0.381060	0.004217
248	0.739519	0.244576	0.336430	0.000674
240	0.753103	0.236686	0.368727	0.001414
239	0.720298	0.235700	0.371565	0.007655
149	0.747869	0.146943	0.311234	0.003294
159	0.781705	0.156805	0.316282	0.002859
63	0.777266	0.062130	0.291715	0.001807
57	0.774436	0.056213	0.292051	0.001129
21	0.790476	0.020710	0.274351	0.001979
12	0.590909	0.011834	0.267264	0.003058
6	0.466667	0.005917	0.216574	0.001796
4	0.500000	0.003945	0.211250	0.000656
3	0.666667	0.002959	0.178207	0.000002
3	0.333333	0.002959	0.176686	0.000009
143	0.999902	0.141026	0.228276	0.000000
173	0.942869	0.170611	0.242178	0.000033
202	0.875277	0.199211	0.250804	0.000148
230	0.808012	0.226824	0.254710	0.000295
259	0.746161	0.255424	0.269466	0.001160
260	0.744283	0.256410	0.300444	0.002134
260	0.744283	0.256410	0.308300	0.002336
228	0.809375	0.224852	0.305330	0.000972
229	0.774611	0.225838	0.324065	0.003671
262	0.696558	0.258383	0.360983	0.005072
261	0.699411	0.257396	0.360469	0.003826
228	0.790169	0.224852	0.355166	0.001202
237	0.799542	0.233728	0.393481	0.001298
260	0.754559	0.256410	0.406250	0.006148
260	0.754024	0.256410	0.397647	0.002846
262	0.746600	0.258383	0.401902	0.002576
260	0.750163	0.256410	0.382642	0.001094
317	0.616500	0.312623	0.422676	0.015243
236	0.782510	0.232742	0.392415	0.001363
209	0.826739	0.206114	0.377654	0.001344
260	0.705376	0.256410	0.373756	0.001236
292	0.646613	0.287968	0.377654	0.002755
230	0.764572	0.226824	0.332677	0.001272
225	0.778095	0.221893	0.366329	0.000720
270	0.693983	0.266272	0.375278	0.006121
225	0.720238	0.221893	0.325522	0.001985
223	0.742940	0.219921	0.318968	0.001126
153	0.727124	0.150888	0.306715	0.001827
95	0.759239	0.093688	0.295799	0.000640
74	0.637912	0.072978	0.255159	0.002417
49	0.556122	0.048323	0.243457	0.002874
22	0.645022	0.021696	0.212178	0.000135
12	0.712121	0.011834	0.201470	0.001191
5	0.700000	0.004931	0.200118	0.000790
2	1.000000	0.001972	0.167742	0.000000
144	0.999126	0.142012	0.228327	0.000000
173	0.942869	0.170611	0.242178	0.000033
202	0.875277	0.199211	0.250804	0.000148
225	0.818690	0.221893	0.254263	0.000264
254	0.755470	0.250493	0.269037	0.000836
260	0.744283	0.256410	0.300444	0.002134
260	0.744283	0.256410	0.308300	0.002336
230	0.804898	0.226824	0.305514	0.001037
230	0.777065	0.226824	0.310662	0.001298
260	0.700149	0.256410	0.357168	0.004426
260	0.700891	0.256410	0.357420	0.003670
231	0.781404	0.227811	0.355540	0.001367
232	0.811240	0.228797	0.369803	0.000778
260	0.754559	0.256410	0.406250	0.006148
261	0.752107	0.257396	0.407065	0.003161
261	0.748394	0.257396	0.400632	0.002206
261	0.748099	0.257396	0.382931	0.001174
292	0.665866	0.287968	0.414047	0.007014
229	0.810044	0.225838	0.388506	0.000641
200	0.873920	0.197239	0.371974	0.000190
259	0.705965	0.255424	0.380917	0.001542
294	0.636995	0.289941	0.385112	0.006612
225	0.770198	0.221893	0.344781	0.000751
229	0.765954	0.225838	0.366462	0.002529
250	0.740145	0.246548	0.376532	0.002551
231	0.718615	0.227811	0.326045	0.001513
236	0.735810	0.232742	0.326360	0.001913
191	0.722403	0.188363	0.311329	0.003437
167	0.773393	0.164694	0.309335	0.001011
93	0.736793	0.091716	0.293403	0.001290
26	0.652308	0.025641	0.267264	0.003214
19	0.614035	0.018738	0.232462	0.002128
6	0.466667	0.005917	0.212045	0.001909
5	0.500000	0.004931	0.188862	0.000087
2	1.000000	0.001972	0.175039	0.000000
144	0.999126	0.142012	0.228327	0.000000
173	0.942869	0.170611	0.242178	0.000033
202	0.875277	0.199211	0.250804	0.000148
230	0.808012	0.226824	0.254710	0.000295
260	0.744015	0.256410	0.283954	0.003285
260	0.744283	0.256410	0.300444	0.002134
260	0.744283	0.256410	0.308300	0.002336
221	0.822460	0.217949	0.307552	0.000934
226	0.782734	0.222880	0.310948	0.001210
261	0.698379	0.257396	0.360854	0.004742
263	0.696311	0.259369	0.361497	0.004170
228	0.790169	0.224852	0.355166	0.001202
231	0.814417	0.227811	0.364879	0.000536
260	0.754559	0.256410	0.406250	0.006148
260	0.754024	0.256410	0.397647	0.002846
260	0.750282	0.256410	0.388804	0.001379
260	0.750163	0.256410	0.382642	0.001094
308	0.632599	0.303748	0.421096	0.011532
235	0.786761	0.231755	0.392263	0.001290
209	0.826739	0.206114	0.377654	0.001344
260	0.705376	0.256410	0.373756	0.001236
301	0.632425	0.296844	0.381060	0.003513
243	0.747237	0.239645	0.334433	0.000669
234	0.762188	0.230769	0.367524	0.001433
255	0.723452	0.251479	0.378499	0.004408
193	0.737964	0.190335	0.321803	0.001657
227	0.737983	0.223866	0.325731	0.001635
155	0.727105	0.152860	0.308019	0.002122
191	0.747699	0.188363	0.310567	0.002099
123	0.751833	0.121302	0.297448	0.001365
76	0.785614	0.074951	0.289880	0.002477
54	0.606569	0.053254	0.282845	0.005351
19	0.561404	0.018738	0.229724	0.000172
8	0.892857	0.007890	0.221156	0.000008
7	0.952381	0.006903	0.212045	0.000002
144	0.999126	0.142012	0.228327	0.000000
173	0.942869	0.170611	0.242178	0.000033
202	0.875277	0.199211	0.250804	0.000148
230	0.808012	0.226824	0.254710	0.000295
259	0.746161	0.255424	0.269466	0.001160
260	0.744283	0.256410	0.300444	0.002134
260	0.744283	0.256410	0.308300	0.002336
228	0.809375	0.224852	0.305330	0.000972
229	0.779093	0.225838	0.310567	0.001229
260	0.700149	0.256410	0.357168	0.004426
261	0.699411	0.257396	0.360469	0.003826
231	0.781404	0.227811	0.355540	0.001367
232	0.811240	0.228797	0.369803	0.000778
260	0.754559	0.256410	0.406250	0.006148
261	0.752107	0.257396	0.407065	0.003161
260	0.750520	0.256410	0.400474	0.001853
261	0.748099	0.257396	0.382931	0.001174
292	0.665137	0.287968	0.415063	0.007159
228	0.812543	0.224852	0.385112	0.000601
201	0.871891	0.198225	0.372520	0.000199
259	0.705965	0.255424	0.380917	0.001542
296	0.636280	0.291913	0.377935	0.002786
233	0.763690	0.229783	0.346311	0.000707
243	0.746352	0.239645	0.368996	0.003102
248	0.742752	0.244576	0.375834	0.002474
188	0.757424	0.185404	0.320582	0.001252
224	0.733064	0.220907	0.319874	0.002310
153	0.804696	0.150888	0.308770	0.000303
200	0.802412	0.197239	0.320582	0.001034
108	0.804084	0.106509	0.308113	0.002859
22	0.541126	0.021696	0.252051	0.001190
19	0.561404	0.018738	0.249385	0.000374
15	0.609524	0.014793	0.225735	0.001397
11	0.581818	0.010848	0.222759	0.000762
3	0.666667	0.002959	0.184397	0.000003
144	0.999126	0.142012	0.228327	0.000000
173	0.942869	0.170611	0.242178	0.000033
202	0.875277	0.199211	0.250804	0.000148
225	0.818690	0.221893	0.254263	0.000264
255	0.753651	0.251479	0.269108	0.000859
260	0.744283	0.256410	0.300444	0.002134
260	0.744283	0.256410	0.308300	0.002336
231	0.802484	0.227811	0.305606	0.001074
230	0.777065	0.226824	0.310662	0.001298
260	0.700149	0.256410	0.357168	0.004426
260	0.700891	0.256410	0.357420	0.003670
231	0.781404	0.227811	0.355540	0.001367
232	0.811240	0.228797	0.369803	0.000778
260	0.754559	0.256410	0.406250	0.006148
260	0.754024	0.256410	0.397647	0.002846
261	0.748571	0.257396	0.401743	0.002304
260	0.750163	0.256410	0.382642	0.001094
302	0.643836	0.297830	0.419528	0.009728
230	0.805924	0.226824	0.388357	0.000710
202	0.866854	0.199211	0.376952	0.000281
259	0.706653	0.255424	0.373068	0.001202
301	0.632425	0.296844	0.379207	0.003125
233	0.767204	0.229783	0.345015	0.000592
246	0.740402	0.242604	0.369264	0.002937
257	0.723583	0.253452	0.378782	0.003990
194	0.739384	0.191321	0.321803	0.001904
221	0.739737	0.217949	0.325208	0.001528
121	0.756612	0.119329	0.265167	0.001244
138	0.711626	0.136095	0.306530	0.004951
97	0.651418	0.095661	0.294596	0.006655
47	0.510638	0.046351	0.244278	0.001497
27	0.646724	0.026627	0.234288	0.000392
25	0.663333	0.024655	0.209158	0.000168
12	0.772727	0.011834	0.194663	0.000009
5	0.900000	0.004931	0.190458	0.000001
144	0.999126	0.142012	0.228327	0.000000
173	0.942869	0.170611	0.242178	0.000033
202	0.875277	0.199211	0.250804	0.000148
230	0.808012	0.226824	0.254710	0.000295
259	0.746161	0.255424	0.269466	0.001160
260	0.744283	0.256410	0.300444	0.002134
260	0.744283	0.256410	0.308300	0.002336
229	0.807171	0.225838	0.305422	0.001003
229	0.779093	0.225838	0.310567	0.001229
260	0.700149	0.256410	0.357168	0.004426
263	0.696311	0.259369	0.361497	0.004170
231	0.781404	0.227811	0.355540	0.001367
232	0.811240	0.228797	0.369803	0.000778
260	0.754559	0.256410	0.406250	0.006148
261	0.752107	0.257396	0.407065	0.003161
259	0.752417	0.255424	0.400316	0.001520
260	0.750163	0.256410	0.382642	0.001094
294	0.661745	0.289941	0.415233	0.007197
226	0.816716	0.222880	0.384820	0.000557
192	0.892179	0.189349	0.366992	0.000130
249	0.713791	0.245562	0.370208	0.001090
272	0.666025	0.268245	0.379918	0.003109
200	0.768543	0.197239	0.341414	0.002864
215	0.801695	0.212032	0.362921	0.001119
260	0.720285	0.256410	0.378217	0.003080
234	0.736547	0.230769	0.325000	0.000895
222	0.776446	0.218935	0.323033	0.001197
166	0.715371	0.163708	0.309902	0.001886
155	0.736406	0.152860	0.306715	0.001601
85	0.737815	0.083826	0.261610	0.004172
33	0.746212	0.032544	0.247317	0.004642
12	0.515152	0.011834	0.210286	0.002328
7	0.380952	0.006903	0.199292	0.002592
3	0.666667	0.002959	0.173898	0.000027
2	1.000000	0.001972	0.166230	0.000000
144	0.999126	0.142012	0.228327	0.000000
173	0.942869	0.170611	0.242178	0.000033
202	0.875277	0.199211	0.250804	0.000148
231	0.805458	0.227811	0.254902	0.000303
260	0.744015	0.256410	0.283954	0.003285
260	0.744283	0.256410	0.300444	0.002134
260	0.744283	0.256410	0.308300	0.002336
222	0.818760	0.218935	0.307646	0.001117
224	0.784753	0.220907	0.323548	0.002682
260	0.700149	0.256410	0.357168	0.004426
264	0.694550	0.260355	0.363311	0.004554
228	0.790169	0.224852	0.355166	0.001202
231	0.814417	0.227811	0.364879	0.000536
260	0.754559	0.256410	0.406250	0.006148
261	0.752107	0.257396	0.407065	0.003161
260	0.750282	0.256410	0.388804	0.001379
260	0.750163	0.256410	0.382642	0.001094
306	0.636323	0.301775	0.420747	0.010983
234	0.792267	0.230769	0.391808	0.000936
209	0.826739	0.206114	0.377654	0.001344
260	0.705376	0.256410	0.373756	0.001236
302	0.630569	0.297830	0.381203	0.003691
245	0.743058	0.241617	0.335428	0.000717
241	0.750588	0.237673	0.368861	0.001672
256	0.708487	0.252465	0.379065	0.005283
169	0.781558	0.166667	0.317669	0.000497
216	0.751550	0.213018	0.318868	0.001296
121	0.732231	0.119329	0.300355	0.001561
161	0.700776	0.158777	0.308582	0.006507
86	0.728317	0.084813	0.261677	0.001703
47	0.844588	0.046351	0.249385	0.000176
50	0.706939	0.049310	0.256061	0.000430
24	0.615942	0.023669	0.243750	0.000941
65	0.638942	0.064103	0.288232	0.003116
25	0.483333	0.024655	0.261610	0.002616
143	0.999902	0.141026	0.228276	0.000000
173	0.942869	0.170611	0.242178	0.000033
202	0.875277	0.199211	0.250804	0.000148
225	0.818690	0.221893	0.254263	0.000264
255	0.753651	0.251479	0.269108	0.000859
260	0.744283	0.256410	0.300444	0.002134
260	0.744283	0.256410	0.308300	0.002336
231	0.802484	0.227811	0.305606	0.001074
230	0.777065	0.226824	0.310662	0.001298
260	0.700149	0.256410	0.357168	0.004426
260	0.700891	0.256410	0.357420	0.003670
231	0.781404	0.227811	0.355540	0.001367
232	0.811240	0.228797	0.369803	0.000778
260	0.754559	0.256410	0.406250	0.006148
261	0.752107	0.257396	0.407065	0.003161
259	0.752237	0.255424	0.399527	0.001713
261	0.748099	0.257396	0.382931	0.001174
289	0.671833	0.285010	0.413035	0.006306
225	0.818690	0.221893	0.384674	0.000536
199	0.876808	0.196252	0.369803	0.000180
256	0.707537	0.252465	0.379349	0.001848
284	0.647315	0.280079	0.382931	0.004430
216	0.761456	0.213018	0.344663	0.001468
230	0.766205	0.226824	0.365274	0.002525
252	0.737273	0.248521	0.376952	0.002497
238	0.711485	0.234714	0.326781	0.001603
234	0.737721	0.230769	0.325940	0.001615
134	0.743800	0.132150	0.301696	0.000776
139	0.708372	0.137081	0.305514	0.005591
103	0.674281	0.101578	0.296491	0.003957
49	0.564626	0.048323	0.244928	0.002450
37	0.566066	0.036489	0.236364	0.001335
26	0.627692	0.025641	0.200832	0.000369
30	0.588506	0.029586	0.200713	0.000631
27	0.689459	0.026627	0.204807	0.000052
144	0.999126	0.142012	0.228327	0.000000
173	0.942869	0.170611	0.242178	0.000033
202	0.875277	0.199211	0.250804	0.000148
223	0.822769	0.219921	0.252113	0.000254
252	0.759154	0.248521	0.268752	0.000711
260	0.744283	0.256410	0.300444	0.002134
260	0.744283	0.256410	0.308300	0.002336
231	0.802484	0.227811	0.305606	0.001074
227	0.785155	0.223866	0.310282	0.001149
260	0.700149	0.256410	0.357168	0.004426
260	0.700891	0.256410	0.357420	0.003670
232	0.778064	0.228797	0.356164	0.001484
232	0.811240	0.228797	0.369803	0.000778
260	0.754559	0.256410	0.406250	0.006148
261	0.752107	0.257396	0.407065	0.003161
262	0.746249	0.258383	0.400791	0.002595
261	0.748099	0.257396	0.382931	0.001174
292	0.665137	0.287968	0.415063	0.007159
228	0.812118	0.224852	0.388357	0.000618
201	0.871891	0.198225	0.372520	0.000199
260	0.704871	0.256410	0.381490	0.001561
294	0.638040	0.289941	0.377654	0.002674
236	0.757807	0.232742	0.368459	0.002703
253	0.729625	0.249507	0.370479	0.003714
252	0.727787	0.248521	0.376532	0.003042
182	0.751321	0.179487	0.320278	0.001098
227	0.752407	0.223866	0.324896	0.001188
175	0.730115	0.172584	0.311043	0.001710
143	0.718901	0.141026	0.307646	0.007082
93	0.718093	0.091716	0.263582	0.009805
19	0.473684	0.018738	0.241256	0.003500
11	0.545455	0.010848	0.211030	0.002214
8	0.785714	0.007890	0.196245	0.000036
7	0.714286	0.006903	0.175798	0.000025
10	0.488889	0.009862	0.182178	0.000212
144	0.999126	0.142012	0.228327	0.000000
173	0.942869	0.170611	0.242178	0.000033
202	0.875277	0.199211	0.250804	0.000148
230	0.808012	0.226824	0.254710	0.000295
259	0.746161	0.255424	0.269466	0.001160
260	0.744283	0.256410	0.300444	0.002134
260	0.744283	0.256410	0.308300	0.002336
228	0.809375	0.224852	0.305330	0.000972
229	0.779093	0.225838	0.310567	0.001229
260	0.700149	0.256410	0.357168	0.004426
263	0.696311	0.259369	0.361497	0.004170
231	0.781404	0.227811	0.355540	0.001367
232	0.811240	0.228797	0.369803	0.000778
260	0.754559	0.256410	0.406250	0.006148
261	0.752107	0.257396	0.407065	0.003161
259	0.752417	0.255424	0.400316	0.001520
260	0.750163	0.256410	0.382642	0.001094
293	0.664851	0.288955	0.414554	0.007056
227	0.814627	0.223866	0.384966	0.000579
199	0.876808	0.196252	0.369803	0.000180
257	0.708293	0.253452	0.372383	0.001176
283	0.651355	0.279093	0.381921	0.004386
218	0.760665	0.214990	0.344312	0.001418
227	0.779814	0.223866	0.365669	0.001809
258	0.725334	0.254438	0.378217	0.003158
220	0.753923	0.216963	0.323548	0.000646
177	0.811954	0.174556	0.317172	0.000303
89	0.841164	0.087771	0.304505	0.000729
170	0.675113	0.167653	0.361626	0.006792
59	0.767387	0.058185	0.290628	0.000995
54	0.700210	0.053254	0.291296	0.004268
17	0.507353	0.016765	0.245759	0.003788
7	0.333333	0.006903	0.230350	0.000498
3	1.000000	0.002959	0.198357	0.000000
3	1.000000	0.002959	0.198357	0.000000
144	0.999126	0.142012	0.228327	0.000000
173	0.942869	0.170611	0.242178	0.000033
202	0.875277	0.199211	0.250804	0.000148
230	0.808012	0.226824	0.254710	0.000295
259	0.746161	0.255424	0.269466	0.001160
260	0.744283	0.256410	0.300444	0.002134
260	0.744283	0.256410	0.308300	0.002336
228	0.809375	0.224852	0.305330	0.000972
228	0.780895	0.224852	0.310472	0.001181
260	0.700149	0.256410	0.357168	0.004426
263	0.696311	0.259369	0.361497	0.004170
230	0.784431	0.226824	0.355415	0.001307
231	0.814417	0.227811	0.364879	0.000536
260	0.754559	0.256410	0.406250	0.006148
260	0.754024	0.256410	0.397647	0.002846
260	0.750282	0.256410	0.388804	0.001379
260	0.750163	0.256410	0.382642	0.001094
309	0.630732	0.304734	0.421271	0.011807
234	0.792267	0.230769	0.391808	0.000936
206	0.840635	0.203156	0.376952	0.000982
260	0.705376	0.256410	0.373756	0.001236
297	0.639958	0.292899	0.378358	0.002937
227	0.769015	0.223866	0.343263	0.001487
216	0.786865	0.213018	0.365142	0.000675
268	0.698949	0.264300	0.374861	0.005845
226	0.717365	0.222880	0.325522	0.001751
224	0.743354	0.220907	0.319672	0.001217
119	0.728101	0.117357	0.274574	0.001937
125	0.690968	0.123274	0.300355	0.002631
96	0.584211	0.094675	0.263240	0.007060
54	0.507338	0.053254	0.245580	0.003130
27	0.649573	0.026627	0.212936	0.000211
23	0.577075	0.022682	0.214060	0.001868
16	0.758333	0.015779	0.207489	0.000048
20	0.521053	0.019724	0.241084	0.000545
144	0.999126	0.142012	0.228327	0.000000
173	0.942869	0.170611	0.242178	0.000033
202	0.875277	0.199211	0.250804	0.000148
230	0.808012	0.226824	0.254710	0.000295
260	0.744015	0.256410	0.283954	0.003285
260	0.744283	0.256410	0.300444	0.002134
260	0.744283	0.256410	0.308300	0.002336
228	0.807906	0.224852	0.308207	0.001321
228	0.777842	0.224852	0.323962	0.003501
260	0.700149	0.256410	0.357168	0.004426
263	0.696311	0.259369	0.361497	0.004170
229	0.787290	0.225838	0.355291	0.001254
231	0.814417	0.227811	0.364879	0.000536
260	0.754559	0.256410	0.406250	0.006148
260	0.754024	0.256410	0.397647	0.002846
260	0.750282	0.256410	0.388804	0.001379
261	0.747922	0.257396	0.395322	0.002119
308	0.632599	0.303748	0.421096	0.011532
236	0.782510	0.232742	0.392415	0.001363
210	0.824880	0.207101	0.379065	0.001638
260	0.705376	0.256410	0.373756	0.001236
296	0.638800	0.291913	0.380345	0.003277
231	0.763599	0.227811	0.344079	0.000775
235	0.763630	0.231755	0.367791	0.000805
261	0.711347	0.257396	0.373894	0.005417
211	0.720876	0.208087	0.324065	0.001930
182	0.794487	0.179487	0.318267	0.000437
119	0.797465	0.117357	0.342683	0.001256
150	0.729306	0.147929	0.358431	0.006853
64	0.730159	0.063116	0.294511	0.002182
38	0.701280	0.037475	0.287905	0.002594
21	0.523810	0.020710	0.245818	0.000845
15	0.733333	0.014793	0.230927	0.000318
18	0.777778	0.017751	0.208171	0.000040
27	0.646724	0.026627	0.212134	0.000412
144	0.999126	0.142012	0.228327	0.000000
173	0.942869	0.170611	0.242178	0.000033
202	0.875277	0.199211	0.250804	0.000148
230	0.808012	0.226824	0.254710	0.000295
258	0.748017	0.254438	0.269394	0.001073
260	0.744283	0.256410	0.300444	0.002134
260	0.744283	0.256410	0.308300	0.002336
230	0.804898	0.226824	0.305514	0.001037
230	0.777065	0.226824	0.310662	0.001298
260	0.700149	0.256410	0.357168	0.004426
260	0.700891	0.256410	0.357420	0.003670
231	0.781404	0.227811	0.355540	0.001367
232	0.811240	0.228797	0.369803	0.000778
260	0.754559	0.256410	0.406250	0.006148
261	0.752107	0.257396	0.407065	0.003161
261	0.748571	0.257396	0.401743	0.002304
260	0.750163	0.256410	0.382642	0.001094
299	0.649570	0.294872	0.419008	0.009173
233	0.791624	0.229783	0.389700	0.001231
205	0.853898	0.202170	0.378217	0.000690
260	0.705376	0.256410	0.373756	0.001236
303	0.629948	0.298817	0.379775	0.003335
239	0.758834	0.235700	0.346193	0.000627
244	0.744755	0.240631	0.369130	0.002743
256	0.719853	0.252465	0.379065	0.004543
197	0.733710	0.194280	0.322212	0.001732
234	0.735630	0.230769	0.326675	0.001846
171	0.717785	0.168639	0.309618	0.003011
118	0.698392	0.116371	0.300801	0.002987
78	0.633367	0.076923	0.260668	0.002194
50	0.537143	0.049310	0.243691	0.001938
40	0.524359	0.039448	0.213384	0.000594
27	0.578348	0.026627	0.200118	0.001152
14	0.758242	0.013807	0.193143	0.000072
8	0.892857	0.007890	0.172890	0.000004
142	1.000000	0.140039	0.228224	0.000000
173	0.942869	0.170611	0.242178	0.000033
202	0.875277	0.199211	0.250804	0.000148
217	0.835851	0.214004	0.251738	0.000223
252	0.759154	0.248521	0.268752	0.000711
260	0.744283	0.256410	0.300444	0.002134
260	0.744283	0.256410	0.308300	0.002336
231	0.802484	0.227811	0.305606	0.001074
224	0.793642	0.220907	0.309997	0.001050
260	0.700149	0.256410	0.357168	0.004426
260	0.700891	0.256410	0.357420	0.003670
233	0.774715	0.229783	0.358304	0.001764
234	0.804042	0.230769	0.371701	0.002473
260	0.754559	0.256410	0.406250	0.006148
261	0.752107	0.257396	0.407065	0.003161
264	0.740437	0.260355	0.400158	0.003713
262	0.745869	0.258383	0.385551	0.001618
291	0.666785	0.286982	0.414894	0.006943
227	0.809481	0.223866	0.388506	0.000715
202	0.869070	0.199211	0.374308	0.000214
260	0.704099	0.256410	0.381060	0.001912
290	0.641570	0.285996	0.376952	0.002477
226	0.751465	0.222880	0.346667	0.001281
246	0.741895	0.242604	0.368861	0.002955
260	0.719186	0.256410	0.379065	0.003625
218	0.739145	0.214990	0.324376	0.001234
223	0.775502	0.219921	0.323445	0.000741
191	0.742188	0.188363	0.312963	0.001043
151	0.731126	0.148915	0.307459	0.001893
107	0.740081	0.105523	0.264821	0.003182
44	0.585624	0.043393	0.250804	0.005294
19	0.450292	0.018738	0.221446	0.002519
11	0.545455	0.010848	0.211030	0.002214
8	0.785714	0.007890	0.196245	0.000036
6	0.666667	0.005917	0.175493	0.000039
143	0.999902	0.141026	0.228276	0.000000
173	0.942869	0.170611	0.242178	0.000033
202	0.875277	0.199211	0.250804	0.000148
225	0.818690	0.221893	0.254263	0.000264
255	0.753651	0.251479	0.269108	0.000859
260	0.744283	0.256410	0.300444	0.002134
260	0.744283	0.256410	0.308300	0.002336
231	0.802484	0.227811	0.305606	0.001074
230	0.777065	0.226824	0.310662	0.001298
261	0.698379	0.257396	0.360854	0.004742
260	0.700891	0.256410	0.357420	0.003670
230	0.784431	0.226824	0.355415	0.001307
232	0.811240	0.228797	0.369803	0.000778
262	0.749934	0.258383	0.406576	0.006379
260	0.754024	0.256410	0.397647	0.002846
262	0.746600	0.258383	0.401902	0.002576
260	0.750163	0.256410	0.382642	0.001094
306	0.636323	0.301775	0.420747	0.010983
236	0.782510	0.232742	0.392415	0.001363
204	0.858881	0.201183	0.377373	0.000376
258	0.707749	0.254438	0.372520	0.001184
301	0.633068	0.296844	0.379207	0.003131
226	0.769558	0.222880	0.342568	0.000758
210	0.810162	0.207101	0.364093	0.000765
268	0.699396	0.264300	0.380345	0.006207
228	0.732321	0.224852	0.325522	0.001870
230	0.737612	0.226824	0.325626	0.001660
155	0.716632	0.152860	0.303684	0.002052
96	0.765132	0.094675	0.295368	0.000728
77	0.655844	0.075937	0.256125	0.001299
45	0.616162	0.044379	0.243341	0.003058
39	0.570850	0.038462	0.212267	0.000478
22	0.670996	0.021696	0.198980	0.001011
15	0.800000	0.014793	0.192996	0.000064
5	1.000000	0.004931	0.167465	0.000000
144	0.999126	0.142012	0.228327	0.000000
173	0.942869	0.170611	0.242178	0.000033
202	0.875277	0.199211	0.250804	0.000148
230	0.808012	0.226824	0.254710	0.000295
259	0.746161	0.255424	0.269466	0.001160
260	0.744283	0.256410	0.300444	0.002134
260	0.744283	0.256410	0.308300	0.002336
228	0.807906	0.224852	0.308207	0.001321
230	0.775850	0.226824	0.324169	0.003338
260	0.700149	0.256410	0.357168	0.004426
279	0.671205	0.275148	0.366462	0.012826
232	0.779818	0.228797	0.358304	0.002424
231	0.814417	0.227811	0.364879	0.000536
260	0.754559	0.256410	0.406250	0.006148
263	0.747105	0.259369	0.398115	0.003208
260	0.750282	0.256410	0.388804	0.001379
260	0.750163	0.256410	0.382642	0.001094
294	0.661814	0.289941	0.411693	0.007094
228	0.812543	0.224852	0.385112	0.000601
193	0.890004	0.190335	0.366992	0.000135
257	0.708293	0.253452	0.372383	0.001176
273	0.666747	0.269231	0.372657	0.001761
205	0.779770	0.202170	0.341644	0.003038
221	0.800617	0.217949	0.364748	0.000791
263	0.713900	0.259369	0.378924	0.003762
226	0.748909	0.222880	0.325000	0.000926
179	0.816019	0.176529	0.318168	0.000352
113	0.843394	0.111440	0.306530	0.000452
179	0.663235	0.176529	0.362921	0.009422
54	0.773585	0.053254	0.293573	0.001021
28	0.703704	0.027613	0.281276	0.001991
16	0.641667	0.015779	0.235267	0.001827
6	0.533333	0.005917	0.226592	0.002162
3	0.666667	0.002959	0.190602	0.000019
2	1.000000	0.001972	0.184800	0.000000
144	0.999126	0.142012	0.228327	0.000000
173	0.942869	0.170611	0.242178	0.000033
202	0.875277	0.199211	0.250804	0.000148
230	0.808012	0.226824	0.254710	0.000295
259	0.746161	0.255424	0.269466	0.001160
260	0.744283	0.256410	0.300444	0.002134
260	0.744283	0.256410	0.308300	0.002336
229	0.807171	0.225838	0.305422	0.001003
228	0.780895	0.224852	0.310472	0.001181
260	0.700149	0.256410	0.357168	0.004426
261	0.699411	0.257396	0.360469	0.003826
230	0.784431	0.226824	0.355415	0.001307
231	0.814417	0.227811	0.364879	0.000536
260	0.754559	0.256410	0.406250	0.006148
260	0.754024	0.256410	0.397647	0.002846
261	0.748482	0.257396	0.401743	0.001975
260	0.750163	0.256410	0.382642	0.001094
302	0.643836	0.297830	0.419528	0.009728
233	0.791624	0.229783	0.389700	0.001231
204	0.858881	0.201183	0.377373	0.000376
258	0.707749	0.254438	0.372520	0.001184
302	0.631757	0.297830	0.379349	0.003184
226	0.769558	0.222880	0.342568	0.000758
201	0.825721	0.198225	0.361884	0.000547
269	0.697414	0.265286	0.375139	0.005927
211	0.743444	0.208087	0.318267	0.001250
221	0.734513	0.217949	0.325104	0.001188
141	0.809524	0.139053	0.311521	0.002379
151	0.679823	0.148915	0.355042	0.009564
61	0.640984	0.060158	0.328581	0.005657
15	0.619048	0.014793	0.270616	0.006695
6	0.466667	0.005917	0.248286	0.002175
5	0.300000	0.004931	0.213429	0.003454
3	0.666667	0.002959	0.199097	0.000056
2	1.000000	0.001972	0.175950	0.000000
144	0.999126	0.142012	0.228327	0.000000
173	0.942869	0.170611	0.242178	0.000033
202	0.875277	0.199211	0.250804	0.000148
214	0.842920	0.211045	0.251550	0.000208
249	0.764769	0.245562	0.268538	0.000653
260	0.744283	0.256410	0.300444	0.002134
260	0.744283	0.256410	0.308300	0.002336
231	0.802484	0.227811	0.305606	0.001074
223	0.796550	0.219921	0.309902	0.001017
260	0.700149	0.256410	0.357168	0.004426
260	0.700891	0.256410	0.357420	0.003670
235	0.768140	0.231755	0.358557	0.002310
239	0.786892	0.235700	0.373618	0.009671
260	0.754559	0.256410	0.406250	0.006148
267	0.738898	0.263314	0.408048	0.005372
261	0.745977	0.257396	0.398585	0.002823
263	0.743651	0.259369	0.386139	0.002181
291	0.668278	0.286982	0.419702	0.021492
221	0.826080	0.217949	0.384820	0.000460
198	0.878685	0.195266	0.371157	0.000177
256	0.707537	0.252465	0.379349	0.001848
283	0.646393	0.279093	0.382786	0.006296
225	0.740873	0.221893	0.366065	0.003953
241	0.749066	0.237673	0.366992	0.003003
253	0.735084	0.249507	0.376812	0.002475
215	0.757922	0.212032	0.323136	0.000647
173	0.808106	0.170611	0.316282	0.000337
84	0.810958	0.082840	0.302235	0.000596
156	0.701737	0.153846	0.357798	0.005978
60	0.743503	0.059172	0.293233	0.001501
44	0.748414	0.043393	0.290129	0.000874
16	0.625000	0.015779	0.242584	0.000302
39	0.479082	0.038462	0.255931	0.004961
27	0.595442	0.026627	0.237582	0.000321
30	0.597701	0.029586	0.234180	0.002026
144	0.999126	0.142012	0.228327	0.000000
173	0.942869	0.170611	0.242178	0.000033
203	0.872311	0.200197	0.250866	0.000153
231	0.805458	0.227811	0.254902	0.000303
252	0.757099	0.248521	0.283319	0.002355
260	0.744283	0.256410	0.300444	0.002134
260	0.744283	0.256410	0.308300	0.002336
211	0.840081	0.208087	0.306622	0.000723
226	0.761337	0.222880	0.343147	0.018760
276	0.673491	0.272189	0.362791	0.010897
275	0.676841	0.271203	0.365933	0.010389
218	0.830635	0.214990	0.356039	0.001068
245	0.781733	0.241617	0.397335	0.002451
265	0.743225	0.261341	0.407065	0.006884
261	0.751695	0.257396	0.397803	0.002948
268	0.732908	0.264300	0.391960	0.005478
266	0.737041	0.262327	0.399213	0.009785
324	0.605951	0.319527	0.426050	0.027758
237	0.777194	0.233728	0.392567	0.001741
204	0.815706	0.201183	0.377794	0.001876
260	0.705376	0.256410	0.373756	0.001236
288	0.653383	0.284024	0.380060	0.003818
228	0.763583	0.224852	0.331806	0.001279
213	0.784038	0.210059	0.330940	0.000497
257	0.714616	0.253452	0.373618	0.007080
215	0.741621	0.212032	0.318467	0.001486
222	0.741918	0.218935	0.319270	0.001139
162	0.719423	0.159763	0.308300	0.001989
116	0.754423	0.114398	0.301337	0.000905
139	0.703681	0.137081	0.305514	0.005560
39	0.765182	0.038462	0.250123	0.001364
43	0.621262	0.042406	0.243633	0.002888
16	0.725000	0.015779	0.204642	0.000598
10	0.888889	0.009862	0.197238	0.000107
5	1.000000	0.004931	0.171255	0.000000
143	0.999902	0.141026	0.228276	0.000000
173	0.942869	0.170611	0.242178	0.000033
202	0.875277	0.199211	0.250804	0.000148
209	0.855539	0.206114	0.251239	0.000183
242	0.779020	0.238659	0.258673	0.000498
260	0.744283	0.256410	0.300444	0.002134
260	0.744283	0.256410	0.308300	0.002336
232	0.799896	0.228797	0.305698	0.001116
217	0.815028	0.214004	0.307180	0.000799
260	0.700149	0.256410	0.357168	0.004426
260	0.700891	0.256410	0.357420	0.003670
239	0.755599	0.235700	0.359702	0.004010
238	0.790235	0.234714	0.373068	0.007223
260	0.754559	0.256410	0.406250	0.006148
264	0.745362	0.260355	0.407556	0.004222
266	0.736672	0.262327	0.399842	0.003851
264	0.741445	0.260355	0.386286	0.002676
292	0.665866	0.287968	0.414047	0.007014
225	0.817540	0.221893	0.387911	0.000560
202	0.869021	0.199211	0.372247	0.000217
260	0.704099	0.256410	0.381060	0.001912
292	0.639411	0.287968	0.377232	0.002571
224	0.749279	0.220907	0.365801	0.003640
237	0.759386	0.233728	0.366462	0.002304
269	0.699967	0.265286	0.380631	0.005805
216	0.746081	0.213018	0.323858	0.000953
194	0.815074	0.191321	0.319471	0.000369
165	0.766741	0.162722	0.316479	0.002759
172	0.715354	0.169625	0.308770	0.001562
71	0.742857	0.070020	0.260601	0.005867
18	0.633987	0.017751	0.253057	0.002877
7	0.476190	0.006903	0.208000	0.003591
6	0.533333	0.005917	0.203125	0.000461
4	1.000000	0.003945	0.172684	0.000000
4	1.000000	0.003945	0.172684	0.000000
143	0.999902	0.141026	0.228276	0.000000
173	0.942869	0.170611	0.242178	0.000033
202	0.875277	0.199211	0.250804	0.000148
226	0.816519	0.222880	0.254454	0.000271
259	0.746161	0.255424	0.269466	0.001160
260	0.744283	0.256410	0.300444	0.002134
260	0.744283	0.256410	0.308300	0.002336
230	0.804898	0.226824	0.305514	0.001037
229	0.779093	0.225838	0.310567	0.001229
262	0.696558	0.258383	0.360983	0.005072
260	0.700891	0.256410	0.357420	0.003670
231	0.781028	0.227811	0.356039	0.001423
233	0.808717	0.229783	0.395322	0.014837
260	0.754559	0.256410	0.406250	0.006148
260	0.754024	0.256410	0.397647	0.002846
263	0.744492	0.259369	0.402062	0.003216
260	0.750163	0.256410	0.382642	0.001094
308	0.632599	0.303748	0.421096	0.011532
237	0.777194	0.233728	0.392567	0.001741
207	0.841424	0.204142	0.378641	0.001250
260	0.705376	0.256410	0.373756	0.001236
300	0.633802	0.295858	0.379349	0.003187
231	0.763599	0.227811	0.344079	0.000775
228	0.775910	0.224852	0.366727	0.001032
265	0.703459	0.261341	0.379918	0.005904
212	0.727667	0.209073	0.324065	0.001291
228	0.764935	0.224852	0.324065	0.000815
199	0.743820	0.196252	0.313738	0.001150
162	0.721494	0.159763	0.309146	0.002870
88	0.757315	0.086785	0.263103	0.001820
55	0.602694	0.054241	0.250494	0.004690
18	0.509804	0.017751	0.212980	0.003027
12	0.560606	0.011834	0.203778	0.001577
7	0.619048	0.006903	0.176963	0.000033
3	0.666667	0.002959	0.169821	0.000001
144	0.999126	0.142012	0.228327	0.000000
173	0.942869	0.170611	0.242178	0.000033
202	0.875277	0.199211	0.250804	0.000148
230	0.808012	0.226824	0.254710	0.000295
259	0.746161	0.255424	0.269466	0.001160
260	0.744283	0.256410	0.300444	0.002134
260	0.744283	0.256410	0.308300	0.002336
228	0.809375	0.224852	0.305330	0.000972
228	0.780895	0.224852	0.310472	0.001181
260	0.700149	0.256410	0.357168	0.004426
263	0.696311	0.259369	0.361497	0.004170
230	0.784431	0.226824	0.355415	0.001307
231	0.814417	0.227811	0.364879	0.000536
260	0.754559	0.256410	0.406250	0.006148
260	0.754024	0.256410	0.397647	0.002846
260	0.750282	0.256410	0.388804	0.001379
260	0.750163	0.256410	0.382642	0.001094
306	0.636323	0.301775	0.420747	0.010983
236	0.782510	0.232742	0.392415	0.001363
208	0.834030	0.205128	0.378641	0.001334
260	0.705376	0.256410	0.373756	0.001236
301	0.632536	0.296844	0.379491	0.003232
243	0.747237	0.239645	0.334433	0.000669
243	0.746454	0.239645	0.368996	0.002420
258	0.711248	0.254438	0.379349	0.005021
191	0.734693	0.188363	0.321598	0.001678
233	0.743192	0.229783	0.326360	0.001717
207	0.719432	0.204142	0.313835	0.002964
170	0.724678	0.167653	0.308864	0.004921
81	0.652160	0.079882	0.261004	0.002334
58	0.653358	0.057199	0.249140	0.006050
23	0.648221	0.022682	0.212178	0.000132
35	0.608403	0.034517	0.211030	0.000336
26	0.667692	0.025641	0.204477	0.000072
32	0.681452	0.031558	0.241027	0.001062
144	0.999126	0.142012	0.228327	0.000000
173	0.942869	0.170611	0.242178	0.000033
202	0.875277	0.199211	0.250804	0.000148
230	0.808012	0.226824	0.254710	0.000295
260	0.744015	0.256410	0.283954	0.003285
260	0.744283	0.256410	0.300444	0.002134
260	0.744283	0.256410	0.308300	0.002336
222	0.820309	0.218935	0.307646	0.000973
223	0.785036	0.219921	0.323445	0.002457
262	0.696558	0.258383	0.360983	0.005072
263	0.696311	0.259369	0.361497	0.004170
230	0.785950	0.226824	0.358051	0.002532
239	0.794874	0.235700	0.394860	0.001572
260	0.754559	0.256410	0.406250	0.006148
260	0.754024	0.256410	0.397647	0.002846
264	0.741330	0.260355	0.391355	0.003231
266	0.737041	0.262327	0.399213	0.009785
317	0.616500	0.312623	0.422676	0.015243
238	0.772826	0.234714	0.393481	0.001844
218	0.771445	0.214990	0.382209	0.004212
261	0.703301	0.257396	0.376113	0.001254
280	0.667665	0.276134	0.378924	0.003270
245	0.744764	0.241617	0.336207	0.001855
235	0.757847	0.231755	0.333772	0.000775
236	0.741363	0.232742	0.371565	0.011691
166	0.730778	0.163708	0.314224	0.002136
208	0.740245	0.205128	0.317669	0.001345
115	0.724943	0.113412	0.299115	0.001057
107	0.684006	0.105523	0.298148	0.005007
64	0.543155	0.063116	0.252994	0.004566
45	0.534343	0.044379	0.236419	0.003498
27	0.552707	0.026627	0.205596	0.000301
21	0.638095	0.020710	0.204807	0.000257
14	0.472527	0.013807	0.204230	0.000232
6	0.400000	0.005917	0.177957	0.000128
143	0.999902	0.141026	0.228276	0.000000
173	0.942869	0.170611	0.242178	0.000033
202	0.875277	0.199211	0.250804	0.000148
227	0.814354	0.223866	0.254518	0.000277
256	0.751777	0.252465	0.269180	0.000921
260	0.744283	0.256410	0.300444	0.002134
260	0.744283	0.256410	0.308300	0.002336
230	0.804898	0.226824	0.305514	0.001037
230	0.777065	0.226824	0.310662	0.001298
260	0.700149	0.256410	0.357168	0.004426
260	0.700891	0.256410	0.357420	0.003670
231	0.781404	0.227811	0.355540	0.001367
232	0.811240	0.228797	0.369803	0.000778
260	0.754559	0.256410	0.406250	0.006148
261	0.752107	0.257396	0.407065	0.003161
260	0.750520	0.256410	0.400474	0.001853
261	0.748099	0.257396	0.382931	0.001174
297	0.654268	0.292899	0.417972	0.008310
230	0.805924	0.226824	0.388357	0.000710
203	0.863825	0.200197	0.377092	0.000292
258	0.707749	0.254438	0.372520	0.001184
302	0.631757	0.297830	0.379349	0.003184
227	0.772757	0.223866	0.344429	0.000743
233	0.770978	0.229783	0.367391	0.001064
264	0.708809	0.260355	0.379775	0.005304
226	0.722557	0.222880	0.325522	0.001396
233	0.737864	0.229783	0.326150	0.001731
152	0.733531	0.149901	0.307273	0.001440
183	0.750976	0.180473	0.309241	0.001904
118	0.753006	0.116371	0.296491	0.001307
83	0.814575	0.081854	0.290295	0.001725
35	0.559664	0.034517	0.267264	0.003070
16	0.658333	0.015779	0.228636	0.000146
14	0.615385	0.013807	0.226339	0.000097
8	0.714286	0.007890	0.207915	0.000016
