tdegree	cluster_coefficient	degrees_centrality	closenesses_centrality	betweennesses
4	0.833333	0.008696	0.142415	0.000089
9	0.555556	0.019565	0.153231	0.008623
11	0.509091	0.023913	0.153129	0.006700
10	0.555556	0.021739	0.153333	0.007647
10	0.511111	0.021739	0.165646	0.036544
12	0.454545	0.026087	0.162315	0.012334
11	0.436364	0.023913	0.170370	0.041557
7	0.571429	0.015217	0.159335	0.005753
5	0.900000	0.010870	0.146637	0.000002
7	0.714286	0.015217	0.150474	0.000580
7	0.714286	0.015217	0.150820	0.000621
9	0.583333	0.019565	0.152167	0.002502
8	0.642857	0.017391	0.145754	0.001160
8	0.535714	0.017391	0.143750	0.001876
7	0.523810	0.015217	0.148723	0.005927
4	0.500000	0.008696	0.139903	0.001851
9	0.416667	0.019565	0.153743	0.008105
6	0.400000	0.013043	0.148005	0.005280
6	0.733333	0.013043	0.143750	0.000334
5	0.800000	0.010870	0.141757	0.000236
8	0.571429	0.017391	0.149642	0.003262
9	0.527778	0.019565	0.157211	0.003813
11	0.436364	0.023913	0.162544	0.011521
11	0.381818	0.023913	0.164051	0.016827
11	0.436364	0.023913	0.167883	0.008376
11	0.381818	0.023913	0.177264	0.025758
10	0.466667	0.021739	0.181818	0.013688
9	0.388889	0.019565	0.187449	0.070905
8	0.571429	0.017391	0.169617	0.009280
6	0.666667	0.013043	0.172673	0.007569
8	0.535714	0.017391	0.163934	0.008028
12	0.348485	0.026087	0.174838	0.070925
10	0.355556	0.021739	0.167761	0.046768
5	0.700000	0.010870	0.169367	0.006478
9	0.388889	0.019565	0.176313	0.096194
9	0.444444	0.019565	0.178571	0.017092
10	0.511111	0.021739	0.181174	0.016128
11	0.472727	0.023913	0.179477	0.014489
9	0.444444	0.019565	0.183853	0.012057
8	0.642857	0.017391	0.180110	0.003295
12	0.393939	0.026087	0.191427	0.049656
11	0.436364	0.023913	0.187985	0.016935
11	0.400000	0.023913	0.195412	0.060038
9	0.555556	0.019565	0.183413	0.003415
11	0.418182	0.023913	0.191189	0.039396
11	0.400000	0.023913	0.188139	0.025844
9	0.500000	0.019565	0.193115	0.060397
10	0.466667	0.021739	0.183194	0.008270
10	0.488889	0.021739	0.187449	0.061629
9	0.500000	0.019565	0.179128	0.016378
9	0.500000	0.019565	0.179128	0.029630
10	0.511111	0.021739	0.175774	0.014702
9	0.583333	0.019565	0.173650	0.008976
10	0.533333	0.021739	0.167394	0.007632
10	0.533333	0.021739	0.163005	0.005825
8	0.642857	0.017391	0.161008	0.017738
6	0.866667	0.013043	0.152217	0.000047
7	0.666667	0.015217	0.154934	0.002564
10	0.533333	0.021739	0.162257	0.013699
8	0.571429	0.017391	0.155721	0.001770
9	0.472222	0.019565	0.164639	0.009967
8	0.500000	0.017391	0.161517	0.003883
11	0.381818	0.023913	0.175372	0.033265
11	0.472727	0.023913	0.175372	0.008436
12	0.439394	0.026087	0.177332	0.018599
11	0.418182	0.023913	0.174772	0.018968
12	0.454545	0.026087	0.173585	0.019896
11	0.436364	0.023913	0.170055	0.022885
10	0.422222	0.021739	0.166005	0.025809
8	0.464286	0.017391	0.152773	0.004649
9	0.361111	0.019565	0.156783	0.058380
6	0.800000	0.013043	0.145570	0.000416
7	0.666667	0.015217	0.156303	0.013118
12	0.378788	0.026087	0.161574	0.038552
11	0.418182	0.023913	0.147012	0.030054
8	0.642857	0.017391	0.140544	0.000779
9	0.555556	0.019565	0.150968	0.012918
12	0.454545	0.026087	0.144518	0.006407
8	0.642857	0.017391	0.137437	0.001252
6	0.800000	0.013043	0.131767	0.000108
6	0.800000	0.013043	0.131767	0.000108
6	0.733333	0.013043	0.126547	0.000020
8	0.571429	0.017391	0.135613	0.001024
7	0.666667	0.015217	0.135573	0.000609
9	0.500000	0.019565	0.144654	0.004901
6	0.800000	0.013043	0.139648	0.000144
8	0.642857	0.017391	0.143213	0.000657
11	0.472727	0.023913	0.150968	0.010823
11	0.436364	0.023913	0.159778	0.012319
8	0.642857	0.017391	0.149351	0.001655
8	0.642857	0.017391	0.153282	0.002899
12	0.454545	0.026087	0.167030	0.018382
9	0.555556	0.019565	0.164051	0.010143
8	0.642857	0.017391	0.155039	0.002876
9	0.555556	0.019565	0.160783	0.006674
10	0.466667	0.021739	0.169367	0.019687
8	0.642857	0.017391	0.168067	0.006668
8	0.642857	0.017391	0.163352	0.003788
10	0.422222	0.021739	0.169429	0.011935
10	0.488889	0.021739	0.178780	0.023985
9	0.583333	0.019565	0.174573	0.007252
8	0.607143	0.017391	0.170497	0.006170
10	0.444444	0.021739	0.173323	0.015126
7	0.571429	0.015217	0.177743	0.035852
10	0.377778	0.021739	0.178571	0.013460
6	0.400000	0.013043	0.178571	0.019259
4	0.500000	0.008696	0.167455	0.005088
8	0.535714	0.017391	0.173913	0.020021
7	0.571429	0.015217	0.168869	0.003596
7	0.714286	0.015217	0.166727	0.003972
9	0.555556	0.019565	0.170055	0.010160
9	0.416667	0.019565	0.166245	0.012942
10	0.488889	0.021739	0.163410	0.009534
11	0.400000	0.023913	0.160502	0.019238
7	0.619048	0.015217	0.155091	0.004516
6	0.733333	0.013043	0.150721	0.001620
9	0.444444	0.019565	0.151266	0.008081
9	0.444444	0.019565	0.147153	0.013751
6	0.800000	0.013043	0.136377	0.000558
9	0.527778	0.019565	0.143526	0.005719
12	0.393939	0.026087	0.146965	0.010352
9	0.500000	0.019565	0.136539	0.012684
8	0.642857	0.017391	0.130942	0.000672
10	0.488889	0.021739	0.141669	0.014306
9	0.500000	0.019565	0.133527	0.005212
8	0.642857	0.017391	0.130349	0.002387
9	0.583333	0.019565	0.129141	0.001489
12	0.454545	0.026087	0.132184	0.006948
10	0.555556	0.021739	0.122863	0.001320
7	0.761905	0.015217	0.120387	0.000193
7	0.714286	0.015217	0.120798	0.000428
7	0.761905	0.015217	0.118986	0.000151
13	0.384615	0.028261	0.127778	0.010101
10	0.511111	0.021739	0.122373	0.002081
10	0.511111	0.021739	0.122146	0.003410
8	0.642857	0.017391	0.118496	0.000904
10	0.466667	0.021739	0.118710	0.008588
6	0.733333	0.013043	0.111650	0.000957
5	0.800000	0.010870	0.111515	0.000900
8	0.464286	0.017391	0.118070	0.002009
11	0.472727	0.023913	0.123656	0.010299
12	0.484848	0.026087	0.131579	0.011611
13	0.448718	0.028261	0.132032	0.010986
11	0.490909	0.023913	0.134503	0.007373
10	0.488889	0.021739	0.125958	0.004297
9	0.416667	0.019565	0.135095	0.019980
4	1.000000	0.008696	0.122146	0.000000
6	0.666667	0.013043	0.122765	0.000345
10	0.400000	0.021739	0.135693	0.012300
4	0.666667	0.008696	0.128815	0.000659
6	0.533333	0.013043	0.136539	0.002069
9	0.361111	0.019565	0.145662	0.031847
10	0.466667	0.021739	0.147578	0.020282
8	0.571429	0.017391	0.147389	0.007708
8	0.428571	0.017391	0.159833	0.044234
8	0.571429	0.017391	0.154622	0.024676
6	0.733333	0.013043	0.140673	0.004228
8	0.535714	0.017391	0.136783	0.022979
7	0.619048	0.015217	0.129760	0.004311
8	0.535714	0.017391	0.131919	0.009257
6	0.800000	0.013043	0.119017	0.000291
8	0.642857	0.017391	0.125102	0.005158
9	0.583333	0.019565	0.125238	0.015798
8	0.535714	0.017391	0.122569	0.008988
6	0.800000	0.013043	0.114456	0.000029
6	0.666667	0.013043	0.114599	0.004288
6	0.533333	0.013043	0.114656	0.009593
4	0.500000	0.008696	0.103674	0.002747
4	0.500000	0.008696	0.103697	0.003380
4	0.500000	0.008696	0.097437	0.001077
4	0.500000	0.008696	0.098734	0.000690
4	0.500000	0.008696	0.098459	0.002067
4	0.500000	0.008696	0.104190	0.002498
7	0.333333	0.015217	0.108465	0.006155
7	0.428571	0.015217	0.115694	0.007156
5	0.700000	0.010870	0.115115	0.000928
5	0.800000	0.010870	0.115288	0.000150
5	0.800000	0.010870	0.115288	0.000150
6	0.333333	0.013043	0.124023	0.010183
11	0.363636	0.023913	0.129286	0.024480
6	0.666667	0.013043	0.131129	0.006985
11	0.490909	0.023913	0.137890	0.028667
12	0.409091	0.026087	0.147436	0.035874
11	0.527273	0.023913	0.137560	0.009106
11	0.509091	0.023913	0.137437	0.010465
10	0.400000	0.021739	0.122765	0.003546
11	0.454545	0.023913	0.127565	0.005617
5	0.700000	0.010870	0.121308	0.000748
4	1.000000	0.008696	0.120513	0.000000
5	0.800000	0.010870	0.120577	0.000008
7	0.476190	0.015217	0.132032	0.020456
7	0.619048	0.015217	0.125889	0.001213
8	0.642857	0.017391	0.125993	0.003931
7	0.714286	0.015217	0.121084	0.000187
7	0.666667	0.015217	0.120042	0.001099
8	0.500000	0.017391	0.122962	0.006568
4	0.833333	0.008696	0.110817	0.000012
5	0.500000	0.010870	0.113050	0.000740
7	0.619048	0.015217	0.116633	0.000484
10	0.533333	0.021739	0.121693	0.002265
13	0.448718	0.028261	0.130571	0.010770
11	0.509091	0.023913	0.135854	0.011987
11	0.381818	0.023913	0.146404	0.022421
10	0.466667	0.021739	0.153436	0.049530
7	0.523810	0.015217	0.152773	0.023866
9	0.416667	0.019565	0.159335	0.021435
12	0.393939	0.026087	0.160615	0.048146
9	0.444444	0.019565	0.160335	0.014602
10	0.422222	0.021739	0.173782	0.069588
12	0.424242	0.026087	0.158785	0.010380
11	0.436364	0.023913	0.157534	0.023323
11	0.363636	0.023913	0.159280	0.011472
10	0.488889	0.021739	0.164286	0.022341
10	0.533333	0.021739	0.152066	0.006801
7	0.761905	0.015217	0.148771	0.001217
6	0.866667	0.013043	0.146450	0.000314
9	0.527778	0.019565	0.151815	0.007021
8	0.642857	0.017391	0.145708	0.000970
7	0.523810	0.015217	0.148387	0.005064
9	0.472222	0.019565	0.155827	0.005176
12	0.378788	0.026087	0.159944	0.017889
12	0.378788	0.026087	0.166486	0.015374
12	0.484848	0.026087	0.172738	0.012245
11	0.472727	0.023913	0.178849	0.016417
11	0.381818	0.023913	0.192711	0.071746
11	0.381818	0.023913	0.193684	0.059259
10	0.444444	0.021739	0.185634	0.024768
9	0.500000	0.019565	0.181746	0.060853
5	0.700000	0.010870	0.166425	0.002834
9	0.500000	0.019565	0.175640	0.028911
10	0.488889	0.021739	0.170244	0.056976
9	0.611111	0.019565	0.160056	0.004638
7	0.857143	0.015217	0.159335	0.001433
9	0.638889	0.019565	0.164462	0.015446
9	0.666667	0.019565	0.162659	0.006969
14	0.384615	0.030435	0.162947	0.047556
10	0.533333	0.021739	0.154674	0.004990
12	0.454545	0.026087	0.160727	0.018808
10	0.511111	0.021739	0.155458	0.007178
11	0.418182	0.023913	0.150622	0.016070
10	0.511111	0.021739	0.146777	0.006766
10	0.511111	0.021739	0.147341	0.007515
11	0.472727	0.023913	0.145294	0.007846
10	0.422222	0.021739	0.138429	0.010527
10	0.400000	0.021739	0.133527	0.007251
7	0.523810	0.015217	0.137478	0.003074
6	0.666667	0.013043	0.139394	0.001266
5	0.700000	0.010870	0.138097	0.000093
6	0.533333	0.013043	0.151415	0.006181
10	0.333333	0.021739	0.154414	0.016836
10	0.511111	0.021739	0.164639	0.014942
7	0.666667	0.015217	0.159114	0.003343
10	0.533333	0.021739	0.164756	0.007398
11	0.472727	0.023913	0.174639	0.014299
11	0.436364	0.023913	0.180392	0.023570
10	0.444444	0.021739	0.182034	0.018119
12	0.393939	0.026087	0.190951	0.034605
11	0.472727	0.023913	0.182034	0.028732
11	0.400000	0.023913	0.184074	0.038777
13	0.371795	0.028261	0.178849	0.020595
12	0.454545	0.026087	0.168252	0.010145
10	0.488889	0.021739	0.160279	0.006603
4	1.000000	0.008696	0.147673	0.000000
5	0.900000	0.010870	0.147862	0.000005
6	0.800000	0.013043	0.150968	0.000147
8	0.535714	0.017391	0.163585	0.007633
11	0.363636	0.023913	0.161064	0.010869
8	0.607143	0.017391	0.150474	0.003998
7	0.761905	0.015217	0.145708	0.001080
4	1.000000	0.008696	0.130942	0.000000
6	0.800000	0.013043	0.142327	0.000445
6	0.800000	0.013043	0.142636	0.000713
7	0.666667	0.015217	0.150671	0.002356
9	0.444444	0.019565	0.161517	0.010728
8	0.535714	0.017391	0.167455	0.006039
10	0.488889	0.021739	0.176178	0.073331
11	0.436364	0.023913	0.178641	0.045659
7	0.619048	0.015217	0.166245	0.008857
8	0.642857	0.017391	0.164815	0.009297
9	0.583333	0.019565	0.169617	0.056300
10	0.511111	0.021739	0.168745	0.047274
8	0.642857	0.017391	0.157696	0.010527
8	0.642857	0.017391	0.158621	0.006213
12	0.409091	0.026087	0.170307	0.086085
9	0.500000	0.019565	0.165408	0.031529
9	0.500000	0.019565	0.171706	0.013379
8	0.535714	0.017391	0.173650	0.010876
12	0.439394	0.026087	0.172543	0.025481
12	0.469697	0.026087	0.176313	0.044124
10	0.488889	0.021739	0.182034	0.030036
9	0.583333	0.019565	0.171898	0.007690
10	0.511111	0.021739	0.170940	0.011208
11	0.363636	0.023913	0.186537	0.042581
12	0.378788	0.026087	0.182323	0.031691
8	0.607143	0.017391	0.169867	0.006191
9	0.500000	0.019565	0.177264	0.011075
9	0.500000	0.019565	0.171706	0.012599
8	0.500000	0.017391	0.180321	0.008441
7	0.571429	0.015217	0.172997	0.007706
9	0.527778	0.019565	0.177127	0.005594
8	0.607143	0.017391	0.167761	0.001484
10	0.444444	0.021739	0.180180	0.034316
7	0.666667	0.015217	0.162659	0.002123
8	0.500000	0.017391	0.164521	0.011397
7	0.523810	0.015217	0.154155	0.008617
6	0.733333	0.013043	0.154362	0.001682
6	0.800000	0.013043	0.147815	0.000188
9	0.527778	0.019565	0.159556	0.007099
12	0.424242	0.026087	0.163818	0.016735
8	0.642857	0.017391	0.149691	0.001161
8	0.642857	0.017391	0.151415	0.001877
12	0.454545	0.026087	0.160502	0.011411
9	0.583333	0.019565	0.155879	0.004225
8	0.642857	0.017391	0.147720	0.002169
8	0.642857	0.017391	0.149496	0.003661
9	0.555556	0.019565	0.159059	0.016448
9	0.527778	0.019565	0.149012	0.012703
8	0.642857	0.017391	0.146171	0.002681
10	0.444444	0.021739	0.149788	0.023319
11	0.418182	0.023913	0.153846	0.052044
8	0.642857	0.017391	0.138346	0.000691
10	0.422222	0.021739	0.141364	0.013389
9	0.444444	0.019565	0.138721	0.013718
8	0.464286	0.017391	0.137437	0.007346
4	0.666667	0.008696	0.122699	0.001098
8	0.392857	0.017391	0.129833	0.006866
6	0.533333	0.013043	0.121661	0.001131
6	0.600000	0.013043	0.132488	0.002421
4	0.666667	0.008696	0.117888	0.000026
8	0.535714	0.017391	0.129359	0.001955
6	0.600000	0.013043	0.129432	0.001306
9	0.611111	0.019565	0.134111	0.001058
8	0.571429	0.017391	0.131504	0.001223
6	0.666667	0.013043	0.125477	0.000364
9	0.388889	0.019565	0.135573	0.003823
7	0.571429	0.015217	0.131617	0.002220
6	0.800000	0.013043	0.133179	0.000144
9	0.527778	0.019565	0.140587	0.003021
9	0.527778	0.019565	0.147389	0.008540
8	0.642857	0.017391	0.136905	0.002626
9	0.555556	0.019565	0.147767	0.002912
11	0.436364	0.023913	0.155143	0.016259
8	0.642857	0.017391	0.147767	0.004253
8	0.642857	0.017391	0.148196	0.004271
12	0.484848	0.026087	0.159611	0.008787
12	0.500000	0.026087	0.164286	0.028579
11	0.509091	0.023913	0.154207	0.007806
10	0.577778	0.021739	0.154518	0.007359
10	0.533333	0.021739	0.162717	0.030481
8	0.607143	0.017391	0.168313	0.011807
11	0.509091	0.023913	0.163178	0.014217
12	0.439394	0.026087	0.169180	0.024353
10	0.511111	0.021739	0.166788	0.019137
8	0.642857	0.017391	0.155774	0.002777
11	0.490909	0.023913	0.158840	0.018441
8	0.642857	0.017391	0.157534	0.009426
8	0.642857	0.017391	0.156729	0.010693
11	0.418182	0.023913	0.149399	0.008975
10	0.466667	0.021739	0.158457	0.020828
9	0.527778	0.019565	0.149642	0.017970
8	0.642857	0.017391	0.145156	0.005666
11	0.400000	0.023913	0.143347	0.008753
11	0.454545	0.023913	0.147625	0.015752
9	0.583333	0.019565	0.135533	0.004022
8	0.642857	0.017391	0.132527	0.003829
12	0.393939	0.026087	0.133838	0.009247
9	0.583333	0.019565	0.132603	0.007018
8	0.642857	0.017391	0.120545	0.001725
11	0.527273	0.023913	0.120798	0.002383
9	0.638889	0.019565	0.118771	0.000931
7	0.761905	0.015217	0.117918	0.000325
6	0.866667	0.013043	0.111272	0.000013
8	0.678571	0.017391	0.113833	0.000131
9	0.611111	0.019565	0.119387	0.001830
6	0.800000	0.013043	0.119854	0.000216
8	0.642857	0.017391	0.123028	0.001080
12	0.454545	0.026087	0.126792	0.005862
12	0.424242	0.026087	0.133643	0.007823
13	0.448718	0.028261	0.134503	0.005294
13	0.423077	0.028261	0.138763	0.009476
12	0.409091	0.026087	0.142283	0.017810
12	0.454545	0.026087	0.146965	0.025554
11	0.490909	0.023913	0.148579	0.015744
11	0.400000	0.023913	0.153949	0.020944
10	0.488889	0.021739	0.155458	0.013359
8	0.642857	0.017391	0.162315	0.031616
10	0.422222	0.021739	0.164639	0.033186
11	0.472727	0.023913	0.171131	0.032422
10	0.577778	0.021739	0.169867	0.015618
10	0.422222	0.021739	0.177812	0.072943
8	0.535714	0.017391	0.177812	0.025724
8	0.535714	0.017391	0.172932	0.042934
7	0.571429	0.015217	0.168993	0.008868
8	0.464286	0.017391	0.163063	0.036387
7	0.476190	0.015217	0.159225	0.012384
6	0.533333	0.013043	0.146217	0.006530
6	0.666667	0.013043	0.145708	0.004523
10	0.444444	0.021739	0.140201	0.007942
7	0.619048	0.015217	0.138055	0.004309
8	0.642857	0.017391	0.138847	0.003762
9	0.555556	0.019565	0.146404	0.008536
10	0.422222	0.021739	0.142813	0.052939
9	0.527778	0.019565	0.144382	0.016423
10	0.400000	0.021739	0.147153	0.053567
10	0.377778	0.021739	0.156569	0.092462
10	0.488889	0.021739	0.157373	0.063175
7	0.619048	0.015217	0.151316	0.006700
5	0.700000	0.010870	0.139690	0.007672
7	0.523810	0.015217	0.141538	0.021280
5	0.500000	0.010870	0.125752	0.012335
6	0.466667	0.013043	0.129724	0.030243
5	0.700000	0.010870	0.116015	0.002743
7	0.571429	0.015217	0.116544	0.018102
6	0.666667	0.013043	0.116485	0.009780
6	0.666667	0.013043	0.105384	0.003216
6	0.666667	0.013043	0.105991	0.004664
7	0.571429	0.015217	0.106064	0.011702
7	0.571429	0.015217	0.096965	0.003178
8	0.500000	0.017391	0.097561	0.003146
7	0.666667	0.015217	0.097334	0.003475
7	0.714286	0.015217	0.091780	0.000151
8	0.642857	0.017391	0.091853	0.000441
12	0.424242	0.026087	0.100546	0.019034
9	0.583333	0.019565	0.091871	0.001996
8	0.642857	0.017391	0.091652	0.001265
12	0.500000	0.026087	0.091780	0.003930
10	0.577778	0.021739	0.091688	0.003520
6	0.800000	0.013043	0.084311	0.000019
6	0.800000	0.013043	0.084187	0.000011
6	0.800000	0.013043	0.084218	0.000013
8	0.642857	0.017391	0.091469	0.001355
8	0.642857	0.017391	0.091506	0.001322
6	0.800000	0.013043	0.091397	0.000022
9	0.583333	0.019565	0.095813	0.000894
12	0.484848	0.026087	0.100327	0.018169
8	0.642857	0.017391	0.100131	0.004356
8	0.642857	0.017391	0.100131	0.001806
10	0.488889	0.021739	0.105360	0.009072
10	0.444444	0.021739	0.110497	0.053614
8	0.642857	0.017391	0.104879	0.001847
8	0.642857	0.017391	0.104831	0.000932
10	0.555556	0.021739	0.115811	0.017855
10	0.555556	0.021739	0.115578	0.008743
7	0.761905	0.015217	0.115086	0.002023
6	0.866667	0.013043	0.114971	0.000814
8	0.678571	0.017391	0.128312	0.014177
11	0.509091	0.023913	0.128635	0.017811
10	0.511111	0.021739	0.128635	0.013922
9	0.472222	0.019565	0.122146	0.053128
7	0.619048	0.015217	0.115549	0.002900
7	0.619048	0.015217	0.109134	0.003124
6	0.666667	0.013043	0.103791	0.000242
4	0.833333	0.008696	0.098501	0.000002
4	0.833333	0.008696	0.103627	0.000086
6	0.666667	0.013043	0.108261	0.001409
8	0.571429	0.017391	0.115462	0.006704
7	0.619048	0.015217	0.121116	0.008540
9	0.527778	0.019565	0.129068	0.018105
10	0.466667	0.021739	0.136135	0.066020
10	0.466667	0.021739	0.144110	0.069425
6	0.800000	0.013043	0.128098	0.003128
