tdegree	cluster_coefficient	degrees_centrality	closenesses_centrality	betweennesses
2	1.000000	0.006969	0.175107	0.000000
7	0.333333	0.024390	0.199029	0.021719
6	0.533333	0.020906	0.201545	0.008372
9	0.416667	0.031359	0.206475	0.032198
8	0.464286	0.027875	0.205440	0.017621
6	0.533333	0.020906	0.199029	0.010754
7	0.428571	0.024390	0.204854	0.009747
10	0.466667	0.034843	0.196172	0.008807
12	0.393939	0.041812	0.193396	0.023040
13	0.423077	0.045296	0.196306	0.015621
14	0.406593	0.048780	0.221622	0.043555
12	0.484848	0.041812	0.209642	0.013699
12	0.469697	0.041812	0.229233	0.031629
10	0.555556	0.034843	0.221451	0.017744
10	0.511111	0.034843	0.217920	0.022935
10	0.466667	0.034843	0.213066	0.017648
9	0.361111	0.031359	0.194708	0.020878
6	0.466667	0.020906	0.182570	0.003493
4	0.666667	0.013937	0.165896	0.001481
7	0.476190	0.024390	0.170833	0.007729
6	0.666667	0.020906	0.158127	0.000670
9	0.444444	0.031359	0.166860	0.006841
6	0.800000	0.020906	0.154384	0.000183
8	0.642857	0.027875	0.167934	0.003716
9	0.583333	0.031359	0.173519	0.006238
10	0.466667	0.034843	0.179712	0.014055
8	0.642857	0.027875	0.169522	0.002199
10	0.422222	0.034843	0.180050	0.022894
8	0.642857	0.027875	0.188692	0.008152
10	0.444444	0.034843	0.194313	0.018490
7	0.714286	0.024390	0.186485	0.002452
8	0.500000	0.027875	0.199444	0.035297
8	0.500000	0.027875	0.206921	0.025685
9	0.472222	0.031359	0.189439	0.009382
5	0.700000	0.017422	0.185401	0.002155
9	0.416667	0.031359	0.200279	0.011130
9	0.500000	0.031359	0.181531	0.002812
8	0.571429	0.027875	0.181761	0.001861
10	0.466667	0.034843	0.180617	0.008724
7	0.666667	0.024390	0.171753	0.000613
7	0.666667	0.024390	0.172269	0.000724
10	0.400000	0.034843	0.190192	0.015829
7	0.571429	0.024390	0.180390	0.003223
9	0.388889	0.031359	0.184092	0.015118
7	0.476190	0.024390	0.158301	0.002120
8	0.500000	0.027875	0.168625	0.004483
6	0.800000	0.020906	0.146803	0.000206
5	0.900000	0.017422	0.146056	0.000070
4	1.000000	0.013937	0.143932	0.000000
8	0.571429	0.027875	0.167445	0.008407
9	0.472222	0.031359	0.167738	0.009692
10	0.400000	0.034843	0.189940	0.017686
11	0.418182	0.038328	0.197522	0.023890
10	0.488889	0.034843	0.198891	0.009406
12	0.454545	0.041812	0.209184	0.026081
11	0.472727	0.038328	0.193527	0.008234
12	0.424242	0.041812	0.193527	0.015399
14	0.417582	0.048780	0.189564	0.008695
9	0.583333	0.031359	0.179937	0.001582
9	0.583333	0.031359	0.183857	0.001201
10	0.511111	0.034843	0.197522	0.005627
6	0.800000	0.020906	0.188816	0.000299
10	0.533333	0.034843	0.198891	0.004670
14	0.395604	0.048780	0.213383	0.029473
9	0.527778	0.031359	0.222481	0.016193
9	0.583333	0.031359	0.219923	0.013023
10	0.488889	0.034843	0.231638	0.044979
12	0.393939	0.041812	0.245509	0.062545
11	0.472727	0.038328	0.254433	0.058418
10	0.511111	0.034843	0.248055	0.026700
9	0.472222	0.031359	0.253758	0.032270
13	0.371795	0.045296	0.258559	0.047214
11	0.363636	0.038328	0.253086	0.036095
10	0.422222	0.034843	0.247627	0.041317
11	0.418182	0.038328	0.240369	0.053364
8	0.607143	0.027875	0.214660	0.003867
5	0.800000	0.017422	0.201404	0.003698
6	0.733333	0.020906	0.205440	0.004047
9	0.583333	0.031359	0.214179	0.008841
9	0.555556	0.031359	0.229233	0.008113
14	0.406593	0.048780	0.245930	0.064313
10	0.400000	0.034843	0.237583	0.046835
10	0.488889	0.034843	0.234477	0.026152
11	0.400000	0.038328	0.226877	0.036719
12	0.409091	0.041812	0.213066	0.016828
11	0.436364	0.038328	0.203546	0.027516
5	0.600000	0.017422	0.187215	0.004546
4	0.666667	0.013937	0.171139	0.000478
10	0.377778	0.034843	0.175643	0.014769
8	0.428571	0.027875	0.169022	0.010318
6	0.800000	0.020906	0.152741	0.000878
6	0.800000	0.020906	0.145464	0.000367
8	0.571429	0.027875	0.164282	0.013922
7	0.714286	0.024390	0.152822	0.001752
5	0.900000	0.017422	0.141449	0.000006
4	1.000000	0.013937	0.141379	0.000000
3	0.666667	0.010453	0.166088	0.001177
6	0.533333	0.020906	0.182803	0.017560
6	0.533333	0.020906	0.177489	0.004058
8	0.535714	0.027875	0.201828	0.013953
8	0.428571	0.027875	0.206326	0.043354
7	0.571429	0.024390	0.194973	0.006439
7	0.428571	0.024390	0.206772	0.013723
10	0.466667	0.034843	0.195371	0.006697
12	0.393939	0.041812	0.195238	0.024823
13	0.423077	0.045296	0.197387	0.016043
14	0.406593	0.048780	0.223173	0.044917
12	0.484848	0.041812	0.215789	0.022357
12	0.469697	0.041812	0.227597	0.030233
10	0.555556	0.034843	0.220600	0.018414
10	0.511111	0.034843	0.215952	0.021237
9	0.527778	0.031359	0.208576	0.014030
9	0.361111	0.031359	0.193396	0.022369
6	0.466667	0.020906	0.178928	0.003050
4	0.666667	0.013937	0.164848	0.001673
7	0.476190	0.024390	0.169421	0.007939
6	0.666667	0.020906	0.154218	0.000593
9	0.444444	0.031359	0.161236	0.006212
6	0.800000	0.020906	0.152497	0.000253
8	0.642857	0.027875	0.162791	0.002110
9	0.583333	0.031359	0.168427	0.005587
10	0.444444	0.034843	0.173939	0.015633
8	0.642857	0.027875	0.168526	0.003777
8	0.642857	0.027875	0.175858	0.008402
8	0.642857	0.027875	0.188692	0.011788
8	0.642857	0.027875	0.188073	0.006409
9	0.472222	0.031359	0.188940	0.012753
9	0.444444	0.031359	0.198479	0.040671
9	0.472222	0.031359	0.206772	0.031984
9	0.472222	0.031359	0.190445	0.015780
5	0.800000	0.017422	0.186122	0.001510
9	0.444444	0.031359	0.202113	0.011648
9	0.472222	0.031359	0.182570	0.003645
8	0.535714	0.027875	0.182222	0.002835
9	0.527778	0.031359	0.179825	0.008754
7	0.666667	0.024390	0.172476	0.000762
7	0.666667	0.024390	0.172996	0.000848
9	0.472222	0.031359	0.178150	0.009095
7	0.571429	0.024390	0.173729	0.003049
9	0.388889	0.031359	0.177489	0.014981
7	0.476190	0.024390	0.153394	0.002001
8	0.500000	0.027875	0.166764	0.004083
6	0.800000	0.020906	0.145833	0.000200
5	0.900000	0.017422	0.145096	0.000068
4	1.000000	0.013937	0.143214	0.000000
8	0.571429	0.027875	0.166473	0.008793
9	0.472222	0.031359	0.166764	0.009962
10	0.400000	0.034843	0.188940	0.017008
11	0.418182	0.038328	0.196172	0.026065
10	0.488889	0.034843	0.196845	0.009945
12	0.454545	0.041812	0.202398	0.021692
11	0.472727	0.038328	0.194708	0.009583
12	0.424242	0.041812	0.194708	0.015695
14	0.406593	0.048780	0.186243	0.008220
8	0.607143	0.027875	0.181301	0.001154
9	0.555556	0.031359	0.182222	0.001510
10	0.511111	0.034843	0.197795	0.006412
6	0.800000	0.020906	0.190066	0.000412
10	0.533333	0.034843	0.200419	0.005161
14	0.395604	0.048780	0.209795	0.024312
9	0.527778	0.031359	0.224394	0.019325
9	0.583333	0.031359	0.220769	0.013212
10	0.488889	0.034843	0.232577	0.049326
11	0.418182	0.038328	0.239766	0.033302
11	0.418182	0.038328	0.255111	0.072227
8	0.571429	0.027875	0.248270	0.019848
9	0.472222	0.031359	0.249565	0.032048
11	0.381818	0.038328	0.250000	0.018088
11	0.400000	0.038328	0.250874	0.041575
11	0.418182	0.038328	0.243633	0.045596
11	0.436364	0.038328	0.234477	0.048563
7	0.714286	0.024390	0.210411	0.000855
5	0.800000	0.017422	0.197251	0.004271
6	0.733333	0.020906	0.202255	0.004526
9	0.555556	0.031359	0.209949	0.009460
9	0.555556	0.031359	0.225098	0.007863
14	0.406593	0.048780	0.239766	0.054170
10	0.466667	0.034843	0.235632	0.026009
13	0.384615	0.045296	0.244048	0.063705
12	0.363636	0.041812	0.233904	0.066900
12	0.409091	0.041812	0.216604	0.024812
11	0.436364	0.038328	0.203835	0.024868
6	0.466667	0.020906	0.184685	0.003873
4	0.666667	0.013937	0.172269	0.000367
10	0.377778	0.034843	0.175000	0.013670
8	0.428571	0.027875	0.170024	0.010160
6	0.800000	0.020906	0.152255	0.000696
6	0.800000	0.020906	0.146205	0.000320
8	0.571429	0.027875	0.165227	0.014339
7	0.714286	0.024390	0.152335	0.001402
5	0.900000	0.017422	0.142150	0.000006
4	1.000000	0.013937	0.142079	0.000000
3	0.666667	0.010453	0.169923	0.000789
7	0.476190	0.024390	0.186001	0.010373
6	0.533333	0.020906	0.178040	0.003162
8	0.535714	0.027875	0.203546	0.010212
8	0.464286	0.027875	0.209489	0.043228
7	0.571429	0.024390	0.192230	0.004100
7	0.428571	0.024390	0.210565	0.014146
10	0.466667	0.034843	0.201687	0.006511
12	0.393939	0.041812	0.203114	0.026521
13	0.423077	0.045296	0.205440	0.017352
14	0.406593	0.048780	0.227597	0.040715
12	0.484848	0.041812	0.214499	0.020677
12	0.469697	0.041812	0.220261	0.026184
10	0.555556	0.034843	0.213860	0.018338
10	0.511111	0.034843	0.210874	0.022296
9	0.527778	0.031359	0.204562	0.013327
9	0.361111	0.031359	0.182686	0.015304
6	0.466667	0.020906	0.175643	0.002787
4	0.666667	0.013937	0.157174	0.001282
7	0.476190	0.024390	0.165132	0.006127
6	0.666667	0.020906	0.154053	0.000761
8	0.500000	0.027875	0.160604	0.006287
6	0.800000	0.020906	0.152093	0.000184
8	0.642857	0.027875	0.164753	0.003578
9	0.583333	0.031359	0.170529	0.007237
10	0.444444	0.034843	0.176074	0.018836
8	0.642857	0.027875	0.168824	0.002728
9	0.555556	0.031359	0.181416	0.016553
8	0.642857	0.027875	0.191461	0.012205
8	0.642857	0.027875	0.191589	0.006913
9	0.555556	0.031359	0.191589	0.005289
11	0.418182	0.038328	0.202970	0.033778
8	0.535714	0.027875	0.210565	0.024818
9	0.472222	0.031359	0.195238	0.010381
8	0.428571	0.027875	0.199722	0.019525
9	0.416667	0.031359	0.213701	0.015720
9	0.472222	0.031359	0.193788	0.010526
7	0.619048	0.024390	0.187704	0.001865
9	0.555556	0.031359	0.183739	0.007018
7	0.666667	0.024390	0.176615	0.000817
7	0.666667	0.024390	0.177160	0.000952
9	0.472222	0.031359	0.178928	0.009137
7	0.619048	0.024390	0.173309	0.001381
9	0.388889	0.031359	0.178261	0.014851
7	0.476190	0.024390	0.165609	0.002736
8	0.464286	0.027875	0.163906	0.005255
6	0.800000	0.020906	0.143860	0.000245
5	0.900000	0.017422	0.143071	0.000124
4	1.000000	0.013937	0.140000	0.000000
8	0.571429	0.027875	0.162147	0.007294
9	0.472222	0.031359	0.162422	0.008119
10	0.400000	0.034843	0.183504	0.014485
11	0.418182	0.038328	0.190192	0.023311
11	0.436364	0.038328	0.191333	0.014170
12	0.454545	0.041812	0.200559	0.018595
11	0.472727	0.038328	0.197522	0.009720
12	0.424242	0.041812	0.197522	0.014199
14	0.406593	0.048780	0.197387	0.010901
9	0.555556	0.031359	0.189065	0.002577
8	0.642857	0.027875	0.192359	0.001427
10	0.511111	0.034843	0.202970	0.005614
6	0.800000	0.020906	0.202255	0.000844
10	0.533333	0.034843	0.210102	0.006384
14	0.395604	0.048780	0.220769	0.035929
9	0.527778	0.031359	0.230152	0.016747
10	0.511111	0.034843	0.237780	0.038300
10	0.488889	0.034843	0.238769	0.037853
11	0.418182	0.038328	0.247627	0.042669
13	0.384615	0.045296	0.262340	0.069192
10	0.533333	0.034843	0.252863	0.035697
9	0.500000	0.031359	0.245930	0.013448
13	0.358974	0.045296	0.256708	0.046381
10	0.444444	0.034843	0.246564	0.026997
8	0.500000	0.027875	0.232766	0.030335
8	0.642857	0.027875	0.216604	0.007347
8	0.535714	0.027875	0.209795	0.017508
5	0.800000	0.017422	0.187827	0.001088
6	0.733333	0.020906	0.192359	0.001595
9	0.555556	0.031359	0.199583	0.004331
9	0.555556	0.031359	0.224044	0.009777
14	0.406593	0.048780	0.235826	0.047016
11	0.454545	0.038328	0.236994	0.034342
13	0.397436	0.045296	0.242809	0.048899
12	0.378788	0.041812	0.238769	0.065662
12	0.409091	0.041812	0.215465	0.020596
11	0.436364	0.038328	0.206623	0.022009
6	0.466667	0.020906	0.182454	0.002893
4	0.666667	0.013937	0.174045	0.000297
10	0.377778	0.034843	0.180617	0.013348
8	0.428571	0.027875	0.174893	0.009552
6	0.800000	0.020906	0.155640	0.000620
6	0.800000	0.020906	0.149791	0.000312
8	0.571429	0.027875	0.170833	0.015170
7	0.714286	0.024390	0.155724	0.001259
5	0.900000	0.017422	0.146279	0.000006
4	1.000000	0.013937	0.146205	0.000000
