tdegree	cluster_coefficient	degrees_centrality	closenesses_centrality	betweennesses
4	0.833333	0.003774	0.064204	0.000015
8	0.571429	0.007547	0.064399	0.000073
13	0.397436	0.012264	0.068088	0.002411
10	0.466667	0.009434	0.067966	0.000823
8	0.500000	0.007547	0.067387	0.001040
10	0.422222	0.009434	0.068277	0.000663
5	0.700000	0.004717	0.067195	0.000018
5	0.800000	0.004717	0.067174	0.000005
5	0.800000	0.004717	0.067174	0.000005
5	0.600000	0.004717	0.071155	0.000584
11	0.454545	0.010377	0.071733	0.005194
9	0.555556	0.008491	0.071821	0.000706
9	0.611111	0.008491	0.068339	0.000180
10	0.511111	0.009434	0.071899	0.002156
7	0.571429	0.006604	0.069313	0.001098
7	0.666667	0.006604	0.068396	0.000129
7	0.714286	0.006604	0.067714	0.000042
12	0.409091	0.011321	0.068715	0.000821
12	0.469697	0.011321	0.071665	0.006648
12	0.454545	0.011321	0.072867	0.003805
12	0.393939	0.011321	0.076523	0.013876
9	0.500000	0.008491	0.076485	0.008551
9	0.472222	0.008491	0.080990	0.018012
6	0.666667	0.005660	0.080848	0.003694
9	0.500000	0.008491	0.081326	0.004489
8	0.500000	0.007547	0.081923	0.007553
10	0.422222	0.009434	0.082400	0.006649
14	0.351648	0.013208	0.086088	0.025022
10	0.488889	0.009434	0.086270	0.004156
9	0.527778	0.008491	0.086672	0.002419
13	0.397436	0.012264	0.087157	0.018206
12	0.469697	0.011321	0.091411	0.048805
10	0.444444	0.009434	0.092030	0.016825
11	0.363636	0.010377	0.092294	0.009806
10	0.444444	0.009434	0.086679	0.005427
10	0.466667	0.009434	0.091395	0.020886
10	0.377778	0.009434	0.085065	0.007816
7	0.523810	0.006604	0.084820	0.002727
9	0.444444	0.008491	0.081463	0.003877
10	0.511111	0.009434	0.079879	0.002158
9	0.416667	0.008491	0.077690	0.002706
6	0.466667	0.005660	0.077001	0.001097
5	0.500000	0.004717	0.072797	0.001910
8	0.607143	0.007547	0.075466	0.000496
9	0.583333	0.008491	0.076800	0.001232
11	0.527273	0.010377	0.079771	0.001978
7	0.714286	0.006604	0.074695	0.000036
8	0.642857	0.007547	0.074890	0.000104
12	0.424242	0.011321	0.079819	0.002645
9	0.555556	0.008491	0.079276	0.000866
8	0.642857	0.007547	0.079057	0.000345
8	0.642857	0.007547	0.079264	0.000361
12	0.378788	0.011321	0.085346	0.010474
8	0.642857	0.007547	0.079175	0.000291
8	0.642857	0.007547	0.079134	0.000256
10	0.488889	0.009434	0.080133	0.001138
10	0.488889	0.009434	0.080805	0.002954
8	0.642857	0.007547	0.075644	0.000310
8	0.642857	0.007547	0.075595	0.000184
13	0.397436	0.012264	0.080713	0.006596
10	0.488889	0.009434	0.079550	0.005034
7	0.761905	0.006604	0.075039	0.000010
6	0.866667	0.005660	0.074981	0.000003
6	0.866667	0.005660	0.078618	0.000242
9	0.555556	0.008491	0.079353	0.001273
10	0.444444	0.009434	0.083642	0.006526
9	0.500000	0.008491	0.083432	0.001842
7	0.714286	0.006604	0.083967	0.000544
10	0.466667	0.009434	0.085291	0.010100
14	0.362637	0.013208	0.089016	0.012537
8	0.642857	0.007547	0.088400	0.001169
8	0.642857	0.007547	0.089436	0.001896
10	0.466667	0.009434	0.090159	0.004193
11	0.454545	0.010377	0.093714	0.008245
8	0.642857	0.007547	0.089922	0.000708
10	0.533333	0.009434	0.091974	0.004125
11	0.436364	0.010377	0.096119	0.014610
8	0.571429	0.007547	0.094314	0.003806
7	0.619048	0.006604	0.095677	0.002277
11	0.436364	0.010377	0.097462	0.016129
10	0.466667	0.009434	0.093080	0.005978
13	0.333333	0.012264	0.097813	0.062080
9	0.388889	0.008491	0.096733	0.010210
6	0.533333	0.005660	0.095902	0.002836
8	0.428571	0.007547	0.101669	0.088793
7	0.571429	0.006604	0.099502	0.009568
10	0.400000	0.009434	0.095616	0.074713
10	0.400000	0.009434	0.095806	0.010161
11	0.472727	0.010377	0.100293	0.045526
10	0.511111	0.009434	0.093797	0.004837
8	0.642857	0.007547	0.093631	0.002691
12	0.409091	0.011321	0.093822	0.009747
12	0.454545	0.011321	0.092479	0.007187
9	0.500000	0.008491	0.086800	0.001871
13	0.423077	0.012264	0.087488	0.006467
12	0.469697	0.011321	0.087114	0.002790
9	0.500000	0.008491	0.086060	0.002994
8	0.464286	0.007547	0.081139	0.001641
9	0.527778	0.008491	0.082292	0.004747
6	0.733333	0.005660	0.080651	0.000018
6	0.800000	0.005660	0.080621	0.000009
7	0.666667	0.006604	0.081226	0.000057
13	0.448718	0.012264	0.086637	0.002047
13	0.487179	0.012264	0.085498	0.002194
9	0.611111	0.008491	0.085100	0.001111
10	0.533333	0.009434	0.086516	0.002535
12	0.484848	0.011321	0.091735	0.005936
11	0.400000	0.010377	0.090684	0.007297
7	0.666667	0.006604	0.090213	0.001926
10	0.466667	0.009434	0.092504	0.008232
9	0.472222	0.008491	0.096742	0.013998
8	0.500000	0.007547	0.096857	0.012986
8	0.571429	0.007547	0.097570	0.006944
9	0.500000	0.008491	0.098973	0.018321
9	0.500000	0.008491	0.102445	0.020981
7	0.571429	0.006604	0.102218	0.009842
7	0.619048	0.006604	0.108340	0.043067
9	0.500000	0.008491	0.108529	0.084048
9	0.500000	0.008491	0.107735	0.052562
11	0.436364	0.010377	0.105305	0.122509
9	0.583333	0.008491	0.102139	0.005452
13	0.410256	0.012264	0.102326	0.023317
11	0.436364	0.010377	0.103013	0.026428
12	0.454545	0.011321	0.097804	0.014845
9	0.583333	0.008491	0.094948	0.004845
10	0.488889	0.009434	0.094778	0.007203
10	0.511111	0.009434	0.096110	0.006058
12	0.424242	0.011321	0.089945	0.006529
8	0.607143	0.007547	0.088807	0.001827
7	0.666667	0.006604	0.088533	0.002181
9	0.472222	0.008491	0.088348	0.003769
11	0.454545	0.010377	0.082916	0.002603
7	0.666667	0.006604	0.081866	0.000334
5	0.900000	0.004717	0.081564	0.000033
7	0.619048	0.006604	0.082336	0.000329
6	0.733333	0.005660	0.077434	0.000022
7	0.523810	0.006604	0.079181	0.000404
6	0.533333	0.005660	0.077941	0.000199
9	0.333333	0.008491	0.084200	0.003001
6	0.666667	0.005660	0.082183	0.000416
7	0.619048	0.006604	0.082190	0.000445
6	0.800000	0.005660	0.081419	0.000004
7	0.666667	0.006604	0.083901	0.000728
10	0.488889	0.009434	0.088319	0.002973
12	0.409091	0.011321	0.087057	0.004609
9	0.583333	0.008491	0.087028	0.000960
10	0.466667	0.009434	0.089846	0.006183
10	0.488889	0.009434	0.091926	0.005282
11	0.418182	0.010377	0.091846	0.003665
8	0.642857	0.007547	0.091767	0.001000
9	0.500000	0.008491	0.094474	0.010646
8	0.571429	0.007547	0.096795	0.008557
9	0.416667	0.008491	0.091592	0.006006
6	0.666667	0.005660	0.091269	0.000221
8	0.500000	0.007547	0.096698	0.003671
6	0.666667	0.005660	0.093955	0.000616
10	0.422222	0.009434	0.099325	0.003820
8	0.535714	0.007547	0.099149	0.001421
8	0.642857	0.007547	0.102119	0.002316
10	0.488889	0.009434	0.102445	0.012461
11	0.400000	0.010377	0.108108	0.033220
8	0.642857	0.007547	0.108540	0.005237
10	0.444444	0.009434	0.112276	0.093794
9	0.527778	0.008491	0.108830	0.011812
9	0.472222	0.008491	0.115017	0.143928
9	0.444444	0.008491	0.115898	0.089110
9	0.416667	0.008491	0.111767	0.097913
8	0.500000	0.007547	0.108852	0.021045
8	0.571429	0.007547	0.103425	0.003328
9	0.555556	0.008491	0.104836	0.006932
8	0.571429	0.007547	0.100104	0.003450
7	0.714286	0.006604	0.098853	0.002412
9	0.555556	0.008491	0.099242	0.003706
10	0.488889	0.009434	0.105336	0.013764
10	0.400000	0.009434	0.102495	0.019825
8	0.500000	0.007547	0.096399	0.005103
8	0.642857	0.007547	0.096224	0.001760
10	0.488889	0.009434	0.096645	0.006091
9	0.555556	0.008491	0.093698	0.004615
7	0.714286	0.006604	0.088540	0.000071
7	0.666667	0.006604	0.089098	0.001305
10	0.466667	0.009434	0.089278	0.001455
7	0.523810	0.006604	0.088919	0.000591
6	0.466667	0.005660	0.089031	0.000312
5	0.400000	0.004717	0.084671	0.000266
8	0.428571	0.007547	0.088473	0.001082
7	0.571429	0.006604	0.088429	0.001309
6	0.800000	0.005660	0.089869	0.000265
7	0.619048	0.006604	0.090014	0.000940
9	0.472222	0.008491	0.095702	0.004593
11	0.472727	0.010377	0.093524	0.004625
10	0.555556	0.009434	0.090956	0.000847
9	0.555556	0.008491	0.090972	0.003472
10	0.466667	0.009434	0.098669	0.017644
9	0.555556	0.008491	0.091011	0.000610
11	0.545455	0.010377	0.090436	0.004198
11	0.563636	0.010377	0.090421	0.005847
9	0.500000	0.008491	0.093722	0.008298
7	0.666667	0.006604	0.088525	0.001681
8	0.750000	0.007547	0.085927	0.001101
9	0.666667	0.008491	0.085934	0.002404
7	0.761905	0.006604	0.083040	0.000434
6	0.800000	0.005660	0.079419	0.000121
10	0.577778	0.009434	0.083079	0.002192
12	0.469697	0.011321	0.083788	0.006089
8	0.642857	0.007547	0.077401	0.000258
7	0.714286	0.006604	0.077395	0.000202
6	0.800000	0.005660	0.077389	0.000183
7	0.571429	0.006604	0.077548	0.000838
6	0.600000	0.005660	0.075193	0.000044
4	0.666667	0.003774	0.075177	0.000025
5	0.500000	0.004717	0.080382	0.002350
4	0.500000	0.003774	0.080224	0.000918
6	0.533333	0.005660	0.087078	0.005328
6	0.666667	0.005660	0.086999	0.001503
6	0.800000	0.005660	0.091632	0.000277
6	0.800000	0.005660	0.094314	0.000633
10	0.444444	0.009434	0.094727	0.005131
9	0.583333	0.008491	0.094846	0.006108
9	0.527778	0.008491	0.100388	0.003297
12	0.378788	0.011321	0.103932	0.015724
8	0.642857	0.007547	0.100199	0.004124
8	0.642857	0.007547	0.100627	0.003610
9	0.527778	0.008491	0.107244	0.010264
9	0.527778	0.008491	0.109708	0.020232
8	0.642857	0.007547	0.105884	0.003473
10	0.466667	0.009434	0.107222	0.003778
11	0.363636	0.010377	0.117192	0.088410
8	0.642857	0.007547	0.112288	0.011985
8	0.642857	0.007547	0.111732	0.002507
10	0.422222	0.009434	0.114101	0.006177
9	0.416667	0.008491	0.120222	0.117443
6	0.666667	0.005660	0.108595	0.000280
7	0.476190	0.006604	0.109346	0.001178
6	0.200000	0.005660	0.111158	0.005820
6	0.600000	0.005660	0.104743	0.001133
7	0.571429	0.006604	0.108086	0.002464
6	0.800000	0.005660	0.099428	0.000073
7	0.714286	0.006604	0.101494	0.000131
11	0.418182	0.010377	0.106554	0.002794
10	0.511111	0.009434	0.104816	0.001082
8	0.642857	0.007547	0.099925	0.000174
12	0.439394	0.011321	0.107691	0.003137
12	0.439394	0.011321	0.105936	0.004157
9	0.611111	0.008491	0.102693	0.000736
6	0.866667	0.005660	0.101513	0.000025
8	0.571429	0.007547	0.102435	0.002831
8	0.571429	0.007547	0.107136	0.003355
9	0.444444	0.008491	0.109890	0.002201
10	0.355556	0.009434	0.116740	0.097593
6	0.600000	0.005660	0.111614	0.000647
5	0.800000	0.004717	0.113539	0.005065
9	0.388889	0.008491	0.119262	0.159430
10	0.333333	0.009434	0.118462	0.093779
8	0.428571	0.007547	0.121783	0.179360
10	0.400000	0.009434	0.120045	0.164749
8	0.464286	0.007547	0.117660	0.044937
9	0.444444	0.008491	0.113783	0.003439
9	0.500000	0.008491	0.116637	0.116313
6	0.600000	0.005660	0.111944	0.028765
7	0.619048	0.006604	0.108396	0.000640
9	0.416667	0.008491	0.109583	0.028959
6	0.800000	0.005660	0.102793	0.000013
12	0.348485	0.011321	0.111006	0.007000
11	0.418182	0.010377	0.113783	0.120254
9	0.555556	0.008491	0.105725	0.002474
10	0.444444	0.009434	0.105221	0.002441
11	0.381818	0.010377	0.108997	0.008928
7	0.666667	0.006604	0.107179	0.000666
6	0.733333	0.005660	0.101571	0.000322
6	0.466667	0.005660	0.103799	0.003575
9	0.388889	0.008491	0.111661	0.088042
6	0.666667	0.005660	0.106618	0.013336
7	0.571429	0.006604	0.107505	0.043618
7	0.571429	0.006604	0.103637	0.043721
8	0.642857	0.007547	0.107505	0.014960
9	0.583333	0.008491	0.107625	0.016388
8	0.571429	0.007547	0.102963	0.011097
8	0.535714	0.007547	0.102993	0.011265
8	0.571429	0.007547	0.105190	0.004409
9	0.472222	0.008491	0.106362	0.043520
10	0.422222	0.009434	0.105588	0.044654
8	0.571429	0.007547	0.102002	0.001256
11	0.472727	0.010377	0.109335	0.099732
13	0.397436	0.012264	0.102983	0.018500
10	0.466667	0.009434	0.101962	0.004212
8	0.642857	0.007547	0.105284	0.006483
8	0.642857	0.007547	0.105295	0.007083
10	0.466667	0.009434	0.107027	0.032353
10	0.511111	0.009434	0.100818	0.005307
9	0.527778	0.008491	0.100789	0.004343
6	0.600000	0.005660	0.095815	0.000738
6	0.733333	0.005660	0.094440	0.000011
8	0.678571	0.007547	0.094491	0.000031
6	0.800000	0.005660	0.094264	0.000002
9	0.527778	0.008491	0.101835	0.016847
12	0.439394	0.011321	0.097642	0.007979
9	0.583333	0.008491	0.096337	0.001707
8	0.642857	0.007547	0.096329	0.002359
8	0.642857	0.007547	0.098779	0.007845
11	0.436364	0.010377	0.094072	0.004616
8	0.642857	0.007547	0.093343	0.001761
7	0.714286	0.006604	0.093318	0.000973
10	0.444444	0.009434	0.096848	0.006947
11	0.436364	0.010377	0.091057	0.004230
8	0.500000	0.007547	0.090964	0.000648
9	0.472222	0.008491	0.092982	0.001195
6	0.800000	0.005660	0.090467	0.000009
7	0.714286	0.006604	0.095746	0.000928
11	0.454545	0.010377	0.099038	0.008715
9	0.583333	0.008491	0.098715	0.005331
6	0.800000	0.005660	0.096671	0.000376
7	0.571429	0.006604	0.103163	0.030801
8	0.464286	0.007547	0.099755	0.007575
10	0.355556	0.009434	0.100933	0.054371
13	0.371795	0.012264	0.097328	0.015514
11	0.454545	0.010377	0.096023	0.012258
8	0.500000	0.007547	0.092925	0.008366
9	0.527778	0.008491	0.096883	0.006434
11	0.436364	0.010377	0.096023	0.007497
9	0.555556	0.008491	0.095315	0.002402
9	0.500000	0.008491	0.095616	0.028543
10	0.422222	0.009434	0.099727	0.026219
12	0.363636	0.011321	0.099288	0.041132
9	0.527778	0.008491	0.098312	0.034088
8	0.642857	0.007547	0.097525	0.006146
10	0.422222	0.009434	0.102644	0.077963
8	0.571429	0.007547	0.095962	0.000579
6	0.666667	0.005660	0.095008	0.000866
11	0.363636	0.010377	0.099643	0.004698
6	0.600000	0.005660	0.091553	0.000343
4	0.833333	0.003774	0.090699	0.000041
6	0.533333	0.005660	0.094626	0.000949
7	0.619048	0.006604	0.096276	0.000599
9	0.500000	0.008491	0.097435	0.000880
7	0.523810	0.006604	0.097096	0.000752
9	0.361111	0.008491	0.099540	0.015278
7	0.428571	0.006604	0.093154	0.001247
6	0.733333	0.005660	0.093187	0.000440
7	0.666667	0.006604	0.088473	0.000069
9	0.500000	0.008491	0.094940	0.004376
11	0.436364	0.010377	0.096390	0.013580
8	0.642857	0.007547	0.090972	0.000699
11	0.509091	0.010377	0.091442	0.001873
12	0.439394	0.011321	0.093466	0.004716
11	0.381818	0.010377	0.092909	0.017554
9	0.611111	0.008491	0.087437	0.000559
12	0.454545	0.011321	0.094088	0.004890
11	0.472727	0.010377	0.089641	0.001111
9	0.500000	0.008491	0.090282	0.023682
9	0.500000	0.008491	0.089278	0.003791
13	0.358974	0.012264	0.096006	0.033686
10	0.444444	0.009434	0.091034	0.003224
8	0.500000	0.007547	0.090513	0.013281
6	0.400000	0.005660	0.084956	0.003564
6	0.466667	0.005660	0.084658	0.004497
4	0.500000	0.003774	0.079550	0.001846
6	0.400000	0.005660	0.079723	0.002932
7	0.333333	0.006604	0.076706	0.002314
7	0.523810	0.006604	0.075574	0.001310
8	0.500000	0.007547	0.073326	0.002077
10	0.466667	0.009434	0.072737	0.003436
12	0.484848	0.011321	0.073796	0.001759
12	0.469697	0.011321	0.073955	0.001981
12	0.424242	0.011321	0.078385	0.005440
12	0.409091	0.011321	0.077707	0.010456
13	0.371795	0.012264	0.082196	0.022599
12	0.424242	0.011321	0.077514	0.002665
12	0.439394	0.011321	0.076673	0.001808
13	0.448718	0.012264	0.076100	0.003331
9	0.555556	0.008491	0.076496	0.002572
6	0.533333	0.005660	0.076645	0.000623
12	0.393939	0.011321	0.077491	0.002111
9	0.527778	0.008491	0.081357	0.004291
9	0.444444	0.008491	0.081564	0.004042
11	0.472727	0.010377	0.086172	0.010335
10	0.488889	0.009434	0.086729	0.005705
8	0.464286	0.007547	0.086928	0.004842
7	0.619048	0.006604	0.085141	0.001752
7	0.571429	0.006604	0.090174	0.024058
6	0.800000	0.005660	0.084902	0.000421
8	0.607143	0.007547	0.085449	0.001859
11	0.509091	0.010377	0.081815	0.001498
12	0.439394	0.011321	0.082260	0.002573
13	0.358974	0.012264	0.081721	0.004824
11	0.400000	0.010377	0.085484	0.003380
9	0.583333	0.008491	0.082709	0.000946
12	0.378788	0.011321	0.083669	0.007638
10	0.444444	0.009434	0.086957	0.023908
9	0.500000	0.008491	0.086935	0.006030
10	0.444444	0.009434	0.087107	0.013022
10	0.422222	0.009434	0.083255	0.009764
9	0.555556	0.008491	0.082503	0.002079
9	0.500000	0.008491	0.086743	0.023015
8	0.642857	0.007547	0.082362	0.002377
11	0.418182	0.010377	0.081282	0.009402
8	0.607143	0.007547	0.080657	0.001451
7	0.619048	0.006604	0.080535	0.001421
11	0.400000	0.010377	0.077259	0.003089
7	0.571429	0.006604	0.075823	0.000447
8	0.535714	0.007547	0.072807	0.000121
10	0.444444	0.009434	0.076606	0.004541
8	0.535714	0.007547	0.076617	0.001286
9	0.472222	0.008491	0.078044	0.002633
11	0.454545	0.010377	0.076878	0.001358
12	0.439394	0.011321	0.076856	0.001911
13	0.410256	0.012264	0.076845	0.008112
13	0.435897	0.012264	0.072832	0.001797
10	0.533333	0.009434	0.072261	0.001139
7	0.619048	0.006604	0.071869	0.000205
8	0.535714	0.007547	0.072079	0.000483
7	0.619048	0.006604	0.075076	0.000816
6	0.600000	0.005660	0.075034	0.001161
7	0.476190	0.006604	0.079430	0.004059
6	0.333333	0.005660	0.078125	0.002166
7	0.380952	0.006604	0.082735	0.005557
5	0.600000	0.004717	0.078443	0.000140
7	0.380952	0.006604	0.080139	0.001563
4	0.666667	0.003774	0.081891	0.000593
8	0.464286	0.007547	0.082632	0.001855
7	0.523810	0.006604	0.086971	0.003402
8	0.464286	0.007547	0.088956	0.008284
8	0.464286	0.007547	0.092730	0.060812
8	0.642857	0.007547	0.086743	0.001215
11	0.418182	0.010377	0.089023	0.032872
9	0.555556	0.008491	0.087727	0.012159
7	0.714286	0.006604	0.086722	0.009023
9	0.472222	0.008491	0.082606	0.002158
10	0.377778	0.009434	0.083695	0.006956
8	0.500000	0.007547	0.083438	0.011736
5	0.700000	0.004717	0.078113	0.000069
6	0.533333	0.005660	0.078629	0.003119
11	0.400000	0.010377	0.080206	0.009742
8	0.642857	0.007547	0.075220	0.002151
8	0.678571	0.007547	0.075466	0.002230
10	0.555556	0.009434	0.072271	0.003841
11	0.472727	0.010377	0.072777	0.001786
12	0.378788	0.011321	0.069609	0.001775
8	0.357143	0.007547	0.072827	0.004123
11	0.418182	0.010377	0.069517	0.001586
10	0.377778	0.009434	0.072558	0.005001
8	0.500000	0.007547	0.072792	0.008634
11	0.454545	0.010377	0.068800	0.001614
10	0.511111	0.009434	0.068431	0.001679
8	0.642857	0.007547	0.068255	0.002099
10	0.511111	0.009434	0.068299	0.001952
11	0.436364	0.010377	0.064626	0.000405
6	0.800000	0.005660	0.064235	0.000016
6	0.800000	0.005660	0.064270	0.000014
7	0.571429	0.006604	0.064611	0.000129
6	0.600000	0.005660	0.065432	0.000553
6	0.466667	0.005660	0.068277	0.001844
9	0.527778	0.008491	0.069599	0.002474
11	0.436364	0.010377	0.069668	0.002497
13	0.423077	0.012264	0.073929	0.006721
12	0.500000	0.011321	0.074308	0.003725
12	0.469697	0.011321	0.077536	0.003601
12	0.469697	0.011321	0.078629	0.003244
12	0.439394	0.011321	0.079264	0.004539
10	0.488889	0.009434	0.078846	0.001590
8	0.392857	0.007547	0.077764	0.004986
9	0.277778	0.008491	0.077656	0.011456
9	0.305556	0.008491	0.073078	0.005401
8	0.464286	0.007547	0.072623	0.002472
11	0.400000	0.010377	0.069590	0.002425
10	0.466667	0.009434	0.069358	0.002277
7	0.666667	0.006604	0.065529	0.000111
8	0.535714	0.007547	0.065732	0.000332
10	0.466667	0.009434	0.065847	0.000760
9	0.527778	0.008491	0.068176	0.000867
10	0.444444	0.009434	0.069829	0.002901
9	0.444444	0.008491	0.072375	0.008444
8	0.642857	0.007547	0.068097	0.000258
12	0.469697	0.011321	0.068281	0.000867
10	0.466667	0.009434	0.069806	0.005852
8	0.642857	0.007547	0.068018	0.001492
8	0.642857	0.007547	0.065456	0.000376
11	0.472727	0.010377	0.065598	0.000922
11	0.454545	0.010377	0.065736	0.002126
8	0.642857	0.007547	0.064332	0.000089
7	0.666667	0.006604	0.061941	0.000034
8	0.535714	0.007547	0.062090	0.000089
6	0.733333	0.005660	0.064761	0.000104
7	0.571429	0.006604	0.065688	0.001417
6	0.600000	0.005660	0.068930	0.002005
10	0.444444	0.009434	0.069889	0.004127
9	0.527778	0.008491	0.073560	0.004361
13	0.384615	0.012264	0.074459	0.010508
12	0.469697	0.011321	0.078647	0.012169
13	0.423077	0.012264	0.079099	0.009272
12	0.500000	0.011321	0.082375	0.008000
13	0.397436	0.012264	0.082871	0.020423
11	0.363636	0.010377	0.082767	0.006232
8	0.321429	0.007547	0.082062	0.004511
11	0.363636	0.010377	0.086333	0.014638
6	0.333333	0.005660	0.080928	0.003940
7	0.523810	0.006604	0.080978	0.009108
11	0.381818	0.010377	0.076800	0.008269
10	0.444444	0.009434	0.077497	0.003960
10	0.355556	0.009434	0.074313	0.005819
11	0.345455	0.010377	0.077271	0.013315
8	0.392857	0.007547	0.072503	0.000974
5	0.600000	0.004717	0.071772	0.000116
4	0.833333	0.003774	0.068622	0.000010
6	0.600000	0.005660	0.071777	0.000133
6	0.533333	0.005660	0.072682	0.001191
7	0.523810	0.006604	0.073215	0.000582
10	0.422222	0.009434	0.076957	0.003698
9	0.527778	0.008491	0.078235	0.006583
11	0.400000	0.010377	0.082420	0.022890
10	0.422222	0.009434	0.083821	0.024822
10	0.377778	0.009434	0.087640	0.030050
9	0.416667	0.008491	0.087466	0.013208
9	0.305556	0.008491	0.092974	0.038454
9	0.416667	0.008491	0.092318	0.021859
13	0.358974	0.012264	0.093285	0.032811
9	0.472222	0.008491	0.087705	0.003499
9	0.416667	0.008491	0.088011	0.023571
10	0.466667	0.009434	0.086821	0.008373
9	0.527778	0.008491	0.086046	0.005827
8	0.642857	0.007547	0.081986	0.001926
8	0.642857	0.007547	0.081708	0.003458
9	0.527778	0.008491	0.081065	0.004447
9	0.583333	0.008491	0.080230	0.003386
8	0.642857	0.007547	0.076695	0.000440
7	0.571429	0.006604	0.076929	0.004369
7	0.619048	0.006604	0.075920	0.000202
5	0.900000	0.004717	0.075113	0.000049
4	1.000000	0.003774	0.074417	0.000000
2	1.000000	0.001887	0.095962	0.000000
5	0.600000	0.004717	0.099605	0.000226
9	0.472222	0.008491	0.106127	0.002319
13	0.384615	0.012264	0.109629	0.003417
11	0.436364	0.010377	0.115280	0.014171
8	0.535714	0.007547	0.108042	0.000974
9	0.472222	0.008491	0.108651	0.002374
6	0.666667	0.005660	0.102495	0.000026
5	0.800000	0.004717	0.102238	0.000031
5	0.800000	0.004717	0.102238	0.000031
5	0.600000	0.004717	0.103073	0.000360
11	0.454545	0.010377	0.110130	0.003254
9	0.527778	0.008491	0.110359	0.001655
9	0.583333	0.008491	0.114335	0.004111
10	0.488889	0.009434	0.117961	0.050012
6	0.533333	0.005660	0.115005	0.017685
9	0.416667	0.008491	0.121909	0.282864
10	0.422222	0.009434	0.115784	0.015810
12	0.393939	0.011321	0.117712	0.034279
13	0.423077	0.012264	0.113043	0.017046
11	0.490909	0.010377	0.115607	0.024570
12	0.393939	0.011321	0.111602	0.022445
9	0.500000	0.008491	0.110913	0.008152
9	0.472222	0.008491	0.110486	0.066763
6	0.666667	0.005660	0.105915	0.002701
9	0.444444	0.008491	0.106704	0.065078
6	0.800000	0.005660	0.101319	0.000075
10	0.422222	0.009434	0.107266	0.004806
13	0.384615	0.012264	0.107136	0.008118
10	0.488889	0.009434	0.102614	0.002966
9	0.555556	0.008491	0.102933	0.001236
13	0.410256	0.012264	0.110153	0.052789
12	0.469697	0.011321	0.104156	0.013244
10	0.444444	0.009434	0.105065	0.021019
13	0.346154	0.012264	0.105831	0.032004
10	0.444444	0.009434	0.109267	0.016822
11	0.400000	0.010377	0.104795	0.099147
10	0.377778	0.009434	0.101484	0.003413
7	0.523810	0.006604	0.100398	0.001552
10	0.422222	0.009434	0.103405	0.002784
10	0.533333	0.009434	0.103586	0.001907
10	0.422222	0.009434	0.109143	0.005182
7	0.428571	0.006604	0.107866	0.002271
5	0.500000	0.004717	0.110798	0.016654
8	0.642857	0.007547	0.106758	0.003015
9	0.611111	0.008491	0.106234	0.005613
11	0.545455	0.010377	0.103013	0.001524
7	0.714286	0.006604	0.099802	0.000283
8	0.642857	0.007547	0.100094	0.000928
13	0.410256	0.012264	0.104259	0.005229
9	0.555556	0.008491	0.098003	0.000650
8	0.642857	0.007547	0.097194	0.000546
8	0.642857	0.007547	0.097453	0.000587
12	0.363636	0.011321	0.101368	0.005359
8	0.642857	0.007547	0.093797	0.000401
8	0.642857	0.007547	0.093747	0.000340
9	0.555556	0.008491	0.099428	0.001504
11	0.400000	0.010377	0.101835	0.032530
8	0.642857	0.007547	0.093064	0.000252
8	0.642857	0.007547	0.092999	0.000263
11	0.472727	0.010377	0.099158	0.034892
10	0.466667	0.009434	0.093656	0.010875
6	0.800000	0.005660	0.090645	0.000004
6	0.800000	0.005660	0.090972	0.000012
6	0.800000	0.005660	0.091585	0.000049
8	0.535714	0.007547	0.092885	0.003785
10	0.422222	0.009434	0.094113	0.020165
9	0.500000	0.008491	0.088814	0.002905
7	0.714286	0.006604	0.089686	0.000648
8	0.642857	0.007547	0.089968	0.001106
14	0.362637	0.013208	0.091230	0.008490
8	0.642857	0.007547	0.085948	0.000447
8	0.642857	0.007547	0.087286	0.001346
10	0.466667	0.009434	0.092326	0.003313
11	0.454545	0.010377	0.088113	0.003358
8	0.642857	0.007547	0.087207	0.000630
10	0.533333	0.009434	0.093656	0.006471
11	0.436364	0.010377	0.094584	0.031340
8	0.571429	0.007547	0.088355	0.003392
7	0.619048	0.006604	0.092934	0.001984
10	0.466667	0.009434	0.094331	0.010270
10	0.444444	0.009434	0.099727	0.012080
13	0.320513	0.012264	0.101242	0.050662
9	0.388889	0.008491	0.100503	0.015261
6	0.533333	0.005660	0.099633	0.004244
8	0.428571	0.007547	0.095272	0.036253
8	0.464286	0.007547	0.099260	0.091254
10	0.422222	0.009434	0.098834	0.019481
10	0.400000	0.009434	0.099093	0.012731
11	0.472727	0.010377	0.094097	0.016251
10	0.511111	0.009434	0.092488	0.005335
9	0.500000	0.008491	0.097570	0.024898
12	0.409091	0.011321	0.092682	0.007713
11	0.472727	0.010377	0.091751	0.006247
9	0.472222	0.008491	0.090113	0.009529
12	0.439394	0.011321	0.090228	0.007322
12	0.439394	0.011321	0.085906	0.005314
9	0.416667	0.008491	0.084827	0.006852
6	0.400000	0.005660	0.083222	0.001686
9	0.472222	0.008491	0.088319	0.009386
6	0.666667	0.005660	0.082838	0.000032
6	0.800000	0.005660	0.082800	0.000009
7	0.666667	0.006604	0.082748	0.000021
13	0.448718	0.012264	0.089188	0.006074
12	0.500000	0.011321	0.084267	0.002556
9	0.611111	0.008491	0.083947	0.000691
10	0.533333	0.009434	0.084793	0.002340
12	0.484848	0.011321	0.086242	0.005676
11	0.400000	0.010377	0.081702	0.012295
7	0.666667	0.006604	0.081382	0.000364
10	0.466667	0.009434	0.086708	0.004853
9	0.472222	0.008491	0.083248	0.007868
8	0.500000	0.007547	0.083268	0.020099
8	0.571429	0.007547	0.083497	0.001686
9	0.500000	0.008491	0.088636	0.026012
9	0.500000	0.008491	0.083887	0.002464
7	0.571429	0.006604	0.083735	0.001156
7	0.619048	0.006604	0.084067	0.018855
9	0.500000	0.008491	0.084187	0.023159
9	0.500000	0.008491	0.088106	0.039302
11	0.436364	0.010377	0.089663	0.045271
9	0.583333	0.008491	0.087981	0.002527
11	0.454545	0.010377	0.088084	0.018452
11	0.436364	0.010377	0.093211	0.086309
12	0.439394	0.011321	0.087777	0.003650
8	0.642857	0.007547	0.086326	0.000667
9	0.555556	0.008491	0.086277	0.001536
10	0.488889	0.009434	0.086460	0.003651
11	0.436364	0.010377	0.085326	0.004687
8	0.607143	0.007547	0.080492	0.000456
7	0.666667	0.006604	0.080206	0.000499
9	0.472222	0.008491	0.084027	0.005003
11	0.454545	0.010377	0.079057	0.001313
7	0.666667	0.006604	0.078119	0.000145
5	0.900000	0.004717	0.077844	0.000093
7	0.619048	0.006604	0.078010	0.000308
6	0.733333	0.005660	0.073632	0.000023
8	0.464286	0.007547	0.078834	0.001428
6	0.533333	0.005660	0.074090	0.000207
9	0.333333	0.008491	0.079729	0.005896
6	0.666667	0.005660	0.074965	0.000535
7	0.619048	0.006604	0.074970	0.000565
6	0.800000	0.005660	0.071433	0.000004
7	0.666667	0.006604	0.076166	0.001626
10	0.488889	0.009434	0.076689	0.003911
12	0.409091	0.011321	0.073114	0.003102
9	0.583333	0.008491	0.073078	0.000609
10	0.466667	0.009434	0.078027	0.010588
10	0.488889	0.009434	0.073673	0.002234
11	0.418182	0.010377	0.073626	0.004264
8	0.642857	0.007547	0.073575	0.000504
9	0.500000	0.008491	0.078263	0.019163
8	0.571429	0.007547	0.073971	0.001646
9	0.416667	0.008491	0.073468	0.010120
6	0.666667	0.005660	0.073260	0.000228
8	0.500000	0.007547	0.073888	0.001679
6	0.666667	0.005660	0.069783	0.000155
10	0.444444	0.009434	0.070143	0.002124
8	0.535714	0.007547	0.070157	0.002301
8	0.642857	0.007547	0.074261	0.002417
11	0.436364	0.010377	0.074532	0.007893
11	0.418182	0.010377	0.074522	0.026419
8	0.642857	0.007547	0.074769	0.002236
10	0.444444	0.009434	0.079532	0.039609
9	0.527778	0.008491	0.078373	0.003456
9	0.472222	0.008491	0.078327	0.016413
9	0.472222	0.008491	0.078723	0.012951
10	0.355556	0.009434	0.083216	0.038944
8	0.500000	0.007547	0.078339	0.002607
8	0.571429	0.007547	0.081955	0.008584
9	0.500000	0.008491	0.082535	0.003427
8	0.500000	0.007547	0.086722	0.024137
5	0.900000	0.004717	0.080891	0.000481
8	0.535714	0.007547	0.082209	0.024379
9	0.500000	0.008491	0.077599	0.003096
10	0.377778	0.009434	0.077878	0.026702
8	0.500000	0.007547	0.072742	0.001911
8	0.607143	0.007547	0.077063	0.004710
9	0.527778	0.008491	0.073033	0.001479
9	0.555556	0.008491	0.072677	0.001327
7	0.714286	0.006604	0.072040	0.000148
7	0.666667	0.006604	0.072345	0.000367
10	0.466667	0.009434	0.069372	0.000409
7	0.523810	0.006604	0.069340	0.000256
6	0.466667	0.005660	0.069404	0.000235
5	0.400000	0.004717	0.068961	0.000273
8	0.428571	0.007547	0.068983	0.001071
7	0.571429	0.006604	0.068961	0.001737
6	0.800000	0.005660	0.065380	0.000049
7	0.619048	0.006604	0.065456	0.000524
9	0.472222	0.008491	0.066167	0.001116
11	0.472727	0.010377	0.069504	0.003545
10	0.555556	0.009434	0.065863	0.000291
9	0.555556	0.008491	0.065871	0.001694
11	0.418182	0.010377	0.069921	0.007344
9	0.555556	0.008491	0.068560	0.000374
11	0.527273	0.010377	0.068299	0.003711
11	0.545455	0.010377	0.068290	0.004670
9	0.500000	0.008491	0.072717	0.021173
7	0.666667	0.006604	0.068172	0.000222
7	0.761905	0.006604	0.067910	0.001648
9	0.638889	0.008491	0.067940	0.005398
7	0.714286	0.006604	0.063994	0.000584
6	0.800000	0.005660	0.063798	0.000390
10	0.555556	0.009434	0.064017	0.002943
11	0.472727	0.010377	0.064375	0.005538
8	0.642857	0.007547	0.060544	0.000619
7	0.714286	0.006604	0.060540	0.000460
6	0.800000	0.005660	0.060537	0.000407
7	0.571429	0.006604	0.060630	0.000600
6	0.600000	0.005660	0.057465	0.000054
5	0.600000	0.004717	0.058402	0.000236
5	0.600000	0.004717	0.058402	0.000236
4	0.666667	0.003774	0.058315	0.000009
8	0.500000	0.007547	0.061862	0.004757
6	0.733333	0.005660	0.061818	0.000923
6	0.866667	0.005660	0.062258	0.000089
7	0.761905	0.006604	0.065586	0.002827
10	0.466667	0.009434	0.065757	0.003798
9	0.611111	0.008491	0.065683	0.003556
9	0.527778	0.008491	0.066180	0.001827
12	0.378788	0.011321	0.070064	0.016742
8	0.642857	0.007547	0.066097	0.000443
8	0.642857	0.007547	0.066151	0.000825
9	0.527778	0.008491	0.069504	0.003054
9	0.527778	0.008491	0.070166	0.003005
8	0.642857	0.007547	0.068979	0.000226
10	0.466667	0.009434	0.069381	0.001550
10	0.444444	0.009434	0.073580	0.011290
8	0.642857	0.007547	0.069136	0.000615
8	0.642857	0.007547	0.068930	0.000664
11	0.381818	0.010377	0.069618	0.004801
8	0.500000	0.007547	0.069495	0.001354
6	0.666667	0.005660	0.065359	0.000629
8	0.428571	0.007547	0.065582	0.001053
4	0.500000	0.003774	0.062629	0.000046
6	0.666667	0.005660	0.062482	0.000009
7	0.571429	0.006604	0.065647	0.001364
6	0.800000	0.005660	0.065075	0.000025
8	0.607143	0.007547	0.065384	0.000082
11	0.436364	0.010377	0.066575	0.002533
10	0.511111	0.009434	0.069517	0.003580
8	0.642857	0.007547	0.066044	0.000103
11	0.436364	0.010377	0.066379	0.001031
12	0.424242	0.011321	0.070488	0.005884
9	0.583333	0.008491	0.069618	0.000928
6	0.800000	0.005660	0.066487	0.000019
8	0.535714	0.007547	0.066877	0.003099
7	0.523810	0.006604	0.070671	0.003079
8	0.500000	0.007547	0.070310	0.001228
10	0.355556	0.009434	0.075135	0.017461
6	0.600000	0.005660	0.073960	0.000874
6	0.600000	0.005660	0.078333	0.013998
10	0.333333	0.009434	0.074230	0.008215
9	0.361111	0.008491	0.073888	0.007241
7	0.476190	0.006604	0.069801	0.001553
5	0.800000	0.004717	0.069413	0.000170
5	0.800000	0.004717	0.066209	0.000033
8	0.500000	0.007547	0.069508	0.001026
8	0.500000	0.007547	0.069810	0.001810
5	0.600000	0.004717	0.066064	0.000092
7	0.619048	0.006604	0.069454	0.000286
9	0.416667	0.008491	0.069145	0.002114
6	0.800000	0.005660	0.069064	0.000013
12	0.348485	0.011321	0.069944	0.005619
11	0.418182	0.010377	0.073852	0.013737
9	0.555556	0.008491	0.073412	0.002412
10	0.444444	0.009434	0.073458	0.008486
11	0.381818	0.010377	0.074282	0.008938
8	0.535714	0.007547	0.077804	0.014024
6	0.733333	0.005660	0.073209	0.000043
6	0.466667	0.005660	0.074069	0.003681
9	0.416667	0.008491	0.078408	0.015551
6	0.666667	0.005660	0.078577	0.004703
7	0.571429	0.006604	0.082683	0.006561
7	0.571429	0.006604	0.083412	0.008986
8	0.642857	0.007547	0.082709	0.004435
10	0.488889	0.009434	0.082871	0.021394
9	0.472222	0.008491	0.087509	0.040019
7	0.619048	0.006604	0.082832	0.001223
8	0.535714	0.007547	0.081752	0.004482
9	0.444444	0.008491	0.082253	0.011996
9	0.472222	0.008491	0.079187	0.006923
7	0.714286	0.006604	0.076523	0.000802
11	0.454545	0.010377	0.077446	0.014436
12	0.424242	0.011321	0.076700	0.004101
10	0.444444	0.009434	0.074376	0.001863
7	0.666667	0.006604	0.072178	0.001011
8	0.607143	0.007547	0.072296	0.001012
9	0.500000	0.008491	0.072912	0.003815
9	0.472222	0.008491	0.072573	0.002191
8	0.535714	0.007547	0.072558	0.001398
6	0.600000	0.005660	0.075199	0.000920
5	0.800000	0.004717	0.071680	0.000036
8	0.607143	0.007547	0.071728	0.000204
6	0.733333	0.005660	0.070993	0.000005
7	0.666667	0.006604	0.072424	0.000402
12	0.409091	0.011321	0.076358	0.007235
8	0.642857	0.007547	0.074880	0.000473
8	0.642857	0.007547	0.074880	0.000331
8	0.642857	0.007547	0.076440	0.001651
11	0.436364	0.010377	0.080103	0.004671
8	0.642857	0.007547	0.076095	0.000500
7	0.714286	0.006604	0.076084	0.000202
10	0.444444	0.009434	0.081936	0.005663
10	0.466667	0.009434	0.080916	0.001990
8	0.500000	0.007547	0.080947	0.001049
9	0.444444	0.008491	0.086270	0.002664
6	0.800000	0.005660	0.080639	0.000009
7	0.714286	0.006604	0.081376	0.000276
11	0.454545	0.010377	0.087351	0.006232
9	0.583333	0.008491	0.087107	0.001600
6	0.800000	0.005660	0.082094	0.000145
7	0.571429	0.006604	0.082994	0.002863
8	0.464286	0.007547	0.087974	0.004485
10	0.355556	0.009434	0.088844	0.012805
13	0.358974	0.012264	0.094457	0.013058
11	0.454545	0.010377	0.093121	0.003313
8	0.500000	0.007547	0.099624	0.050150
9	0.527778	0.008491	0.093756	0.006518
12	0.378788	0.011321	0.093524	0.049145
9	0.555556	0.008491	0.092238	0.001755
8	0.642857	0.007547	0.092086	0.003996
10	0.444444	0.009434	0.087799	0.006093
11	0.418182	0.010377	0.089323	0.009727
9	0.555556	0.008491	0.088629	0.007676
8	0.642857	0.007547	0.085858	0.002352
10	0.422222	0.009434	0.084415	0.012418
9	0.500000	0.008491	0.087748	0.020587
6	0.666667	0.005660	0.082445	0.003053
11	0.363636	0.010377	0.082903	0.010901
8	0.500000	0.007547	0.076773	0.003057
6	0.666667	0.005660	0.076634	0.000968
3	1.000000	0.002830	0.071313	0.000000
5	0.800000	0.004717	0.071942	0.000030
6	0.666667	0.005660	0.072912	0.000260
8	0.571429	0.007547	0.077401	0.000997
9	0.472222	0.008491	0.077798	0.001760
7	0.476190	0.006604	0.077781	0.001213
9	0.388889	0.008491	0.082625	0.003986
7	0.476190	0.006604	0.079472	0.002510
6	0.800000	0.005660	0.079158	0.000020
7	0.666667	0.006604	0.078969	0.000052
10	0.466667	0.009434	0.080916	0.006956
11	0.436364	0.010377	0.084875	0.006934
8	0.642857	0.007547	0.084773	0.001774
11	0.509091	0.010377	0.084963	0.006846
12	0.424242	0.011321	0.087014	0.007874
10	0.422222	0.009434	0.089907	0.018482
9	0.583333	0.008491	0.085243	0.001174
12	0.439394	0.011321	0.087329	0.006274
11	0.472727	0.010377	0.087300	0.001727
9	0.500000	0.008491	0.091719	0.009123
8	0.535714	0.007547	0.086608	0.001066
13	0.358974	0.012264	0.093113	0.016565
10	0.444444	0.009434	0.092568	0.002969
8	0.500000	0.007547	0.092134	0.003658
7	0.428571	0.006604	0.085594	0.001512
6	0.533333	0.005660	0.085484	0.001223
4	0.500000	0.003774	0.083722	0.000565
6	0.400000	0.005660	0.088091	0.001374
7	0.333333	0.006604	0.087150	0.001668
7	0.523810	0.006604	0.088422	0.000489
7	0.571429	0.006604	0.090653	0.001448
10	0.444444	0.009434	0.092351	0.002192
13	0.435897	0.012264	0.096645	0.006565
12	0.484848	0.011321	0.099260	0.004754
12	0.424242	0.011321	0.101894	0.005860
13	0.397436	0.012264	0.106812	0.012203
13	0.371795	0.012264	0.108551	0.013959
12	0.424242	0.011321	0.106362	0.003121
12	0.439394	0.011321	0.104444	0.001460
13	0.448718	0.012264	0.109222	0.014073
9	0.555556	0.008491	0.109572	0.008468
6	0.600000	0.005660	0.103384	0.000455
13	0.358974	0.012264	0.108763	0.010085
9	0.527778	0.008491	0.106181	0.003578
9	0.472222	0.008491	0.104085	0.001766
11	0.472727	0.010377	0.101943	0.003711
10	0.444444	0.009434	0.100569	0.003182
8	0.500000	0.007547	0.100808	0.004190
7	0.619048	0.006604	0.097516	0.000270
6	0.733333	0.005660	0.095720	0.000174
5	0.700000	0.004717	0.096539	0.000072
8	0.571429	0.007547	0.098945	0.000681
12	0.439394	0.011321	0.105221	0.004692
12	0.439394	0.011321	0.105831	0.003762
14	0.362637	0.013208	0.104971	0.004919
11	0.454545	0.010377	0.100047	0.002898
9	0.583333	0.008491	0.101000	0.000991
12	0.378788	0.011321	0.108318	0.025041
11	0.418182	0.010377	0.104712	0.011694
9	0.500000	0.008491	0.101884	0.014988
10	0.444444	0.009434	0.104054	0.015579
9	0.500000	0.008491	0.101815	0.006981
9	0.555556	0.008491	0.098294	0.003038
9	0.500000	0.008491	0.096601	0.010874
8	0.642857	0.007547	0.095642	0.002521
10	0.488889	0.009434	0.094080	0.002796
8	0.607143	0.007547	0.091301	0.000719
7	0.619048	0.006604	0.089023	0.000643
12	0.378788	0.011321	0.093146	0.005420
7	0.571429	0.006604	0.088881	0.000227
8	0.571429	0.007547	0.092544	0.000551
10	0.444444	0.009434	0.094222	0.004028
7	0.666667	0.006604	0.097489	0.001581
8	0.571429	0.007547	0.099140	0.002507
11	0.454545	0.010377	0.104444	0.006587
12	0.454545	0.011321	0.104526	0.005285
13	0.423077	0.012264	0.110210	0.022358
14	0.417582	0.013208	0.107965	0.008119
10	0.533333	0.009434	0.112467	0.031666
7	0.666667	0.006604	0.105820	0.000820
8	0.571429	0.007547	0.105672	0.005062
8	0.607143	0.007547	0.101659	0.002180
6	0.600000	0.005660	0.101145	0.003589
7	0.476190	0.006604	0.097435	0.003713
6	0.333333	0.005660	0.097732	0.002814
7	0.380952	0.006604	0.094214	0.003012
5	0.600000	0.004717	0.092399	0.001110
7	0.380952	0.006604	0.090653	0.001574
4	0.666667	0.003774	0.088577	0.000132
8	0.464286	0.007547	0.089618	0.000651
7	0.523810	0.006604	0.090421	0.001746
8	0.464286	0.007547	0.094761	0.017996
9	0.416667	0.008491	0.092230	0.038145
8	0.642857	0.007547	0.090243	0.000303
11	0.436364	0.010377	0.097274	0.011154
9	0.555556	0.008491	0.095763	0.020593
7	0.714286	0.006604	0.094965	0.014244
9	0.472222	0.008491	0.094323	0.000996
11	0.381818	0.010377	0.101542	0.009476
10	0.422222	0.009434	0.101126	0.031701
5	0.700000	0.004717	0.097985	0.000678
6	0.533333	0.005660	0.103932	0.011763
11	0.418182	0.010377	0.105630	0.029095
8	0.642857	0.007547	0.107527	0.016563
8	0.678571	0.007547	0.108031	0.010199
10	0.555556	0.009434	0.112443	0.038404
11	0.472727	0.010377	0.114372	0.014796
12	0.363636	0.011321	0.112598	0.014026
8	0.357143	0.007547	0.110428	0.004799
10	0.444444	0.009434	0.106812	0.004420
10	0.377778	0.009434	0.107669	0.007119
8	0.500000	0.007547	0.102793	0.005952
11	0.454545	0.010377	0.099474	0.002869
10	0.511111	0.009434	0.098825	0.003065
8	0.642857	0.007547	0.098504	0.002585
10	0.511111	0.009434	0.094022	0.003358
11	0.436364	0.010377	0.091191	0.001001
6	0.800000	0.005660	0.090305	0.000154
6	0.800000	0.005660	0.090390	0.000094
7	0.571429	0.006604	0.087006	0.000116
6	0.600000	0.005660	0.088260	0.000527
6	0.466667	0.005660	0.089233	0.000940
9	0.527778	0.008491	0.091490	0.001573
11	0.418182	0.010377	0.091680	0.001865
12	0.454545	0.011321	0.096627	0.011290
13	0.461538	0.012264	0.099840	0.005210
12	0.469697	0.011321	0.104940	0.014578
11	0.509091	0.010377	0.105253	0.002452
12	0.439394	0.011321	0.112898	0.026781
10	0.488889	0.009434	0.112134	0.004236
8	0.392857	0.007547	0.118449	0.157806
9	0.277778	0.008491	0.118238	0.068544
9	0.305556	0.008491	0.121088	0.248341
8	0.464286	0.007547	0.116292	0.019312
13	0.346154	0.012264	0.119531	0.076228
10	0.444444	0.009434	0.118462	0.069082
8	0.571429	0.007547	0.113722	0.019041
7	0.571429	0.006604	0.107789	0.000546
10	0.444444	0.009434	0.108163	0.016969
9	0.500000	0.008491	0.104578	0.001835
10	0.444444	0.009434	0.106715	0.003552
9	0.444444	0.008491	0.103003	0.005663
8	0.642857	0.007547	0.103779	0.003878
12	0.469697	0.011321	0.104516	0.008578
9	0.583333	0.008491	0.099316	0.002028
8	0.642857	0.007547	0.098899	0.002553
8	0.642857	0.007547	0.095677	0.002392
11	0.472727	0.010377	0.096337	0.002799
11	0.454545	0.010377	0.093130	0.004249
8	0.642857	0.007547	0.091269	0.000722
7	0.666667	0.006604	0.089482	0.000200
8	0.535714	0.007547	0.089701	0.000230
6	0.733333	0.005660	0.086800	0.000047
7	0.571429	0.006604	0.088718	0.000872
6	0.600000	0.005660	0.090267	0.000861
10	0.444444	0.009434	0.092407	0.003025
9	0.527778	0.008491	0.094022	0.002027
10	0.511111	0.009434	0.099010	0.002421
12	0.454545	0.011321	0.101484	0.005826
13	0.397436	0.012264	0.108351	0.007913
12	0.500000	0.011321	0.107866	0.005283
13	0.397436	0.012264	0.115519	0.112700
11	0.363636	0.010377	0.115406	0.052499
8	0.321429	0.007547	0.113418	0.036106
11	0.363636	0.010377	0.108852	0.059961
6	0.333333	0.005660	0.111041	0.022755
7	0.523810	0.006604	0.111134	0.024566
11	0.381818	0.010377	0.116509	0.096500
10	0.444444	0.009434	0.113819	0.010298
10	0.355556	0.009434	0.110798	0.009730
10	0.355556	0.009434	0.107201	0.010052
8	0.392857	0.007547	0.103617	0.004934
4	0.666667	0.003774	0.096928	0.000073
4	0.666667	0.003774	0.094072	0.000170
6	0.533333	0.005660	0.097096	0.000481
5	0.600000	0.004717	0.092334	0.000300
7	0.523810	0.006604	0.092934	0.000325
10	0.400000	0.009434	0.101338	0.003896
9	0.500000	0.008491	0.101426	0.002155
11	0.400000	0.010377	0.110187	0.016374
9	0.527778	0.008491	0.107844	0.004290
11	0.400000	0.010377	0.110578	0.065448
10	0.400000	0.009434	0.110717	0.059237
9	0.361111	0.008491	0.106576	0.079879
9	0.472222	0.008491	0.105378	0.033518
11	0.400000	0.010377	0.099727	0.021044
9	0.444444	0.008491	0.097867	0.006567
8	0.500000	0.007547	0.097364	0.006631
9	0.527778	0.008491	0.090792	0.001563
10	0.488889	0.009434	0.090816	0.002791
8	0.642857	0.007547	0.090197	0.001715
8	0.642857	0.007547	0.089891	0.001455
9	0.527778	0.008491	0.088651	0.001274
9	0.583333	0.008491	0.088488	0.001574
8	0.642857	0.007547	0.087908	0.000708
7	0.571429	0.006604	0.092391	0.008515
7	0.619048	0.006604	0.086291	0.000441
5	0.900000	0.004717	0.086011	0.000295
4	1.000000	0.003774	0.081463	0.000000
