tdegree	cluster_coefficient	degrees_centrality	closenesses_centrality	betweennesses
2	1.000000	0.004008	0.096091	0.000000
3	0.666667	0.006012	0.096109	0.000004
5	0.500000	0.010020	0.106261	0.005992
4	0.666667	0.008016	0.106238	0.001996
5	0.600000	0.010020	0.118696	0.007952
5	0.600000	0.010020	0.118696	0.007952
6	0.600000	0.012024	0.128344	0.006974
9	0.444444	0.018036	0.134284	0.020144
12	0.439394	0.024048	0.136302	0.023556
12	0.484848	0.024048	0.137163	0.022329
12	0.484848	0.024048	0.139463	0.025079
13	0.397436	0.026052	0.137579	0.023355
11	0.490909	0.022044	0.138457	0.011882
11	0.400000	0.022044	0.134828	0.016684
11	0.381818	0.022044	0.132748	0.017545
6	0.533333	0.012024	0.119779	0.000291
6	0.666667	0.012024	0.121234	0.000431
6	0.666667	0.012024	0.121234	0.000431
6	0.666667	0.012024	0.123729	0.000742
9	0.527778	0.018036	0.134032	0.003439
11	0.436364	0.022044	0.136339	0.014241
11	0.454545	0.022044	0.145949	0.027520
12	0.393939	0.024048	0.147764	0.034608
11	0.490909	0.022044	0.148556	0.020758
12	0.484848	0.024048	0.146291	0.032825
13	0.448718	0.026052	0.145016	0.031538
11	0.490909	0.022044	0.142003	0.026986
7	0.619048	0.014028	0.130902	0.001223
8	0.500000	0.016032	0.128575	0.002574
7	0.666667	0.014028	0.137352	0.001559
10	0.466667	0.020040	0.141560	0.010779
9	0.500000	0.018036	0.151764	0.048993
10	0.444444	0.020040	0.156475	0.102177
9	0.500000	0.018036	0.153114	0.056643
8	0.500000	0.016032	0.152599	0.052631
8	0.607143	0.016032	0.144012	0.006484
10	0.422222	0.020040	0.144554	0.021011
9	0.527778	0.018036	0.137845	0.008063
7	0.619048	0.014028	0.134393	0.001665
4	1.000000	0.008016	0.130731	0.000000
6	0.666667	0.012024	0.134429	0.000594
8	0.428571	0.016032	0.146981	0.029390
6	0.466667	0.012024	0.142246	0.004490
9	0.444444	0.018036	0.153350	0.048471
9	0.527778	0.018036	0.151029	0.013218
8	0.607143	0.016032	0.143391	0.002262
11	0.490909	0.022044	0.144848	0.021734
12	0.469697	0.024048	0.143432	0.014727
13	0.474359	0.026052	0.132819	0.006939
15	0.438095	0.030060	0.131697	0.012428
15	0.438095	0.030060	0.130594	0.009496
13	0.461538	0.026052	0.118923	0.004314
13	0.423077	0.026052	0.117522	0.006748
10	0.533333	0.020040	0.113849	0.002278
7	0.666667	0.014028	0.112286	0.000518
10	0.488889	0.020040	0.112185	0.002270
10	0.533333	0.020040	0.111459	0.001437
9	0.583333	0.018036	0.110889	0.001201
4	1.000000	0.008016	0.103937	0.000000
5	0.900000	0.010020	0.110179	0.000261
10	0.488889	0.020040	0.115777	0.008229
12	0.469697	0.024048	0.123515	0.018801
13	0.435897	0.026052	0.124657	0.015972
12	0.484848	0.024048	0.124439	0.007723
12	0.500000	0.024048	0.126169	0.005939
13	0.448718	0.026052	0.125693	0.004288
13	0.461538	0.026052	0.129442	0.008067
8	0.571429	0.016032	0.117911	0.001403
6	0.733333	0.012024	0.115402	0.000204
4	0.833333	0.008016	0.112135	0.000005
6	0.600000	0.012024	0.121323	0.001769
11	0.472727	0.022044	0.124191	0.004713
12	0.454545	0.024048	0.136787	0.018473
12	0.454545	0.024048	0.135930	0.032552
12	0.424242	0.024048	0.138380	0.025426
10	0.466667	0.020040	0.129208	0.012240
8	0.500000	0.016032	0.125377	0.006500
4	1.000000	0.008016	0.117109	0.000000
9	0.527778	0.018036	0.131040	0.006623
10	0.422222	0.020040	0.131074	0.013128
9	0.444444	0.018036	0.122304	0.012762
5	0.800000	0.010020	0.117883	0.000513
5	0.800000	0.010020	0.110082	0.000271
7	0.476190	0.014028	0.119036	0.005004
7	0.476190	0.014028	0.110643	0.005005
4	0.666667	0.008016	0.107197	0.000107
2	1.000000	0.004008	0.094975	0.000000
4	0.666667	0.008016	0.102170	0.000666
8	0.464286	0.016032	0.104898	0.003492
13	0.397436	0.026052	0.113667	0.014543
8	0.571429	0.016032	0.103742	0.000216
6	0.733333	0.012024	0.103441	0.000129
8	0.428571	0.016032	0.106556	0.002000
8	0.392857	0.016032	0.108102	0.002393
6	0.600000	0.012024	0.106465	0.000481
8	0.500000	0.016032	0.106556	0.000243
7	0.666667	0.014028	0.107729	0.000233
8	0.535714	0.016032	0.116616	0.003061
9	0.583333	0.018036	0.119122	0.002381
9	0.500000	0.018036	0.129846	0.010064
9	0.555556	0.018036	0.131697	0.003565
12	0.439394	0.024048	0.145651	0.038340
12	0.454545	0.024048	0.144974	0.028812
14	0.439560	0.028056	0.154489	0.097657
10	0.577778	0.020040	0.151121	0.037406
8	0.678571	0.016032	0.148291	0.002513
10	0.422222	0.020040	0.161489	0.277832
8	0.571429	0.016032	0.142327	0.006202
7	0.666667	0.014028	0.142287	0.005860
4	1.000000	0.008016	0.124719	0.000000
5	0.900000	0.010020	0.128146	0.000077
6	0.800000	0.012024	0.129610	0.000296
10	0.422222	0.020040	0.133601	0.007694
12	0.469697	0.024048	0.148335	0.032763
11	0.527273	0.022044	0.150983	0.074703
12	0.469697	0.024048	0.141681	0.012069
13	0.397436	0.026052	0.144806	0.085204
11	0.436364	0.022044	0.133996	0.018404
10	0.444444	0.020040	0.134176	0.037146
10	0.422222	0.020040	0.136637	0.074556
8	0.571429	0.016032	0.127393	0.018181
8	0.535714	0.016032	0.129982	0.027755
7	0.619048	0.014028	0.123179	0.009725
9	0.444444	0.018036	0.128311	0.029317
11	0.290909	0.022044	0.123332	0.035284
11	0.454545	0.022044	0.118668	0.010343
13	0.410256	0.026052	0.117578	0.011115
12	0.454545	0.024048	0.122906	0.018330
12	0.393939	0.024048	0.119321	0.011322
14	0.428571	0.028056	0.127101	0.032877
11	0.472727	0.022044	0.125094	0.015340
10	0.511111	0.020040	0.124191	0.023443
10	0.600000	0.020040	0.122665	0.007943
11	0.545455	0.022044	0.114924	0.004106
5	0.900000	0.010020	0.112387	0.000116
8	0.607143	0.016032	0.114818	0.002248
8	0.535714	0.016032	0.109262	0.002800
7	0.619048	0.014028	0.108055	0.000984
8	0.500000	0.016032	0.107289	0.003665
9	0.500000	0.018036	0.106556	0.003041
4	0.833333	0.008016	0.097252	0.000009
4	0.833333	0.008016	0.100645	0.000211
6	0.533333	0.012024	0.101671	0.000660
4	1.000000	0.008016	0.088837	0.000000
5	0.900000	0.010020	0.088853	0.000002
6	0.800000	0.012024	0.088869	0.000007
7	0.714286	0.014028	0.088932	0.000027
10	0.488889	0.020040	0.097423	0.012436
8	0.642857	0.016032	0.094472	0.002611
6	0.800000	0.012024	0.094151	0.001058
7	0.619048	0.014028	0.094490	0.001473
8	0.428571	0.016032	0.102548	0.017562
4	0.500000	0.008016	0.098325	0.002279
6	0.400000	0.012024	0.106556	0.018907
5	0.600000	0.010020	0.104722	0.002657
5	0.700000	0.010020	0.104810	0.000059
8	0.642857	0.016032	0.114318	0.003291
11	0.509091	0.022044	0.116290	0.020846
13	0.435897	0.026052	0.117191	0.011149
11	0.454545	0.022044	0.118923	0.007801
11	0.490909	0.022044	0.113538	0.007439
11	0.490909	0.022044	0.113075	0.004156
11	0.472727	0.022044	0.118023	0.013798
9	0.472222	0.018036	0.111434	0.006640
9	0.361111	0.018036	0.120677	0.051116
8	0.535714	0.016032	0.111708	0.003300
6	0.533333	0.012024	0.108928	0.003194
5	0.600000	0.010020	0.108904	0.013088
7	0.476190	0.014028	0.102087	0.002788
7	0.523810	0.014028	0.102003	0.010249
10	0.444444	0.020040	0.098988	0.005563
6	0.800000	0.012024	0.098461	0.000056
8	0.642857	0.016032	0.105676	0.001244
11	0.454545	0.022044	0.108009	0.008798
9	0.527778	0.018036	0.106533	0.006147
8	0.642857	0.016032	0.106784	0.001057
12	0.424242	0.024048	0.117081	0.018688
10	0.488889	0.020040	0.112717	0.006046
8	0.642857	0.016032	0.111658	0.001852
8	0.642857	0.016032	0.111934	0.001826
11	0.400000	0.022044	0.122846	0.017964
8	0.642857	0.016032	0.111483	0.001518
8	0.642857	0.016032	0.111334	0.001606
8	0.642857	0.016032	0.116780	0.004190
9	0.500000	0.018036	0.118303	0.007615
8	0.642857	0.016032	0.114135	0.001801
8	0.642857	0.016032	0.113927	0.001711
9	0.555556	0.018036	0.123791	0.014667
8	0.642857	0.016032	0.114555	0.001785
8	0.642857	0.016032	0.112463	0.000871
9	0.555556	0.018036	0.121470	0.007303
10	0.444444	0.020040	0.122846	0.010013
6	0.800000	0.012024	0.111733	0.000102
6	0.666667	0.012024	0.110374	0.000318
6	0.600000	0.012024	0.111037	0.000358
4	0.500000	0.008016	0.110301	0.000283
10	0.444444	0.020040	0.118499	0.003177
11	0.527273	0.022044	0.121945	0.004772
9	0.638889	0.018036	0.122124	0.001558
9	0.611111	0.018036	0.133280	0.010918
11	0.418182	0.022044	0.134610	0.035016
7	0.714286	0.014028	0.132960	0.001691
8	0.500000	0.016032	0.145312	0.032543
9	0.416667	0.018036	0.144554	0.012454
6	0.533333	0.012024	0.142735	0.027768
8	0.428571	0.016032	0.142287	0.013701
8	0.464286	0.016032	0.147111	0.050231
7	0.571429	0.014028	0.143062	0.025981
9	0.500000	0.018036	0.139815	0.029450
9	0.583333	0.018036	0.139308	0.016689
9	0.611111	0.018036	0.137655	0.016479
9	0.527778	0.018036	0.135011	0.013844
10	0.422222	0.020040	0.131662	0.036644
7	0.666667	0.014028	0.129745	0.006386
6	0.733333	0.012024	0.126265	0.000408
9	0.416667	0.018036	0.129174	0.038236
6	0.466667	0.012024	0.125220	0.026705
4	0.833333	0.008016	0.122846	0.000119
5	0.600000	0.010020	0.127818	0.005614
10	0.422222	0.020040	0.132819	0.057863
8	0.535714	0.016032	0.127328	0.002980
10	0.533333	0.020040	0.128080	0.007078
11	0.509091	0.022044	0.126907	0.007155
12	0.484848	0.024048	0.127069	0.007798
13	0.423077	0.026052	0.125471	0.011574
12	0.393939	0.024048	0.124315	0.007429
10	0.466667	0.020040	0.120619	0.002401
7	0.619048	0.014028	0.114476	0.000700
6	0.800000	0.012024	0.114713	0.000171
8	0.571429	0.016032	0.123210	0.007897
10	0.488889	0.020040	0.118979	0.006760
8	0.642857	0.016032	0.115136	0.001107
8	0.642857	0.016032	0.119693	0.003461
8	0.642857	0.016032	0.120010	0.003663
9	0.527778	0.018036	0.116398	0.003420
8	0.642857	0.016032	0.114818	0.000943
9	0.500000	0.018036	0.126811	0.018345
13	0.384615	0.026052	0.122695	0.014442
9	0.583333	0.018036	0.117081	0.001538
6	0.800000	0.012024	0.116371	0.000391
8	0.500000	0.016032	0.120154	0.011232
7	0.619048	0.014028	0.116101	0.008403
8	0.607143	0.016032	0.113642	0.003166
7	0.666667	0.014028	0.113590	0.001571
5	0.800000	0.010020	0.105698	0.000204
8	0.571429	0.016032	0.114634	0.004756
9	0.472222	0.018036	0.114765	0.005377
5	0.800000	0.010020	0.109936	0.000804
8	0.500000	0.016032	0.118107	0.005600
10	0.466667	0.020040	0.118415	0.009023
8	0.642857	0.016032	0.116426	0.000700
10	0.488889	0.020040	0.115804	0.002073
9	0.472222	0.018036	0.117911	0.001707
5	0.500000	0.010020	0.111733	0.001183
6	0.533333	0.012024	0.114581	0.000721
4	0.666667	0.008016	0.107869	0.000162
6	0.666667	0.012024	0.118640	0.001217
7	0.619048	0.014028	0.118668	0.002406
11	0.363636	0.022044	0.128311	0.012189
10	0.466667	0.020040	0.133852	0.014992
9	0.583333	0.018036	0.125946	0.006669
7	0.714286	0.014028	0.120154	0.000168
7	0.666667	0.014028	0.122274	0.000499
8	0.571429	0.016032	0.127458	0.002480
11	0.400000	0.022044	0.131662	0.006286
8	0.571429	0.016032	0.133960	0.016400
7	0.666667	0.014028	0.130662	0.004279
8	0.571429	0.016032	0.140366	0.009175
7	0.714286	0.014028	0.135708	0.003061
8	0.607143	0.016032	0.140405	0.018630
8	0.535714	0.016032	0.140643	0.014649
9	0.388889	0.018036	0.148645	0.016140
6	0.466667	0.012024	0.147677	0.052140
7	0.523810	0.014028	0.138688	0.011390
7	0.476190	0.014028	0.134032	0.023068
8	0.571429	0.016032	0.126778	0.004969
9	0.472222	0.018036	0.128608	0.016027
8	0.607143	0.016032	0.118471	0.001556
11	0.418182	0.022044	0.127199	0.015554
5	0.600000	0.010020	0.114266	0.000078
6	0.533333	0.012024	0.114555	0.000257
9	0.527778	0.018036	0.114345	0.002992
11	0.490909	0.022044	0.115724	0.001035
13	0.448718	0.026052	0.122785	0.011562
13	0.435897	0.026052	0.123210	0.006531
10	0.511111	0.020040	0.124875	0.008783
10	0.488889	0.020040	0.122695	0.004317
8	0.571429	0.016032	0.121826	0.002770
7	0.666667	0.014028	0.119464	0.000580
7	0.666667	0.014028	0.118951	0.000257
4	0.833333	0.008016	0.117329	0.000002
4	0.833333	0.008016	0.117633	0.000005
10	0.466667	0.020040	0.131593	0.014531
11	0.472727	0.022044	0.125471	0.004071
11	0.490909	0.022044	0.121028	0.002610
11	0.472727	0.022044	0.118753	0.003227
10	0.466667	0.020040	0.118415	0.003268
13	0.371795	0.026052	0.123362	0.012103
8	0.535714	0.016032	0.111558	0.000761
10	0.400000	0.020040	0.111583	0.005196
7	0.619048	0.014028	0.110301	0.000360
3	1.000000	0.006012	0.104023	0.000000
3	1.000000	0.006012	0.097006	0.000000
5	0.800000	0.010020	0.097252	0.000014
6	0.733333	0.012024	0.097997	0.000136
7	0.666667	0.014028	0.101733	0.000430
7	0.714286	0.014028	0.104132	0.000712
10	0.488889	0.020040	0.107358	0.008385
12	0.393939	0.024048	0.108455	0.005634
10	0.466667	0.020040	0.111934	0.007897
8	0.642857	0.016032	0.115056	0.005271
11	0.400000	0.022044	0.118218	0.010465
12	0.378788	0.024048	0.119378	0.012372
10	0.511111	0.020040	0.123791	0.013973
10	0.466667	0.020040	0.127263	0.012155
12	0.393939	0.024048	0.131454	0.030030
12	0.469697	0.024048	0.131109	0.020736
11	0.490909	0.022044	0.136712	0.038133
9	0.555556	0.018036	0.140881	0.032592
8	0.642857	0.016032	0.144932	0.028412
11	0.454545	0.022044	0.144764	0.041305
10	0.488889	0.020040	0.150892	0.073554
9	0.555556	0.018036	0.150075	0.018235
9	0.583333	0.018036	0.155452	0.039060
10	0.444444	0.020040	0.160296	0.062257
10	0.444444	0.020040	0.160553	0.102549
9	0.500000	0.018036	0.159987	0.072763
12	0.409091	0.024048	0.166500	0.126131
9	0.472222	0.018036	0.157861	0.022449
10	0.488889	0.020040	0.152227	0.038247
9	0.527778	0.018036	0.146035	0.029628
10	0.511111	0.020040	0.137922	0.021987
10	0.511111	0.020040	0.132537	0.010113
12	0.454545	0.024048	0.126138	0.010261
10	0.488889	0.020040	0.121411	0.005294
10	0.466667	0.020040	0.118051	0.004765
9	0.416667	0.018036	0.115216	0.006634
8	0.392857	0.016032	0.111959	0.004215
6	0.400000	0.012024	0.104546	0.002958
10	0.355556	0.020040	0.105497	0.003417
4	0.666667	0.008016	0.097786	0.000041
6	0.733333	0.012024	0.098151	0.000081
7	0.666667	0.014028	0.098209	0.000166
6	0.800000	0.012024	0.101176	0.000090
9	0.527778	0.018036	0.107151	0.002830
10	0.466667	0.020040	0.107752	0.006396
8	0.642857	0.016032	0.106967	0.001857
8	0.642857	0.016032	0.111210	0.003108
11	0.436364	0.022044	0.118387	0.014730
9	0.500000	0.018036	0.117939	0.006773
8	0.642857	0.016032	0.117191	0.001508
11	0.490909	0.022044	0.123119	0.009004
11	0.509091	0.022044	0.130050	0.019291
9	0.500000	0.018036	0.120706	0.002799
7	0.714286	0.014028	0.116562	0.000096
10	0.511111	0.020040	0.129644	0.003603
8	0.535714	0.016032	0.128575	0.002383
6	0.666667	0.012024	0.127361	0.000842
5	0.600000	0.010020	0.126585	0.000565
6	0.333333	0.012024	0.140524	0.011977
4	0.500000	0.008016	0.133173	0.000976
8	0.428571	0.016032	0.143515	0.008241
6	0.600000	0.012024	0.129074	0.000258
8	0.607143	0.016032	0.130799	0.001300
7	0.619048	0.014028	0.131040	0.002918
8	0.464286	0.016032	0.124222	0.004837
7	0.571429	0.014028	0.119464	0.002702
7	0.428571	0.014028	0.116344	0.002884
8	0.464286	0.016032	0.109719	0.002990
7	0.666667	0.014028	0.109262	0.000357
5	0.900000	0.010020	0.103355	0.000016
4	1.000000	0.008016	0.103078	0.000000
9	0.472222	0.018036	0.110496	0.003267
11	0.454545	0.022044	0.114423	0.007965
11	0.454545	0.022044	0.120823	0.008550
11	0.454545	0.022044	0.125000	0.010134
11	0.472727	0.022044	0.132677	0.013818
11	0.490909	0.022044	0.137088	0.012823
12	0.454545	0.024048	0.146249	0.024924
9	0.555556	0.018036	0.140603	0.003335
10	0.488889	0.020040	0.158513	0.046676
7	0.571429	0.014028	0.157165	0.009232
6	0.533333	0.012024	0.165068	0.271913
8	0.535714	0.016032	0.162700	0.064132
10	0.422222	0.020040	0.164361	0.160294
10	0.444444	0.020040	0.156524	0.147673
7	0.761905	0.014028	0.152181	0.088237
8	0.678571	0.016032	0.152413	0.146768
7	0.761905	0.014028	0.147764	0.002018
6	0.866667	0.012024	0.143804	0.015480
7	0.666667	0.014028	0.144053	0.092148
6	0.533333	0.012024	0.140445	0.262487
6	0.466667	0.012024	0.133173	0.076252
7	0.571429	0.014028	0.130016	0.273763
5	0.800000	0.010020	0.123545	0.015368
4	1.000000	0.008016	0.117911	0.000000
10	0.377778	0.020040	0.120823	0.316555
7	0.619048	0.014028	0.123607	0.017127
6	0.600000	0.012024	0.123576	0.021156
5	0.700000	0.010020	0.112768	0.000495
5	0.700000	0.010020	0.113178	0.001385
5	0.600000	0.010020	0.109190	0.003294
7	0.380952	0.014028	0.110717	0.022157
7	0.476190	0.014028	0.102275	0.006115
6	0.666667	0.012024	0.101858	0.008738
9	0.388889	0.018036	0.095156	0.005355
7	0.619048	0.014028	0.094867	0.010359
8	0.642857	0.016032	0.094651	0.000318
10	0.488889	0.020040	0.103227	0.077091
11	0.436364	0.022044	0.095851	0.031812
8	0.642857	0.016032	0.095048	0.004472
8	0.642857	0.016032	0.095120	0.008285
8	0.642857	0.016032	0.095851	0.014015
9	0.527778	0.018036	0.089187	0.004766
8	0.642857	0.016032	0.088901	0.004924
8	0.642857	0.016032	0.088932	0.004720
11	0.418182	0.022044	0.089700	0.015864
9	0.500000	0.018036	0.083167	0.007839
8	0.642857	0.016032	0.082863	0.002354
9	0.500000	0.018036	0.083056	0.002619
11	0.400000	0.022044	0.083181	0.008093
8	0.500000	0.016032	0.077376	0.000486
7	0.571429	0.014028	0.077054	0.000228
4	0.833333	0.008016	0.076828	0.000009
6	0.600000	0.012024	0.076840	0.000086
12	0.393939	0.024048	0.082849	0.005810
11	0.454545	0.022044	0.082918	0.005521
13	0.435897	0.026052	0.083417	0.005705
14	0.373626	0.028056	0.089764	0.027106
11	0.490909	0.022044	0.089700	0.011683
12	0.439394	0.024048	0.096762	0.042326
12	0.424242	0.024048	0.096668	0.034715
14	0.439560	0.028056	0.096649	0.016876
15	0.390476	0.030060	0.096128	0.014558
9	0.638889	0.018036	0.088917	0.000786
7	0.619048	0.014028	0.088727	0.001005
11	0.490909	0.022044	0.089330	0.002814
12	0.469697	0.024048	0.089555	0.005076
9	0.583333	0.018036	0.082973	0.000441
11	0.454545	0.022044	0.088932	0.012839
12	0.439394	0.024048	0.089394	0.023033
9	0.638889	0.018036	0.083097	0.000745
7	0.809524	0.014028	0.082411	0.000048
6	0.933333	0.012024	0.082262	0.000009
9	0.611111	0.018036	0.082671	0.004861
9	0.583333	0.018036	0.082616	0.003227
6	0.800000	0.012024	0.077042	0.000027
7	0.714286	0.014028	0.077185	0.000096
11	0.436364	0.022044	0.083250	0.010400
8	0.642857	0.016032	0.077221	0.000414
8	0.642857	0.016032	0.077197	0.000359
9	0.500000	0.018036	0.077460	0.003384
12	0.424242	0.024048	0.077823	0.005685
7	0.714286	0.014028	0.072476	0.000054
6	0.800000	0.012024	0.072434	0.000022
9	0.444444	0.018036	0.077340	0.001845
6	0.733333	0.012024	0.072487	0.000055
6	0.666667	0.012024	0.077364	0.000516
10	0.444444	0.020040	0.077811	0.002687
8	0.571429	0.016032	0.083208	0.004923
9	0.444444	0.018036	0.083599	0.009948
9	0.472222	0.018036	0.089651	0.008381
9	0.527778	0.018036	0.089716	0.005649
10	0.422222	0.020040	0.089587	0.012928
11	0.545455	0.022044	0.089394	0.001555
10	0.488889	0.020040	0.089012	0.001421
7	0.666667	0.014028	0.095030	0.001147
5	0.900000	0.010020	0.094813	0.000234
9	0.555556	0.018036	0.095557	0.001401
7	0.619048	0.014028	0.102654	0.011848
7	0.428571	0.014028	0.102844	0.010974
8	0.285714	0.016032	0.112489	0.286355
8	0.571429	0.016032	0.103634	0.024199
9	0.500000	0.018036	0.104284	0.153504
8	0.464286	0.016032	0.096165	0.020566
9	0.527778	0.018036	0.096593	0.049285
7	0.666667	0.014028	0.089139	0.005754
9	0.500000	0.018036	0.089155	0.020001
11	0.509091	0.022044	0.083125	0.010904
10	0.555556	0.020040	0.082602	0.005606
8	0.642857	0.016032	0.077149	0.000202
4	1.000000	0.008016	0.076463	0.000000
6	0.666667	0.012024	0.077006	0.001109
9	0.472222	0.018036	0.077376	0.004723
4	0.500000	0.008016	0.072266	0.000274
4	0.500000	0.008016	0.072277	0.000341
6	0.533333	0.012024	0.077030	0.001838
6	0.666667	0.012024	0.077018	0.001306
7	0.523810	0.014028	0.083070	0.007139
6	0.600000	0.012024	0.082643	0.002200
8	0.571429	0.016032	0.082289	0.001366
9	0.527778	0.018036	0.082330	0.001696
9	0.416667	0.018036	0.088680	0.020755
6	0.800000	0.012024	0.081723	0.000029
7	0.666667	0.014028	0.081736	0.000143
8	0.571429	0.016032	0.081790	0.000311
7	0.619048	0.014028	0.081629	0.000126
5	0.800000	0.010020	0.081244	0.000011
4	1.000000	0.008016	0.081217	0.000000
5	0.600000	0.010020	0.088116	0.012192
