tdegree	cluster_coefficient	degrees_centrality	closenesses_centrality	betweennesses
2	1.000000	0.003115	0.057409	0.000000
3	0.666667	0.004673	0.060876	0.000845
4	0.500000	0.006231	0.060893	0.002270
5	0.500000	0.007788	0.064796	0.005944
6	0.600000	0.009346	0.064803	0.003366
5	0.800000	0.007788	0.064790	0.000006
6	0.733333	0.009346	0.069174	0.000962
7	0.666667	0.010903	0.069188	0.002849
9	0.527778	0.014019	0.069218	0.014690
7	0.714286	0.010903	0.070379	0.000085
8	0.642857	0.012461	0.074194	0.009084
8	0.642857	0.012461	0.074194	0.010176
8	0.642857	0.012461	0.074194	0.009412
8	0.642857	0.012461	0.075512	0.002110
8	0.642857	0.012461	0.079900	0.023273
7	0.714286	0.010903	0.079881	0.011273
6	0.800000	0.009346	0.079861	0.004714
6	0.666667	0.009346	0.081369	0.003609
8	0.464286	0.012461	0.086465	0.049413
6	0.666667	0.009346	0.088138	0.005411
8	0.642857	0.012461	0.093260	0.025959
9	0.527778	0.014019	0.095365	0.007777
9	0.555556	0.014019	0.101166	0.013005
10	0.533333	0.015576	0.103766	0.009216
11	0.509091	0.017134	0.103682	0.006213
15	0.390476	0.023364	0.107700	0.032303
10	0.488889	0.015576	0.107071	0.017841
9	0.444444	0.014019	0.106609	0.014919
7	0.571429	0.010903	0.097140	0.001589
4	0.666667	0.006231	0.096498	0.000748
4	0.833333	0.006231	0.089378	0.000014
7	0.571429	0.010903	0.094245	0.000258
11	0.472727	0.017134	0.098015	0.002645
13	0.448718	0.020249	0.098270	0.004743
11	0.527273	0.017134	0.098255	0.006442
13	0.448718	0.020249	0.098693	0.010440
12	0.454545	0.018692	0.098255	0.011747
10	0.444444	0.015576	0.094942	0.002445
6	0.800000	0.009346	0.089916	0.000511
5	0.800000	0.007788	0.089866	0.000510
4	0.833333	0.006231	0.082828	0.000002
7	0.666667	0.010903	0.090118	0.000590
9	0.527778	0.014019	0.090245	0.001644
10	0.511111	0.015576	0.090665	0.003399
11	0.509091	0.017134	0.090716	0.004241
13	0.448718	0.020249	0.095465	0.003947
9	0.583333	0.014019	0.095252	0.002450
9	0.611111	0.014019	0.094802	0.000136
5	0.900000	0.007788	0.094509	0.000006
9	0.472222	0.014019	0.095778	0.000929
12	0.424242	0.018692	0.103532	0.016198
6	0.666667	0.009346	0.098075	0.000799
8	0.392857	0.012461	0.104373	0.005332
9	0.388889	0.014019	0.107700	0.011485
9	0.472222	0.014019	0.113327	0.022151
9	0.472222	0.014019	0.117260	0.090874
8	0.642857	0.012461	0.112889	0.004901
12	0.469697	0.018692	0.113327	0.014123
13	0.461538	0.020249	0.110651	0.045286
14	0.428571	0.021807	0.103900	0.010354
13	0.461538	0.020249	0.101582	0.041700
12	0.500000	0.018692	0.095807	0.005198
12	0.454545	0.018692	0.093970	0.031188
12	0.424242	0.018692	0.088491	0.006659
7	0.666667	0.010903	0.088078	0.001914
7	0.666667	0.010903	0.081627	0.002026
7	0.666667	0.010903	0.081317	0.000680
4	0.833333	0.006231	0.075512	0.000001
4	0.833333	0.006231	0.077846	0.000105
6	0.733333	0.009346	0.081266	0.000461
10	0.488889	0.015576	0.084363	0.004732
12	0.424242	0.018692	0.088357	0.006507
12	0.439394	0.018692	0.091427	0.005071
9	0.500000	0.014019	0.093764	0.002791
10	0.466667	0.015576	0.096194	0.003512
9	0.583333	0.014019	0.101937	0.014344
8	0.642857	0.012461	0.101486	0.001196
11	0.454545	0.017134	0.110651	0.025043
7	0.714286	0.010903	0.107845	0.011689
7	0.761905	0.010903	0.109650	0.001383
8	0.535714	0.012461	0.118189	0.065395
9	0.444444	0.014019	0.120972	0.058606
6	0.533333	0.009346	0.128118	0.062047
7	0.523810	0.010903	0.128195	0.064368
8	0.607143	0.012461	0.128735	0.005360
10	0.400000	0.015576	0.140481	0.137496
13	0.371795	0.020249	0.141441	0.048707
11	0.509091	0.017134	0.130594	0.005237
12	0.469697	0.018692	0.129802	0.008836
14	0.417582	0.021807	0.124539	0.012860
10	0.533333	0.015576	0.116855	0.001950
9	0.611111	0.014019	0.111983	0.000995
8	0.607143	0.012461	0.109351	0.000317
6	0.733333	0.009346	0.105923	0.000132
5	0.700000	0.007788	0.104407	0.000089
6	0.733333	0.009346	0.104611	0.000170
12	0.424242	0.018692	0.113408	0.003757
11	0.472727	0.017134	0.116452	0.003371
12	0.469697	0.018692	0.118823	0.003563
12	0.439394	0.018692	0.122777	0.010639
11	0.418182	0.017134	0.131584	0.019224
8	0.535714	0.012461	0.134563	0.021410
5	0.700000	0.007788	0.125024	0.000804
6	0.466667	0.009346	0.130860	0.089386
4	0.833333	0.006231	0.118450	0.000001
9	0.416667	0.014019	0.127660	0.093060
7	0.523810	0.010903	0.125562	0.007430
5	0.700000	0.007788	0.114889	0.001446
8	0.571429	0.012461	0.120972	0.003606
10	0.488889	0.015576	0.112140	0.004501
10	0.511111	0.015576	0.112081	0.003323
11	0.472727	0.017134	0.116642	0.001951
9	0.472222	0.014019	0.115592	0.002123
9	0.416667	0.014019	0.113608	0.003401
8	0.500000	0.012461	0.113267	0.004957
4	0.833333	0.006231	0.102132	0.000008
4	0.666667	0.006231	0.101905	0.000123
6	0.466667	0.009346	0.106133	0.000555
4	0.500000	0.006231	0.104560	0.000146
5	0.300000	0.007788	0.114581	0.005897
4	0.500000	0.006231	0.106151	0.000271
6	0.333333	0.009346	0.115551	0.001165
10	0.444444	0.015576	0.115843	0.004329
8	0.607143	0.012461	0.115759	0.001010
9	0.555556	0.014019	0.122076	0.002083
11	0.454545	0.017134	0.127457	0.011393
14	0.406593	0.021807	0.134817	0.015344
14	0.417582	0.021807	0.130994	0.007609
14	0.417582	0.021807	0.138781	0.035776
12	0.484848	0.018692	0.127583	0.012287
11	0.490909	0.017134	0.127406	0.014350
10	0.466667	0.015576	0.117647	0.006552
7	0.666667	0.010903	0.116199	0.007062
10	0.511111	0.015576	0.108574	0.007170
10	0.533333	0.015576	0.108648	0.007870
11	0.472727	0.017134	0.104697	0.006075
10	0.377778	0.015576	0.104697	0.007400
7	0.666667	0.010903	0.101727	0.000746
6	0.800000	0.009346	0.101102	0.000055
8	0.678571	0.012461	0.101502	0.000200
5	0.700000	0.007788	0.101055	0.000042
7	0.714286	0.010903	0.101374	0.000147
9	0.500000	0.014019	0.110651	0.007339
11	0.472727	0.017134	0.110271	0.004617
13	0.435897	0.020249	0.117690	0.010738
12	0.484848	0.018692	0.116961	0.003739
12	0.484848	0.018692	0.125956	0.013097
10	0.533333	0.015576	0.125317	0.006082
7	0.761905	0.010903	0.128838	0.001416
8	0.535714	0.012461	0.128580	0.009518
10	0.444444	0.015576	0.142004	0.018055
10	0.444444	0.015576	0.137827	0.021212
8	0.535714	0.012461	0.127179	0.001842
8	0.535714	0.012461	0.129409	0.002746
4	0.666667	0.006231	0.120315	0.000465
7	0.523810	0.010903	0.127609	0.002021
6	0.400000	0.009346	0.130118	0.004286
7	0.476190	0.010903	0.139414	0.006272
9	0.444444	0.014019	0.142413	0.009038
8	0.535714	0.012461	0.150988	0.017248
8	0.607143	0.012461	0.149441	0.006588
11	0.418182	0.017134	0.151773	0.052545
11	0.436364	0.017134	0.148542	0.028998
11	0.454545	0.017134	0.155072	0.045072
12	0.424242	0.018692	0.154179	0.066783
11	0.436364	0.017134	0.150563	0.055482
8	0.535714	0.012461	0.151737	0.148324
8	0.535714	0.012461	0.153625	0.089207
6	0.733333	0.009346	0.146241	0.011619
6	0.666667	0.009346	0.145843	0.006731
6	0.533333	0.009346	0.148029	0.026943
7	0.428571	0.010903	0.152458	0.100943
5	0.600000	0.007788	0.143272	0.001526
9	0.472222	0.014019	0.153846	0.071023
9	0.500000	0.014019	0.145843	0.002936
5	0.700000	0.007788	0.135386	0.001503
6	0.466667	0.009346	0.129933	0.001262
5	0.600000	0.007788	0.129697	0.002033
8	0.357143	0.012461	0.134732	0.009700
5	0.600000	0.007788	0.123676	0.001835
5	0.700000	0.007788	0.123676	0.001853
6	0.533333	0.009346	0.117282	0.001932
6	0.533333	0.009346	0.117239	0.001401
5	0.500000	0.007788	0.109594	0.001090
5	0.500000	0.007788	0.114072	0.002280
4	0.666667	0.006231	0.106450	0.000097
7	0.333333	0.010903	0.111362	0.003575
6	0.600000	0.009346	0.110120	0.000735
8	0.571429	0.012461	0.112159	0.000791
7	0.714286	0.010903	0.110537	0.000158
7	0.714286	0.010903	0.111381	0.000171
9	0.555556	0.014019	0.111710	0.000792
8	0.607143	0.012461	0.110919	0.000161
5	0.600000	0.007788	0.112909	0.000527
6	0.533333	0.009346	0.114398	0.000867
10	0.311111	0.015576	0.123676	0.015225
11	0.436364	0.017134	0.125661	0.004139
12	0.469697	0.018692	0.129227	0.007473
12	0.409091	0.018692	0.132453	0.009743
10	0.444444	0.015576	0.132344	0.015921
10	0.466667	0.015576	0.127533	0.005521
7	0.571429	0.010903	0.124394	0.002246
5	0.700000	0.007788	0.118977	0.000207
4	0.666667	0.006231	0.122286	0.000282
7	0.476190	0.010903	0.128580	0.004797
6	0.533333	0.009346	0.130647	0.002295
10	0.422222	0.015576	0.140851	0.009454
10	0.377778	0.015576	0.134619	0.007171
12	0.424242	0.018692	0.146810	0.023969
12	0.409091	0.018692	0.141130	0.021476
12	0.424242	0.018692	0.136509	0.015116
11	0.472727	0.017134	0.130435	0.009877
11	0.400000	0.017134	0.128220	0.013819
11	0.400000	0.017134	0.122496	0.009813
8	0.535714	0.012461	0.117626	0.002356
8	0.642857	0.012461	0.111730	0.002204
8	0.642857	0.012461	0.110556	0.001630
5	0.900000	0.007788	0.101358	0.000010
4	1.000000	0.006231	0.100501	0.000000
8	0.571429	0.012461	0.105315	0.000860
11	0.490909	0.017134	0.110862	0.002587
12	0.424242	0.018692	0.117196	0.007126
12	0.469697	0.018692	0.118625	0.005659
11	0.490909	0.017134	0.121224	0.005434
11	0.490909	0.017134	0.126303	0.009546
13	0.371795	0.020249	0.133500	0.020667
11	0.490909	0.017134	0.135016	0.013588
12	0.424242	0.018692	0.139900	0.014629
14	0.340659	0.021807	0.143721	0.041435
10	0.377778	0.015576	0.134931	0.007796
10	0.355556	0.015576	0.141192	0.013635
9	0.388889	0.014019	0.132099	0.008997
9	0.416667	0.014019	0.126802	0.007729
10	0.400000	0.015576	0.130541	0.006846
9	0.472222	0.014019	0.125907	0.004372
8	0.535714	0.012461	0.123557	0.001983
5	0.900000	0.007788	0.119154	0.000028
6	0.733333	0.009346	0.119309	0.000109
8	0.642857	0.012461	0.121476	0.000401
6	0.800000	0.009346	0.121407	0.000061
8	0.500000	0.012461	0.129828	0.002258
11	0.490909	0.017134	0.129723	0.005712
9	0.583333	0.014019	0.129514	0.002959
8	0.642857	0.012461	0.134676	0.002547
11	0.418182	0.017134	0.144464	0.011659
8	0.607143	0.012461	0.141847	0.003067
7	0.619048	0.010903	0.140205	0.003529
9	0.500000	0.014019	0.150211	0.006403
13	0.371795	0.020249	0.156585	0.022563
10	0.466667	0.015576	0.156053	0.013241
11	0.472727	0.017134	0.156968	0.027895
9	0.444444	0.014019	0.155787	0.022569
8	0.535714	0.012461	0.151594	0.013482
8	0.500000	0.012461	0.157353	0.025365
9	0.361111	0.014019	0.157662	0.051283
7	0.428571	0.010903	0.148680	0.014892
6	0.666667	0.009346	0.146642	0.001437
8	0.571429	0.012461	0.152313	0.019779
11	0.381818	0.017134	0.156128	0.060091
12	0.424242	0.018692	0.153957	0.027995
15	0.342857	0.023364	0.158990	0.084096
9	0.500000	0.014019	0.144823	0.002382
13	0.410256	0.020249	0.147281	0.020878
10	0.555556	0.015576	0.144888	0.032180
8	0.678571	0.012461	0.135073	0.000462
12	0.484848	0.018692	0.141597	0.006629
13	0.474359	0.020249	0.145479	0.019184
10	0.622222	0.015576	0.139112	0.004302
10	0.600000	0.015576	0.140574	0.023245
7	0.904762	0.010903	0.133889	0.000070
11	0.418182	0.017134	0.138154	0.012680
13	0.435897	0.020249	0.141410	0.007220
13	0.333333	0.020249	0.133973	0.007432
9	0.416667	0.014019	0.134704	0.022220
9	0.611111	0.014019	0.128323	0.001515
8	0.607143	0.012461	0.122332	0.001073
8	0.607143	0.012461	0.125146	0.000574
8	0.571429	0.012461	0.117518	0.000630
9	0.444444	0.014019	0.127965	0.008416
9	0.527778	0.014019	0.128761	0.004805
12	0.454545	0.018692	0.132782	0.008738
12	0.469697	0.018692	0.133416	0.014511
12	0.469697	0.018692	0.128632	0.007361
12	0.424242	0.018692	0.128967	0.013078
11	0.490909	0.017134	0.120790	0.004997
12	0.439394	0.018692	0.117755	0.006004
12	0.454545	0.018692	0.114500	0.004120
11	0.490909	0.017134	0.113148	0.002322
11	0.472727	0.017134	0.108795	0.001825
7	0.523810	0.010903	0.111594	0.002084
7	0.619048	0.010903	0.112612	0.000947
11	0.454545	0.017134	0.115116	0.004352
8	0.535714	0.012461	0.115592	0.004541
8	0.571429	0.012461	0.112750	0.001455
9	0.555556	0.014019	0.114276	0.002618
4	0.666667	0.006231	0.109556	0.000081
6	0.666667	0.009346	0.110537	0.000075
10	0.422222	0.015576	0.121453	0.010258
7	0.619048	0.010903	0.116410	0.000929
10	0.422222	0.015576	0.125808	0.010553
9	0.472222	0.014019	0.123201	0.004096
11	0.454545	0.017134	0.121845	0.006537
13	0.435897	0.020249	0.121683	0.006304
13	0.461538	0.020249	0.120881	0.004840
13	0.410256	0.020249	0.122965	0.006398
13	0.384615	0.020249	0.119575	0.003708
15	0.390476	0.023364	0.130674	0.015972
9	0.583333	0.014019	0.120790	0.000805
8	0.642857	0.012461	0.122894	0.000851
11	0.472727	0.017134	0.132344	0.009891
9	0.555556	0.014019	0.126877	0.005375
10	0.466667	0.015576	0.123962	0.004511
11	0.436364	0.017134	0.128067	0.009130
7	0.714286	0.010903	0.120745	0.000716
9	0.527778	0.014019	0.118581	0.006008
10	0.511111	0.015576	0.122216	0.005276
11	0.436364	0.017134	0.128400	0.026292
10	0.555556	0.015576	0.116073	0.003187
11	0.454545	0.017134	0.116325	0.008988
6	0.800000	0.009346	0.115968	0.000807
6	0.800000	0.009346	0.114215	0.001406
6	0.800000	0.009346	0.104339	0.000005
6	0.666667	0.009346	0.104339	0.000614
7	0.571429	0.010903	0.106680	0.001144
4	0.500000	0.006231	0.097391	0.000041
6	0.466667	0.009346	0.107736	0.002709
5	0.400000	0.007788	0.106274	0.002338
7	0.523810	0.010903	0.106415	0.002584
5	0.700000	0.007788	0.106063	0.000704
6	0.800000	0.009346	0.103665	0.000021
7	0.714286	0.010903	0.105022	0.000094
7	0.666667	0.010903	0.112493	0.002202
10	0.511111	0.015576	0.112889	0.007574
9	0.583333	0.014019	0.108428	0.001679
8	0.642857	0.012461	0.109594	0.000840
11	0.436364	0.017134	0.120450	0.010895
8	0.642857	0.012461	0.112553	0.002056
8	0.642857	0.012461	0.112632	0.001522
10	0.466667	0.015576	0.116283	0.003368
10	0.488889	0.015576	0.123652	0.010087
9	0.555556	0.014019	0.120813	0.004103
8	0.642857	0.012461	0.120270	0.001315
10	0.444444	0.015576	0.122777	0.009475
12	0.409091	0.018692	0.134338	0.029243
8	0.642857	0.012461	0.121384	0.001364
11	0.490909	0.017134	0.121637	0.006594
11	0.472727	0.017134	0.126727	0.015329
9	0.555556	0.014019	0.126031	0.007967
10	0.533333	0.015576	0.116347	0.003055
11	0.490909	0.017134	0.116791	0.005953
10	0.533333	0.015576	0.125000	0.015651
9	0.583333	0.014019	0.124757	0.006821
6	0.800000	0.009346	0.115759	0.001160
6	0.800000	0.009346	0.121269	0.001734
10	0.444444	0.015576	0.126378	0.014739
10	0.400000	0.015576	0.130514	0.026470
7	0.476190	0.010903	0.128426	0.006616
4	0.500000	0.006231	0.128144	0.011269
4	0.500000	0.006231	0.130382	0.006171
5	0.400000	0.007788	0.136480	0.013610
5	0.500000	0.007788	0.136654	0.006584
8	0.535714	0.012461	0.144011	0.020602
7	0.666667	0.010903	0.145216	0.008671
10	0.511111	0.015576	0.148921	0.019356
9	0.500000	0.014019	0.152784	0.045327
10	0.466667	0.015576	0.150669	0.013483
9	0.555556	0.014019	0.143336	0.004191
10	0.511111	0.015576	0.141006	0.006879
8	0.642857	0.012461	0.133389	0.001660
5	0.900000	0.007788	0.127888	0.000166
5	0.700000	0.007788	0.125244	0.000465
8	0.500000	0.012461	0.136075	0.008075
7	0.714286	0.010903	0.131288	0.000620
11	0.418182	0.017134	0.142667	0.013440
7	0.714286	0.010903	0.135414	0.000757
7	0.714286	0.010903	0.138452	0.000697
10	0.511111	0.015576	0.143946	0.010275
9	0.527778	0.014019	0.146075	0.008810
11	0.472727	0.017134	0.149790	0.059283
8	0.607143	0.012461	0.148371	0.044056
7	0.523810	0.010903	0.143176	0.045545
8	0.392857	0.012461	0.145578	0.064099
7	0.571429	0.010903	0.138871	0.041908
7	0.666667	0.010903	0.136538	0.007792
11	0.418182	0.017134	0.134001	0.020229
9	0.527778	0.014019	0.139323	0.015866
10	0.511111	0.015576	0.139505	0.041811
11	0.436364	0.017134	0.132754	0.014642
9	0.527778	0.014019	0.135672	0.012092
8	0.642857	0.012461	0.134676	0.005158
11	0.436364	0.017134	0.136975	0.018403
10	0.466667	0.015576	0.129462	0.012700
9	0.555556	0.014019	0.136306	0.015070
8	0.642857	0.012461	0.128864	0.003531
8	0.642857	0.012461	0.129019	0.003646
11	0.400000	0.017134	0.135129	0.014849
13	0.435897	0.020249	0.137092	0.017235
11	0.490909	0.017134	0.132645	0.009576
9	0.500000	0.014019	0.130302	0.008650
11	0.472727	0.017134	0.132974	0.005931
12	0.454545	0.018692	0.135873	0.009698
8	0.642857	0.012461	0.125636	0.001041
8	0.642857	0.012461	0.125636	0.001462
12	0.409091	0.018692	0.125661	0.005908
10	0.511111	0.015576	0.125611	0.003393
7	0.761905	0.010903	0.115572	0.000082
7	0.619048	0.010903	0.116199	0.001116
7	0.619048	0.010903	0.120292	0.000832
8	0.607143	0.012461	0.122216	0.000961
10	0.444444	0.015576	0.131557	0.004970
12	0.333333	0.018692	0.132645	0.009893
12	0.363636	0.018692	0.145512	0.014494
15	0.400000	0.023364	0.144140	0.014245
12	0.439394	0.018692	0.146241	0.032337
14	0.439560	0.021807	0.142984	0.017917
12	0.424242	0.018692	0.143946	0.042136
10	0.466667	0.015576	0.132699	0.018735
9	0.444444	0.014019	0.135101	0.016144
10	0.466667	0.015576	0.124322	0.010568
10	0.488889	0.015576	0.124226	0.011144
6	0.733333	0.009346	0.111420	0.000034
5	0.800000	0.007788	0.111188	0.000321
9	0.527778	0.014019	0.114072	0.002261
13	0.384615	0.020249	0.114581	0.006984
8	0.607143	0.012461	0.106645	0.000231
7	0.714286	0.010903	0.106609	0.000241
11	0.418182	0.017134	0.115530	0.013696
12	0.454545	0.018692	0.108906	0.002276
8	0.642857	0.012461	0.105801	0.000509
8	0.642857	0.012461	0.105783	0.000968
12	0.454545	0.018692	0.112730	0.016179
10	0.600000	0.015576	0.104492	0.000919
7	0.761905	0.010903	0.101470	0.000011
6	0.866667	0.009346	0.101422	0.000003
6	0.866667	0.009346	0.101470	0.000004
7	0.761905	0.010903	0.104221	0.000560
7	0.666667	0.010903	0.104492	0.000478
9	0.444444	0.014019	0.110804	0.007569
7	0.571429	0.010903	0.105108	0.000393
10	0.488889	0.015576	0.108409	0.001600
7	0.714286	0.010903	0.104988	0.000059
9	0.611111	0.014019	0.113367	0.001384
12	0.469697	0.018692	0.114133	0.005372
11	0.472727	0.017134	0.113830	0.002607
8	0.750000	0.012461	0.111749	0.000378
9	0.527778	0.014019	0.122753	0.007403
7	0.714286	0.010903	0.115405	0.000512
10	0.622222	0.015576	0.116431	0.001436
13	0.423077	0.020249	0.125000	0.018057
11	0.400000	0.017134	0.122683	0.028962
8	0.642857	0.012461	0.118232	0.001436
10	0.466667	0.015576	0.119442	0.012668
8	0.642857	0.012461	0.118977	0.005458
8	0.642857	0.012461	0.115592	0.006289
8	0.642857	0.012461	0.114561	0.003001
9	0.444444	0.014019	0.115447	0.010727
6	0.800000	0.009346	0.114194	0.000788
6	0.666667	0.009346	0.112929	0.001667
7	0.476190	0.010903	0.114215	0.007541
4	0.666667	0.006231	0.113247	0.000919
5	0.600000	0.007788	0.117025	0.005226
8	0.428571	0.012461	0.119955	0.011848
8	0.500000	0.012461	0.120202	0.011182
8	0.464286	0.012461	0.120000	0.019896
8	0.571429	0.012461	0.119754	0.005994
8	0.571429	0.012461	0.124202	0.020857
8	0.500000	0.012461	0.121960	0.028983
9	0.472222	0.014019	0.124878	0.023377
7	0.619048	0.010903	0.124370	0.013687
5	0.800000	0.007788	0.123036	0.006800
9	0.444444	0.014019	0.123914	0.016591
9	0.444444	0.014019	0.130860	0.033508
9	0.527778	0.014019	0.132344	0.023957
5	0.600000	0.007788	0.138631	0.021408
8	0.571429	0.012461	0.141659	0.018410
8	0.535714	0.012461	0.150105	0.056193
10	0.488889	0.015576	0.149476	0.030115
11	0.472727	0.017134	0.141316	0.006502
11	0.472727	0.017134	0.138841	0.008082
9	0.583333	0.014019	0.132371	0.001832
11	0.436364	0.017134	0.133444	0.009152
8	0.607143	0.012461	0.132480	0.000865
11	0.527273	0.017134	0.136567	0.010837
14	0.428571	0.021807	0.137150	0.016281
11	0.418182	0.017134	0.134535	0.019714
7	0.571429	0.010903	0.135787	0.010609
8	0.571429	0.012461	0.128683	0.003258
10	0.444444	0.015576	0.129383	0.009867
9	0.555556	0.014019	0.131557	0.009163
7	0.714286	0.010903	0.129019	0.002018
12	0.484848	0.018692	0.137033	0.007634
13	0.435897	0.020249	0.139991	0.024794
11	0.490909	0.017134	0.139444	0.006047
10	0.422222	0.015576	0.144140	0.030274
11	0.418182	0.017134	0.140728	0.011768
11	0.363636	0.017134	0.144758	0.036834
10	0.466667	0.015576	0.147926	0.022400
14	0.362637	0.021807	0.148508	0.021030
11	0.327273	0.017134	0.151917	0.061336
9	0.500000	0.014019	0.151059	0.014648
12	0.454545	0.018692	0.154885	0.039299
11	0.400000	0.017134	0.150598	0.015096
8	0.642857	0.012461	0.147214	0.007025
12	0.484848	0.018692	0.149790	0.014348
11	0.509091	0.017134	0.144464	0.014262
9	0.555556	0.014019	0.142508	0.007452
12	0.409091	0.018692	0.138273	0.009893
10	0.511111	0.015576	0.135272	0.006895
9	0.555556	0.014019	0.133889	0.008746
10	0.444444	0.015576	0.131262	0.008304
10	0.422222	0.015576	0.127406	0.008732
8	0.642857	0.012461	0.122847	0.002448
11	0.472727	0.017134	0.122239	0.006311
9	0.500000	0.014019	0.119575	0.002524
8	0.500000	0.012461	0.117004	0.003739
7	0.571429	0.010903	0.112474	0.002429
6	0.733333	0.009346	0.111983	0.000396
6	0.666667	0.009346	0.109950	0.000186
5	0.600000	0.007788	0.114215	0.000589
7	0.285714	0.010903	0.117389	0.002095
4	0.500000	0.006231	0.119176	0.002217
6	0.333333	0.009346	0.123177	0.002222
7	0.380952	0.010903	0.131936	0.006354
5	0.600000	0.007788	0.126502	0.001329
8	0.500000	0.012461	0.137121	0.002577
6	0.733333	0.009346	0.133834	0.000780
8	0.571429	0.012461	0.136538	0.007392
10	0.466667	0.015576	0.141597	0.008273
8	0.642857	0.012461	0.143016	0.004345
10	0.466667	0.015576	0.150140	0.011580
9	0.583333	0.014019	0.151881	0.009245
10	0.444444	0.015576	0.152277	0.080987
8	0.642857	0.012461	0.151379	0.023139
11	0.454545	0.017134	0.159108	0.035951
10	0.488889	0.015576	0.161672	0.036973
8	0.642857	0.012461	0.155410	0.023724
9	0.527778	0.014019	0.157083	0.091491
9	0.500000	0.014019	0.157623	0.007162
8	0.642857	0.012461	0.156968	0.012452
8	0.642857	0.012461	0.154662	0.006829
11	0.436364	0.017134	0.157314	0.010237
11	0.436364	0.017134	0.156053	0.010247
8	0.642857	0.012461	0.152639	0.013323
9	0.555556	0.014019	0.156471	0.010399
13	0.358974	0.020249	0.162039	0.075660
9	0.555556	0.014019	0.152821	0.007272
10	0.466667	0.015576	0.155561	0.048494
10	0.466667	0.015576	0.152857	0.019774
9	0.527778	0.014019	0.148199	0.008280
9	0.527778	0.014019	0.145843	0.008787
13	0.410256	0.020249	0.143048	0.016903
8	0.571429	0.012461	0.140789	0.002453
8	0.535714	0.012461	0.138751	0.006099
9	0.527778	0.014019	0.132126	0.005166
8	0.571429	0.012461	0.129253	0.001879
5	0.800000	0.007788	0.123414	0.000457
8	0.464286	0.012461	0.120315	0.002669
10	0.466667	0.015576	0.123036	0.002201
7	0.619048	0.010903	0.117647	0.000282
7	0.619048	0.010903	0.115468	0.000224
6	0.600000	0.009346	0.117432	0.000413
6	0.533333	0.009346	0.116961	0.000775
7	0.619048	0.010903	0.121086	0.001841
8	0.571429	0.012461	0.128606	0.002945
11	0.472727	0.017134	0.136075	0.014666
12	0.484848	0.018692	0.131503	0.002738
12	0.484848	0.018692	0.132371	0.015331
14	0.406593	0.021807	0.134394	0.028894
9	0.555556	0.014019	0.133694	0.014305
9	0.527778	0.014019	0.126403	0.009139
13	0.435897	0.020249	0.126204	0.015592
9	0.583333	0.014019	0.114154	0.000245
8	0.642857	0.012461	0.113870	0.001193
7	0.619048	0.010903	0.114093	0.000290
11	0.490909	0.017134	0.124106	0.011803
12	0.439394	0.018692	0.124563	0.005318
12	0.469697	0.018692	0.135500	0.027040
12	0.484848	0.018692	0.135672	0.015109
12	0.484848	0.018692	0.145446	0.041529
13	0.423077	0.020249	0.144595	0.022566
8	0.607143	0.012461	0.135787	0.003537
7	0.571429	0.010903	0.141973	0.018403
9	0.500000	0.014019	0.145118	0.014071
9	0.500000	0.014019	0.146408	0.043619
8	0.428571	0.012461	0.150175	0.043935
9	0.555556	0.014019	0.143528	0.020845
12	0.424242	0.018692	0.143336	0.066177
11	0.472727	0.017134	0.134394	0.020592
11	0.436364	0.017134	0.129435	0.015963
9	0.527778	0.014019	0.121522	0.008658
9	0.527778	0.014019	0.117690	0.003854
8	0.607143	0.012461	0.109314	0.004547
8	0.535714	0.012461	0.115801	0.007641
6	0.800000	0.009346	0.109239	0.000109
9	0.472222	0.014019	0.108172	0.004178
6	0.733333	0.009346	0.105592	0.000585
7	0.619048	0.010903	0.102852	0.001074
7	0.619048	0.010903	0.102852	0.001074
4	1.000000	0.006231	0.096411	0.000000
7	0.523810	0.010903	0.096570	0.000061
11	0.418182	0.017134	0.106574	0.006769
8	0.535714	0.012461	0.106203	0.001363
13	0.448718	0.020249	0.117971	0.012445
11	0.527273	0.017134	0.116410	0.001756
9	0.638889	0.014019	0.116304	0.000844
4	1.000000	0.006231	0.109239	0.000000
5	0.900000	0.007788	0.109370	0.000004
12	0.393939	0.018692	0.122449	0.030368
12	0.469697	0.018692	0.116833	0.002794
12	0.484848	0.018692	0.114072	0.007290
12	0.469697	0.018692	0.106627	0.003338
11	0.454545	0.017134	0.105783	0.002049
6	0.666667	0.009346	0.096760	0.000023
5	0.900000	0.007788	0.099969	0.000021
6	0.800000	0.009346	0.099984	0.000043
9	0.611111	0.014019	0.110177	0.003444
7	0.714286	0.010903	0.110082	0.001392
8	0.607143	0.012461	0.114174	0.001928
10	0.466667	0.015576	0.122777	0.011659
12	0.348485	0.018692	0.126802	0.026577
10	0.400000	0.015576	0.124202	0.027095
8	0.571429	0.012461	0.123130	0.003275
8	0.642857	0.012461	0.125513	0.003436
9	0.555556	0.014019	0.125000	0.002694
10	0.533333	0.015576	0.123177	0.003046
12	0.454545	0.018692	0.126877	0.005573
13	0.397436	0.020249	0.120270	0.002785
13	0.410256	0.020249	0.127533	0.006522
9	0.555556	0.014019	0.123509	0.001430
9	0.555556	0.014019	0.128890	0.002926
12	0.409091	0.018692	0.134902	0.006485
8	0.607143	0.012461	0.138035	0.007900
8	0.571429	0.012461	0.134704	0.003183
4	1.000000	0.006231	0.131450	0.000000
6	0.600000	0.009346	0.138362	0.089932
10	0.488889	0.015576	0.146142	0.022592
9	0.555556	0.014019	0.141316	0.069447
12	0.409091	0.018692	0.141847	0.028231
11	0.490909	0.017134	0.131773	0.011744
12	0.454545	0.018692	0.128169	0.004771
10	0.466667	0.015576	0.123414	0.004725
7	0.666667	0.010903	0.121109	0.000577
5	0.900000	0.007788	0.117196	0.000036
