tdegree	cluster_coefficient	degrees_centrality	closenesses_centrality	betweennesses
17	0.676471	0.011684	0.239427	0.000323
18	0.614379	0.012371	0.236894	0.000185
17	0.485294	0.011684	0.211421	0.001316
23	0.577075	0.015808	0.210139	0.000560
19	0.754386	0.013058	0.205248	0.000382
27	0.615385	0.018557	0.209082	0.001877
35	0.613445	0.024055	0.245156	0.003019
47	0.662350	0.032302	0.247871	0.001299
66	0.659207	0.045361	0.276616	0.001167
73	0.694825	0.050172	0.274891	0.000471
91	0.693040	0.062543	0.303062	0.003456
115	0.673379	0.079038	0.311830	0.001723
101	0.725545	0.069416	0.313240	0.000682
150	0.632125	0.103093	0.337744	0.003998
118	0.704476	0.081100	0.313645	0.000572
159	0.679803	0.109278	0.336572	0.000400
195	0.566006	0.134021	0.375581	0.001662
214	0.550831	0.147079	0.387897	0.002961
217	0.563791	0.149141	0.380293	0.002301
221	0.557096	0.151890	0.396026	0.003818
185	0.631316	0.127148	0.358374	0.001228
161	0.665450	0.110653	0.336105	0.000636
192	0.550393	0.131959	0.350518	0.001871
147	0.590905	0.101031	0.307416	0.000493
128	0.720103	0.087973	0.301367	0.000147
144	0.576049	0.098969	0.310632	0.000825
199	0.475915	0.136770	0.355485	0.002946
158	0.572523	0.108591	0.341870	0.001750
168	0.623752	0.115464	0.366683	0.003582
124	0.809074	0.085223	0.330907	0.000116
175	0.589491	0.120275	0.343728	0.002033
185	0.594125	0.127148	0.384209	0.002230
221	0.522336	0.151890	0.394630	0.004098
127	0.808024	0.087285	0.330832	0.000232
153	0.593481	0.105155	0.348837	0.002721
190	0.534614	0.130584	0.367053	0.003021
159	0.658865	0.109278	0.333639	0.000666
98	0.871870	0.067354	0.316717	0.000129
191	0.553100	0.131271	0.345196	0.001400
161	0.643401	0.110653	0.342192	0.000532
142	0.673559	0.097595	0.329409	0.000567
189	0.588990	0.129897	0.373940	0.001399
171	0.610182	0.117526	0.363115	0.001658
198	0.547249	0.136082	0.385328	0.005882
190	0.560123	0.130584	0.392713	0.002409
149	0.629149	0.102405	0.373173	0.003908
159	0.617944	0.109278	0.351874	0.000783
129	0.716328	0.088660	0.319429	0.001481
140	0.649126	0.096220	0.317408	0.000431
100	0.856162	0.068729	0.301492	0.000059
177	0.604456	0.121649	0.337196	0.000818
205	0.557819	0.140893	0.349172	0.001834
188	0.601434	0.129210	0.378709	0.001818
191	0.599394	0.131271	0.388830	0.001796
238	0.491579	0.163574	0.426186	0.005527
244	0.505836	0.167698	0.388518	0.003541
237	0.511335	0.162887	0.371173	0.002147
141	0.653698	0.096907	0.322259	0.000239
131	0.757017	0.090034	0.303251	0.000091
159	0.648754	0.109278	0.303694	0.000434
111	0.874201	0.076289	0.286587	0.000031
189	0.606102	0.129897	0.323621	0.000651
247	0.479938	0.169759	0.352813	0.003166
159	0.647082	0.109278	0.313240	0.000694
169	0.697520	0.116151	0.319780	0.000525
207	0.595329	0.142268	0.351364	0.001808
203	0.568161	0.139519	0.342353	0.001927
127	0.856268	0.087285	0.293524	0.000083
120	0.881933	0.082474	0.303188	0.000058
187	0.589385	0.128522	0.348670	0.001906
178	0.642989	0.122337	0.320909	0.000799
133	0.759740	0.091409	0.309904	0.000189
132	0.722646	0.090722	0.301367	0.000494
135	0.768491	0.092784	0.291408	0.000233
159	0.618024	0.109278	0.327187	0.001589
144	0.648601	0.098969	0.314459	0.001009
174	0.564414	0.119588	0.309377	0.001049
112	0.722329	0.076976	0.290130	0.000244
95	0.860470	0.065292	0.272472	0.000022
94	0.869824	0.064605	0.269494	0.000018
124	0.734330	0.085223	0.282415	0.000136
149	0.657265	0.102405	0.299568	0.000534
163	0.615618	0.112027	0.311897	0.000913
173	0.633755	0.118900	0.320555	0.000700
224	0.551289	0.153952	0.353928	0.002564
171	0.645064	0.117526	0.326380	0.000648
223	0.527694	0.153265	0.358816	0.002467
155	0.671554	0.106529	0.338530	0.000489
153	0.636997	0.105155	0.337196	0.000861
119	0.788634	0.081787	0.325868	0.000189
63	0.915515	0.043299	0.307286	0.000193
21	0.561905	0.014433	0.240735	0.001629
20	0.626316	0.013746	0.251252	0.000943
20	0.652632	0.013746	0.264209	0.000474
37	0.567568	0.025430	0.275934	0.001905
44	0.571882	0.030241	0.255847	0.001407
24	0.615942	0.016495	0.251861	0.000369
15	0.761905	0.010309	0.243923	0.000050
33	0.660985	0.022680	0.248718	0.002242
60	0.594350	0.041237	0.257067	0.004172
76	0.686316	0.052234	0.277248	0.001152
95	0.725196	0.065292	0.302936	0.002911
115	0.672006	0.079038	0.311763	0.001713
141	0.601621	0.096907	0.330232	0.002481
145	0.622126	0.099656	0.332419	0.000762
153	0.655917	0.105155	0.315550	0.000757
158	0.682254	0.108591	0.336494	0.000392
204	0.552497	0.140206	0.376455	0.002148
211	0.559151	0.145017	0.387587	0.002610
212	0.569972	0.145704	0.376650	0.002326
219	0.560178	0.150515	0.394844	0.003576
180	0.643886	0.123711	0.357934	0.001097
170	0.644205	0.116838	0.336806	0.000799
199	0.538095	0.136770	0.358728	0.003029
147	0.595192	0.101031	0.307416	0.000475
128	0.720103	0.087973	0.301367	0.000147
148	0.568763	0.101718	0.308852	0.000973
195	0.466085	0.134021	0.353327	0.005113
157	0.580353	0.107904	0.346511	0.001871
159	0.657193	0.109278	0.352300	0.000740
122	0.818182	0.083849	0.330532	0.000105
175	0.588112	0.120275	0.343728	0.002122
193	0.568815	0.132646	0.391339	0.007869
222	0.520729	0.152577	0.394737	0.004134
127	0.808024	0.087285	0.330832	0.000232
150	0.609664	0.103093	0.348503	0.002253
188	0.535783	0.129210	0.366868	0.002968
159	0.658865	0.109278	0.333639	0.000666
98	0.871870	0.067354	0.316717	0.000129
190	0.555054	0.130584	0.345114	0.001364
122	0.725511	0.083849	0.329857	0.000167
165	0.611013	0.113402	0.340829	0.001475
189	0.588990	0.129897	0.373940	0.001399
171	0.603646	0.117526	0.365028	0.002075
197	0.545167	0.135395	0.391761	0.006033
203	0.545042	0.139519	0.390185	0.001982
159	0.593822	0.109278	0.378217	0.004572
169	0.590237	0.116151	0.356007	0.001217
129	0.724806	0.088660	0.319359	0.000976
146	0.624563	0.100344	0.312836	0.000498
102	0.840808	0.070103	0.302055	0.000071
177	0.604456	0.121649	0.337196	0.000818
201	0.564478	0.138144	0.348837	0.001623
184	0.606023	0.126460	0.383399	0.001854
198	0.588371	0.136082	0.389663	0.002059
234	0.495396	0.160825	0.426436	0.005444
242	0.508830	0.166323	0.388311	0.003483
254	0.493760	0.174570	0.375097	0.002833
146	0.653661	0.100344	0.322616	0.000247
135	0.737535	0.092784	0.303948	0.000115
159	0.648754	0.109278	0.303694	0.000434
111	0.874201	0.076289	0.286587	0.000031
198	0.585397	0.136082	0.324270	0.000827
251	0.472669	0.172509	0.353155	0.003253
152	0.688916	0.104467	0.312769	0.000480
168	0.699031	0.115464	0.319640	0.000479
215	0.575614	0.147766	0.352045	0.002352
195	0.589849	0.134021	0.341710	0.001244
127	0.856268	0.087285	0.293524	0.000083
124	0.867034	0.085223	0.303188	0.000056
188	0.588520	0.129210	0.348754	0.001988
186	0.618657	0.127835	0.321476	0.000892
141	0.749544	0.096907	0.310367	0.000241
140	0.709455	0.096220	0.302055	0.000506
142	0.744281	0.097595	0.291817	0.000306
159	0.618024	0.109278	0.327187	0.001589
143	0.639023	0.098282	0.309377	0.001098
171	0.560509	0.117526	0.332419	0.003242
136	0.669499	0.093471	0.292580	0.000408
93	0.866293	0.063918	0.265269	0.000019
91	0.883761	0.062543	0.269345	0.000015
140	0.682425	0.096220	0.284013	0.000198
158	0.613319	0.108591	0.300248	0.000645
174	0.592785	0.119588	0.312500	0.001117
174	0.630922	0.119588	0.321192	0.000711
235	0.531187	0.161512	0.357318	0.004120
170	0.647128	0.116838	0.326306	0.000630
223	0.527694	0.153265	0.358816	0.002467
151	0.682561	0.103780	0.338136	0.000489
158	0.611465	0.108591	0.337587	0.001043
120	0.780112	0.082474	0.327187	0.000217
78	0.864469	0.053608	0.308983	0.002296
5	0.900000	0.003436	0.145485	0.000000
6	0.733333	0.004124	0.149246	0.000013
11	0.418182	0.007560	0.169798	0.002281
12	0.469697	0.008247	0.174985	0.001497
18	0.562092	0.012371	0.203212	0.003098
24	0.634058	0.016495	0.209715	0.001208
24	0.695652	0.016495	0.224606	0.000210
37	0.710210	0.025430	0.251252	0.000344
74	0.681970	0.050859	0.277407	0.001275
80	0.651266	0.054983	0.277778	0.001595
98	0.697244	0.067354	0.303694	0.003906
113	0.680468	0.077663	0.311430	0.001651
141	0.601621	0.096907	0.330232	0.002481
136	0.623856	0.093471	0.326453	0.000587
100	0.663636	0.068729	0.310168	0.000388
161	0.677562	0.110653	0.336728	0.000414
205	0.550215	0.140893	0.376553	0.002265
212	0.556470	0.145704	0.387690	0.002667
207	0.582853	0.142268	0.376163	0.001617
220	0.558738	0.151203	0.394951	0.003647
175	0.656946	0.120275	0.357494	0.000989
170	0.644205	0.116838	0.336806	0.000799
201	0.530746	0.138144	0.347836	0.002441
148	0.581357	0.101718	0.307481	0.000575
127	0.721535	0.087285	0.301305	0.000145
121	0.620799	0.083162	0.308393	0.000515
189	0.490093	0.129897	0.354532	0.002225
156	0.582878	0.107216	0.346346	0.001656
159	0.657193	0.109278	0.352300	0.000740
122	0.818182	0.083849	0.330532	0.000105
175	0.589491	0.120275	0.343728	0.002033
188	0.585391	0.129210	0.389976	0.003251
222	0.520729	0.152577	0.394737	0.004134
127	0.808024	0.087285	0.330832	0.000232
152	0.598902	0.104467	0.348754	0.002537
190	0.537956	0.130584	0.367053	0.002936
159	0.658865	0.109278	0.333639	0.000666
99	0.866625	0.068041	0.316786	0.000137
187	0.560060	0.128522	0.351364	0.001627
160	0.645440	0.109966	0.336261	0.000514
133	0.696400	0.091409	0.328739	0.000455
190	0.586745	0.130584	0.374036	0.001425
173	0.606264	0.118900	0.363296	0.001694
199	0.541445	0.136770	0.391972	0.006460
201	0.546517	0.138144	0.394095	0.002343
159	0.593822	0.109278	0.378217	0.004572
166	0.598394	0.114089	0.355485	0.001057
129	0.716328	0.088660	0.319429	0.001481
144	0.630925	0.098969	0.312567	0.000464
99	0.860853	0.068041	0.301429	0.000055
177	0.604456	0.121649	0.337196	0.000818
202	0.562780	0.138832	0.348754	0.001634
190	0.596881	0.130584	0.384514	0.002141
194	0.600235	0.133333	0.389246	0.001863
237	0.492348	0.162887	0.426811	0.005652
244	0.506105	0.167698	0.388518	0.003547
255	0.492759	0.175258	0.375193	0.002851
150	0.640000	0.103093	0.322903	0.000287
129	0.767200	0.088660	0.303062	0.000086
154	0.672693	0.105842	0.303062	0.000315
111	0.874201	0.076289	0.286587	0.000031
187	0.610833	0.128522	0.323477	0.000632
251	0.472669	0.172509	0.353155	0.003253
153	0.682835	0.105155	0.312836	0.000503
167	0.700527	0.114777	0.315071	0.000445
207	0.595329	0.142268	0.351364	0.001808
203	0.569575	0.139519	0.342353	0.002071
127	0.856268	0.087285	0.293524	0.000083
131	0.821022	0.090034	0.308197	0.000163
188	0.573501	0.129210	0.354187	0.002810
188	0.612698	0.129210	0.321618	0.000919
140	0.754882	0.096220	0.310301	0.000220
143	0.711908	0.098282	0.306768	0.000447
146	0.722437	0.100344	0.307286	0.000947
159	0.618024	0.109278	0.327187	0.001589
150	0.609843	0.103093	0.314867	0.001443
173	0.564928	0.118900	0.309377	0.001086
128	0.691929	0.087973	0.291583	0.000336
105	0.802747	0.072165	0.282744	0.000051
108	0.831430	0.074227	0.273239	0.000035
114	0.759509	0.078351	0.279862	0.000116
140	0.707708	0.096220	0.298645	0.000355
165	0.615965	0.113402	0.312031	0.000850
171	0.639422	0.117526	0.320414	0.000627
224	0.551289	0.153952	0.353928	0.002564
175	0.626601	0.120275	0.334483	0.001080
219	0.532487	0.150515	0.358463	0.002306
167	0.635668	0.114777	0.339477	0.000728
157	0.616201	0.107904	0.337509	0.000962
119	0.788634	0.081787	0.325868	0.000189
76	0.893684	0.052234	0.308132	0.000284
5	0.700000	0.003436	0.156216	0.000057
10	0.444444	0.006873	0.158947	0.000488
12	0.363636	0.008247	0.184903	0.001904
11	0.563636	0.007560	0.187693	0.001656
20	0.515789	0.013746	0.207413	0.000584
40	0.471795	0.027491	0.228414	0.003181
23	0.478261	0.015808	0.225721	0.001758
41	0.664634	0.028179	0.246443	0.002259
82	0.725685	0.056357	0.283405	0.004990
88	0.682341	0.060481	0.280725	0.001526
99	0.688106	0.068041	0.303885	0.004147
117	0.663425	0.080412	0.311964	0.001830
149	0.587520	0.102405	0.347007	0.006065
155	0.609803	0.106529	0.335873	0.002111
100	0.728081	0.068729	0.309443	0.000399
143	0.703536	0.098282	0.335331	0.000297
199	0.560327	0.136770	0.375969	0.001810
211	0.559467	0.145017	0.390919	0.002705
214	0.570576	0.147079	0.380591	0.002412
222	0.555501	0.152577	0.396242	0.003993
175	0.656946	0.120275	0.357494	0.000989
175	0.633300	0.120275	0.337196	0.000900
193	0.527958	0.132646	0.352215	0.003005
146	0.583845	0.100344	0.307351	0.000578
121	0.731543	0.083162	0.300931	0.000134
125	0.602839	0.085911	0.293880	0.000524
183	0.500030	0.125773	0.354015	0.002000
157	0.579944	0.107904	0.346511	0.001878
161	0.649534	0.110653	0.365578	0.001288
124	0.809074	0.085223	0.330907	0.000116
175	0.589491	0.120275	0.343728	0.002033
185	0.594360	0.127148	0.389663	0.002976
222	0.520729	0.152577	0.394737	0.004134
127	0.808024	0.087285	0.330832	0.000232
150	0.609664	0.103093	0.348503	0.002253
194	0.530741	0.133333	0.367424	0.003238
159	0.658865	0.109278	0.333639	0.000666
98	0.871870	0.067354	0.316717	0.000129
191	0.553100	0.131271	0.345196	0.001400
167	0.624125	0.114777	0.342675	0.000638
150	0.645011	0.103093	0.330007	0.000767
191	0.583963	0.131271	0.376748	0.002013
168	0.611206	0.115464	0.362843	0.001621
190	0.563743	0.130584	0.389558	0.004509
194	0.554351	0.133333	0.392819	0.002161
158	0.600419	0.108591	0.376650	0.003132
166	0.598394	0.114089	0.355485	0.001057
129	0.716328	0.088660	0.319429	0.001481
141	0.640527	0.096907	0.310964	0.000414
99	0.860853	0.068041	0.301429	0.000055
183	0.590824	0.125773	0.339161	0.000938
202	0.562780	0.138832	0.348754	0.001634
191	0.595095	0.131271	0.384615	0.002243
196	0.592151	0.134708	0.389350	0.001958
240	0.487238	0.164948	0.434718	0.007315
244	0.506105	0.167698	0.388518	0.003547
252	0.495953	0.173196	0.374903	0.002755
151	0.636468	0.103780	0.322974	0.000300
138	0.721147	0.094845	0.300372	0.000136
160	0.645440	0.109966	0.311897	0.000449
111	0.874201	0.076289	0.286587	0.000031
181	0.625537	0.124399	0.323046	0.000580
250	0.469269	0.171821	0.353070	0.003306
156	0.664847	0.107216	0.313038	0.000578
160	0.711164	0.109966	0.314527	0.000316
207	0.595329	0.142268	0.351364	0.001808
195	0.590378	0.134021	0.341710	0.001292
127	0.856268	0.087285	0.293524	0.000083
121	0.880992	0.083162	0.298891	0.000045
185	0.594595	0.127148	0.341149	0.001556
184	0.624555	0.126460	0.321334	0.000868
142	0.747578	0.097595	0.310433	0.000249
140	0.709455	0.096220	0.302055	0.000506
144	0.727855	0.098969	0.307156	0.000925
159	0.618024	0.109278	0.327187	0.001589
137	0.697939	0.094158	0.301242	0.000387
186	0.529497	0.127835	0.314119	0.001525
131	0.682913	0.090034	0.291876	0.000373
102	0.817317	0.070103	0.275620	0.000045
172	0.565347	0.118213	0.292462	0.000978
135	0.704367	0.092784	0.283350	0.000172
134	0.723824	0.092096	0.295912	0.000347
163	0.615618	0.112027	0.311897	0.000913
173	0.633755	0.118900	0.320555	0.000700
225	0.549563	0.154639	0.355572	0.002652
179	0.621932	0.123024	0.334791	0.001046
223	0.527694	0.153265	0.358816	0.002467
173	0.619640	0.118900	0.339953	0.000893
153	0.630203	0.105155	0.336728	0.000788
124	0.765146	0.085223	0.326233	0.000244
83	0.882457	0.057045	0.310301	0.000399
9	0.694444	0.006186	0.194545	0.000170
11	0.636364	0.007560	0.207413	0.000191
8	0.714286	0.005498	0.193845	0.000004
7	0.857143	0.004811	0.210931	0.000068
12	0.727273	0.008247	0.234300	0.000200
22	0.454545	0.015120	0.258667	0.002924
26	0.596923	0.017869	0.252429	0.000517
49	0.450680	0.033677	0.296515	0.011426
57	0.664160	0.039175	0.262209	0.001425
90	0.667915	0.061856	0.280834	0.001618
97	0.700816	0.066667	0.303315	0.003789
111	0.689435	0.076289	0.311230	0.001562
139	0.611719	0.095533	0.330082	0.002334
135	0.629519	0.092784	0.313375	0.000602
91	0.714530	0.062543	0.308197	0.000251
159	0.679803	0.109278	0.336572	0.000400
194	0.567331	0.133333	0.375484	0.001674
210	0.561312	0.144330	0.387483	0.002558
216	0.567097	0.148454	0.380193	0.002194
222	0.555501	0.152577	0.396242	0.003993
181	0.641314	0.124399	0.358022	0.001121
170	0.644205	0.116838	0.336806	0.000799
194	0.545911	0.133333	0.352045	0.002252
148	0.587608	0.101718	0.307481	0.000512
128	0.720103	0.087973	0.301367	0.000147
140	0.579856	0.096220	0.309640	0.000699
193	0.481703	0.132646	0.354965	0.002867
153	0.590815	0.105155	0.346099	0.001675
164	0.632426	0.112715	0.365303	0.002766
112	0.868726	0.076976	0.325941	0.000060
177	0.581728	0.121649	0.343890	0.002359
191	0.577129	0.131271	0.390919	0.004452
222	0.520729	0.152577	0.394737	0.004134
127	0.808024	0.087285	0.330832	0.000232
148	0.620335	0.101718	0.348336	0.002040
190	0.534614	0.130584	0.367053	0.003021
159	0.658865	0.109278	0.333639	0.000666
100	0.855758	0.068729	0.331435	0.000150
190	0.555166	0.130584	0.345114	0.001372
160	0.641195	0.109966	0.342111	0.000545
148	0.652602	0.101718	0.329857	0.000689
186	0.593142	0.127835	0.373652	0.001330
170	0.607379	0.116838	0.363024	0.001656
197	0.545167	0.135395	0.391761	0.006033
203	0.544896	0.139519	0.394095	0.002219
147	0.637778	0.101031	0.368915	0.003679
166	0.598394	0.114089	0.355485	0.001057
133	0.702780	0.091409	0.329484	0.001615
159	0.592628	0.109278	0.332192	0.000975
128	0.724409	0.087973	0.316649	0.000275
178	0.602108	0.122337	0.338136	0.000835
201	0.564428	0.138144	0.348670	0.001601
187	0.600368	0.128522	0.383804	0.002183
199	0.585351	0.136770	0.389767	0.002149
234	0.495396	0.160825	0.426436	0.005444
243	0.507125	0.167010	0.388414	0.003525
264	0.483523	0.181443	0.377041	0.003506
149	0.637856	0.102405	0.324270	0.000303
144	0.694347	0.098969	0.302684	0.000768
159	0.648754	0.109278	0.303694	0.000434
111	0.874201	0.076289	0.286587	0.000031
202	0.577065	0.138832	0.324559	0.000959
249	0.476810	0.171134	0.352984	0.003208
156	0.664847	0.107216	0.313038	0.000578
160	0.711164	0.109966	0.314527	0.000316
207	0.595329	0.142268	0.351364	0.001808
192	0.598822	0.131959	0.337509	0.001045
127	0.856268	0.087285	0.293524	0.000083
127	0.853143	0.087285	0.303378	0.000067
189	0.590566	0.129897	0.348837	0.002216
187	0.615721	0.128522	0.321547	0.000905
141	0.749443	0.096907	0.310433	0.000234
151	0.667550	0.103780	0.307286	0.001057
148	0.710976	0.101718	0.307676	0.001437
159	0.618024	0.109278	0.327187	0.001589
137	0.701481	0.094158	0.300931	0.000375
183	0.538762	0.125773	0.313105	0.001706
126	0.710349	0.086598	0.292110	0.000189
90	0.877403	0.061856	0.265124	0.000016
109	0.787462	0.074914	0.274218	0.000045
115	0.790542	0.079038	0.279915	0.000077
131	0.732237	0.090034	0.295732	0.000323
164	0.612150	0.112715	0.311964	0.000901
174	0.630922	0.119588	0.320838	0.000719
224	0.551289	0.153952	0.353928	0.002564
174	0.639027	0.119588	0.326599	0.000704
223	0.527694	0.153265	0.358816	0.002467
165	0.639616	0.113402	0.339319	0.000715
151	0.648124	0.103780	0.337040	0.000785
112	0.825129	0.076976	0.325358	0.000117
52	0.937406	0.035739	0.297790	0.000153
3	1.000000	0.002062	0.160295	0.000000
5	0.700000	0.003436	0.190720	0.000710
5	0.700000	0.003436	0.190720	0.000710
11	0.490909	0.007560	0.205219	0.001022
22	0.463203	0.015120	0.235361	0.005220
30	0.577011	0.020619	0.239862	0.001152
26	0.673846	0.017869	0.215939	0.000368
49	0.587585	0.033677	0.229676	0.001332
57	0.640351	0.039175	0.256569	0.002057
88	0.682341	0.060481	0.280725	0.001526
89	0.723953	0.061168	0.302873	0.001819
113	0.680468	0.077663	0.311430	0.001651
141	0.601621	0.096907	0.330232	0.002481
134	0.630232	0.092096	0.313307	0.000572
105	0.669963	0.072165	0.311897	0.000367
160	0.678695	0.109966	0.336650	0.000407
200	0.558693	0.137457	0.376066	0.001865
211	0.559151	0.145017	0.387587	0.002610
217	0.565114	0.149141	0.377138	0.002130
220	0.558738	0.151203	0.394951	0.003647
188	0.624189	0.129210	0.358639	0.001341
156	0.680397	0.107216	0.333333	0.000547
192	0.551702	0.131959	0.346511	0.001769
145	0.602586	0.099656	0.307286	0.000434
128	0.720103	0.087973	0.301367	0.000147
145	0.571743	0.099656	0.310698	0.000925
193	0.483808	0.132646	0.354965	0.002589
150	0.604922	0.103093	0.342999	0.000933
159	0.657193	0.109278	0.352300	0.000740
112	0.868726	0.076976	0.325941	0.000060
174	0.592585	0.119588	0.343647	0.001958
187	0.588868	0.128522	0.384412	0.002410
222	0.520729	0.152577	0.394737	0.004134
127	0.808024	0.087285	0.330832	0.000232
147	0.625944	0.101031	0.348253	0.001933
190	0.534614	0.130584	0.367053	0.003021
159	0.658865	0.109278	0.333639	0.000666
98	0.871870	0.067354	0.316717	0.000129
191	0.553100	0.131271	0.345196	0.001400
152	0.668264	0.104467	0.335640	0.000418
146	0.659235	0.100344	0.329708	0.000701
189	0.588990	0.129897	0.373940	0.001399
172	0.601047	0.118213	0.365119	0.002100
200	0.537638	0.137457	0.392183	0.007148
200	0.550101	0.137457	0.393775	0.002117
157	0.597828	0.107904	0.379005	0.005387
169	0.590237	0.116151	0.356007	0.001217
129	0.724806	0.088660	0.319359	0.000976
153	0.606123	0.105155	0.324342	0.000727
112	0.782979	0.076976	0.302936	0.000135
174	0.611720	0.119588	0.330007	0.000725
199	0.568144	0.136770	0.348503	0.001505
191	0.590576	0.131271	0.386454	0.002435
192	0.604712	0.131959	0.388933	0.001789
235	0.494854	0.161512	0.426561	0.005499
243	0.507329	0.167010	0.388414	0.003516
258	0.490242	0.177320	0.375484	0.002902
146	0.652622	0.100344	0.322616	0.000246
132	0.751677	0.090722	0.303315	0.000095
155	0.668538	0.106529	0.303125	0.000332
111	0.874201	0.076289	0.286587	0.000031
193	0.596826	0.132646	0.323909	0.000706
251	0.472669	0.172509	0.353155	0.003253
155	0.670884	0.106529	0.312971	0.000551
173	0.690819	0.118900	0.320838	0.001016
212	0.582670	0.145704	0.351789	0.002067
199	0.578752	0.136770	0.342031	0.001572
127	0.856268	0.087285	0.293524	0.000083
127	0.842020	0.087285	0.307937	0.000124
188	0.577768	0.129210	0.354187	0.002607
181	0.633702	0.124399	0.321121	0.000833
139	0.752789	0.095533	0.310235	0.000226
134	0.728762	0.092096	0.301679	0.000410
143	0.733773	0.098282	0.307092	0.000751
159	0.618024	0.109278	0.327187	0.001589
162	0.561077	0.111340	0.318590	0.002456
186	0.529265	0.127835	0.337040	0.003509
124	0.678337	0.085223	0.291466	0.000340
96	0.854605	0.065979	0.272523	0.000023
109	0.831464	0.074914	0.273291	0.000036
124	0.734723	0.085223	0.282360	0.000141
148	0.664736	0.101718	0.299444	0.000497
166	0.614239	0.114089	0.312098	0.000865
172	0.636679	0.118213	0.320485	0.000658
223	0.552741	0.153265	0.349088	0.002491
168	0.651055	0.115464	0.326160	0.000598
216	0.536090	0.148454	0.358110	0.002243
147	0.692107	0.101031	0.336572	0.000441
147	0.665828	0.101031	0.336728	0.000683
112	0.825129	0.076976	0.325358	0.000117
41	0.964634	0.028179	0.278309	0.000115
27	0.527066	0.018557	0.261973	0.002775
18	0.686275	0.012371	0.256027	0.000635
12	0.681818	0.008247	0.254727	0.000245
22	0.441558	0.015120	0.305608	0.006730
9	0.694444	0.006186	0.268203	0.001344
13	0.589744	0.008935	0.271253	0.000467
20	0.615789	0.013746	0.253573	0.000272
44	0.619450	0.030241	0.249914	0.000707
61	0.616940	0.041924	0.260007	0.002364
88	0.682602	0.060481	0.280617	0.001256
98	0.697244	0.067354	0.303694	0.003906
113	0.680468	0.077663	0.311430	0.001651
142	0.598741	0.097595	0.345196	0.002697
140	0.627852	0.096220	0.314867	0.000834
87	0.724405	0.059794	0.304012	0.000214
133	0.689565	0.091409	0.334945	0.000379
194	0.567758	0.133333	0.375484	0.001593
213	0.555319	0.146392	0.390604	0.003179
216	0.568432	0.148454	0.377041	0.002040
222	0.555501	0.152577	0.396242	0.003993
178	0.649146	0.122337	0.357758	0.001051
168	0.648489	0.115464	0.336650	0.000763
196	0.537049	0.134708	0.347421	0.002529
127	0.676165	0.087285	0.314323	0.000227
152	0.551847	0.104467	0.304840	0.001181
141	0.582472	0.096907	0.309706	0.000667
182	0.503187	0.125086	0.351025	0.002449
145	0.622701	0.099656	0.342595	0.000718
159	0.657193	0.109278	0.352300	0.000740
112	0.868726	0.076976	0.325941	0.000060
173	0.595309	0.118900	0.341229	0.001892
187	0.588063	0.128522	0.389871	0.003149
222	0.520729	0.152577	0.394737	0.004134
127	0.808024	0.087285	0.330832	0.000232
151	0.604327	0.103780	0.348670	0.002386
187	0.542407	0.128522	0.366776	0.002778
159	0.658865	0.109278	0.333639	0.000666
99	0.866625	0.068041	0.316786	0.000137
186	0.562569	0.127835	0.344787	0.001262
153	0.665377	0.105155	0.335718	0.000430
148	0.648833	0.101718	0.329857	0.000734
189	0.588990	0.129897	0.373940	0.001399
173	0.606264	0.118900	0.363296	0.001694
195	0.550357	0.134021	0.391445	0.005463
202	0.545244	0.138832	0.394202	0.002389
153	0.612831	0.105155	0.378414	0.004556
169	0.590237	0.116151	0.356007	0.001217
128	0.726624	0.087973	0.319289	0.000954
150	0.612260	0.103093	0.313916	0.000642
104	0.826363	0.071478	0.302243	0.000084
175	0.609655	0.120275	0.330082	0.000742
199	0.568144	0.136770	0.348503	0.001505
188	0.599613	0.129210	0.385533	0.002009
194	0.600235	0.133333	0.389246	0.001863
236	0.493761	0.162199	0.426686	0.005544
244	0.506105	0.167698	0.388518	0.003547
257	0.490941	0.176632	0.375387	0.002888
158	0.622672	0.108591	0.325285	0.000379
145	0.685057	0.099656	0.303378	0.000444
154	0.664629	0.105842	0.303378	0.000410
111	0.874201	0.076289	0.286587	0.000031
201	0.579104	0.138144	0.324487	0.000918
244	0.474668	0.167698	0.352556	0.003158
151	0.694834	0.103780	0.312634	0.000460
174	0.674706	0.119588	0.321050	0.000605
208	0.592438	0.142955	0.351449	0.001857
188	0.609853	0.129210	0.332116	0.000883
127	0.856268	0.087285	0.293524	0.000083
136	0.784314	0.093471	0.308524	0.000295
187	0.566787	0.128522	0.354101	0.003256
186	0.618657	0.127835	0.321476	0.000892
140	0.754882	0.096220	0.310301	0.000220
145	0.707567	0.099656	0.307416	0.000457
147	0.716709	0.101031	0.307481	0.001161
159	0.618024	0.109278	0.327187	0.001589
138	0.691632	0.094845	0.301617	0.000418
176	0.558377	0.120962	0.311030	0.001078
121	0.692837	0.083162	0.291116	0.000313
92	0.883660	0.063230	0.265124	0.000013
113	0.815898	0.077663	0.273908	0.000041
143	0.624741	0.098282	0.285015	0.000298
152	0.632276	0.104467	0.299876	0.000450
158	0.652020	0.108591	0.311563	0.000517
162	0.663369	0.111340	0.319640	0.000430
224	0.551289	0.153952	0.353928	0.002564
177	0.614792	0.121649	0.340033	0.001957
220	0.531341	0.151203	0.358551	0.002338
161	0.648835	0.110653	0.339003	0.000663
154	0.627960	0.105842	0.337274	0.000859
112	0.825129	0.076976	0.325358	0.000117
66	0.912821	0.045361	0.300372	0.000283
8	0.464286	0.005498	0.179718	0.000057
12	0.696970	0.008247	0.198743	0.000134
20	0.447368	0.013746	0.217717	0.002327
41	0.519512	0.028179	0.243555	0.002254
23	0.490119	0.015808	0.202562	0.001905
15	0.438095	0.010309	0.199479	0.001592
15	0.514286	0.010309	0.198689	0.000584
21	0.409524	0.014433	0.202533	0.000692
31	0.576344	0.021306	0.241815	0.002117
52	0.737557	0.035739	0.246987	0.001749
91	0.752381	0.062543	0.302243	0.001895
119	0.647486	0.081787	0.312232	0.003039
139	0.611719	0.095533	0.330082	0.002334
140	0.623638	0.096220	0.326746	0.000573
118	0.644647	0.081100	0.312971	0.000505
162	0.675715	0.111340	0.336806	0.000421
204	0.552497	0.140206	0.376455	0.002148
212	0.556470	0.145704	0.387690	0.002667
210	0.577307	0.144330	0.376455	0.001764
220	0.558738	0.151203	0.394951	0.003647
176	0.654351	0.120962	0.357582	0.001010
163	0.660759	0.112027	0.336261	0.000670
203	0.530166	0.139519	0.347421	0.002303
146	0.599811	0.100344	0.307351	0.000460
128	0.720103	0.087973	0.301367	0.000147
143	0.578942	0.098282	0.310566	0.000800
197	0.477209	0.135395	0.355311	0.002895
158	0.572523	0.108591	0.341870	0.001750
162	0.644966	0.111340	0.365670	0.001714
126	0.799873	0.086598	0.331058	0.000126
166	0.621103	0.114089	0.340670	0.001485
177	0.615819	0.121649	0.382191	0.001554
223	0.518523	0.153265	0.394844	0.004178
127	0.808024	0.087285	0.330832	0.000232
146	0.631554	0.100344	0.348169	0.001833
193	0.529091	0.132646	0.389454	0.007561
159	0.658865	0.109278	0.333639	0.000666
104	0.835885	0.071478	0.317408	0.000191
185	0.564512	0.127148	0.344705	0.001234
120	0.724370	0.082474	0.331586	0.000160
165	0.611013	0.113402	0.340829	0.001475
189	0.588990	0.129897	0.373940	0.001399
177	0.596944	0.121649	0.365578	0.002186
201	0.537811	0.138144	0.392183	0.006901
195	0.559926	0.134021	0.393562	0.002457
151	0.618631	0.103780	0.378217	0.004449
161	0.612112	0.110653	0.354532	0.000850
130	0.714609	0.089347	0.319499	0.001511
138	0.636200	0.094845	0.310765	0.000407
140	0.691881	0.096220	0.319499	0.000414
157	0.645109	0.107904	0.328146	0.000439
196	0.572057	0.134708	0.348253	0.001436
184	0.595450	0.126460	0.385328	0.002361
190	0.605737	0.130584	0.388726	0.001708
217	0.517921	0.149141	0.424322	0.004531
242	0.506876	0.166323	0.388311	0.003584
260	0.488358	0.178694	0.375678	0.002964
158	0.626300	0.108591	0.323477	0.000339
132	0.751677	0.090722	0.303315	0.000095
152	0.683601	0.104467	0.302936	0.000283
111	0.874201	0.076289	0.286587	0.000031
189	0.606102	0.129897	0.323621	0.000651
250	0.472964	0.171821	0.353070	0.003235
153	0.682835	0.105155	0.312836	0.000503
170	0.695928	0.116838	0.319991	0.000588
207	0.595329	0.142268	0.351364	0.001808
200	0.574824	0.137457	0.336884	0.001588
127	0.856268	0.087285	0.293524	0.000083
135	0.791266	0.092784	0.308459	0.000269
190	0.552604	0.130584	0.354359	0.003906
187	0.615721	0.128522	0.321547	0.000905
140	0.751387	0.096220	0.310367	0.000227
142	0.713915	0.097595	0.302181	0.000443
147	0.716709	0.101031	0.307481	0.001161
159	0.618024	0.109278	0.327187	0.001589
139	0.671567	0.095533	0.310036	0.000721
172	0.569971	0.118213	0.303251	0.000945
116	0.728186	0.079725	0.287834	0.000268
95	0.860694	0.065292	0.265608	0.000020
97	0.850515	0.066667	0.269644	0.000024
122	0.732286	0.083849	0.282305	0.000138
154	0.632714	0.105842	0.299938	0.000547
159	0.627737	0.109278	0.311097	0.000760
168	0.646778	0.115464	0.319079	0.000574
224	0.551289	0.153952	0.353928	0.002564
173	0.633351	0.118900	0.334329	0.000936
221	0.530193	0.151890	0.358639	0.002374
164	0.644845	0.112715	0.339240	0.000652
157	0.616201	0.107904	0.337509	0.000962
119	0.788634	0.081787	0.325868	0.000189
71	0.904225	0.048797	0.307806	0.000261
10	0.533333	0.006873	0.181128	0.000314
12	0.560606	0.008247	0.186180	0.000050
17	0.507353	0.011684	0.200995	0.000261
10	0.666667	0.006873	0.195960	0.000028
6	0.933333	0.004124	0.185091	0.000000
8	0.750000	0.005498	0.199179	0.000012
20	0.589474	0.013746	0.225897	0.000887
33	0.698864	0.022680	0.226989	0.000255
74	0.691596	0.050859	0.277619	0.001520
80	0.653481	0.054983	0.276879	0.001404
89	0.723953	0.061168	0.302873	0.001819
113	0.680468	0.077663	0.311430	0.001651
137	0.610455	0.094158	0.329932	0.002683
155	0.607960	0.106529	0.332876	0.000924
128	0.670153	0.087973	0.313645	0.000513
159	0.679803	0.109278	0.336572	0.000400
196	0.564312	0.134708	0.375678	0.001711
212	0.555620	0.145704	0.387690	0.002711
218	0.563227	0.149828	0.377334	0.002205
220	0.558738	0.151203	0.394951	0.003647
178	0.649146	0.122337	0.357758	0.001051
175	0.633300	0.120275	0.337196	0.000900
205	0.513439	0.140893	0.360238	0.004895
123	0.685992	0.084536	0.311630	0.000230
114	0.683279	0.078351	0.302432	0.000303
146	0.637034	0.100344	0.311563	0.000465
197	0.480058	0.135395	0.355311	0.002903
159	0.575193	0.109278	0.345114	0.002593
161	0.649534	0.110653	0.365578	0.001288
122	0.818182	0.083849	0.330532	0.000105
177	0.581215	0.121649	0.343890	0.002320
187	0.589213	0.128522	0.389871	0.003152
221	0.522336	0.151890	0.394630	0.004098
127	0.808024	0.087285	0.330832	0.000232
150	0.609664	0.103093	0.348503	0.002253
193	0.531790	0.132646	0.367331	0.003152
159	0.658865	0.109278	0.333639	0.000666
99	0.866625	0.068041	0.316786	0.000137
189	0.556963	0.129897	0.345032	0.001333
161	0.642935	0.110653	0.342192	0.000528
145	0.662644	0.099656	0.329633	0.000618
189	0.588990	0.129897	0.373940	0.001399
174	0.605873	0.119588	0.363387	0.001706
198	0.545352	0.136082	0.385737	0.005914
198	0.549351	0.136082	0.393350	0.002192
159	0.596609	0.109278	0.376748	0.003264
171	0.584176	0.117526	0.357670	0.001463
129	0.724806	0.088660	0.319359	0.000976
153	0.606123	0.105155	0.324342	0.000727
114	0.770222	0.078351	0.304012	0.000161
177	0.604456	0.121649	0.337196	0.000818
204	0.560127	0.140206	0.349088	0.001735
190	0.596881	0.130584	0.384514	0.002141
192	0.604167	0.131959	0.388933	0.001765
239	0.489575	0.164261	0.426937	0.005775
245	0.504082	0.168385	0.388622	0.003591
253	0.495295	0.173883	0.375000	0.002766
144	0.652001	0.098969	0.322473	0.000249
130	0.760763	0.089347	0.303125	0.000092
157	0.659072	0.107904	0.303568	0.000379
111	0.874201	0.076289	0.286587	0.000031
193	0.596826	0.132646	0.323909	0.000706
248	0.478418	0.170447	0.352898	0.003186
157	0.658827	0.107904	0.313105	0.000609
170	0.695928	0.116838	0.319991	0.000588
209	0.590081	0.143643	0.351534	0.001888
203	0.568161	0.139519	0.342353	0.001927
127	0.856268	0.087285	0.293524	0.000083
127	0.842020	0.087285	0.307937	0.000124
189	0.583193	0.129897	0.348837	0.002023
182	0.630684	0.125086	0.321192	0.000844
142	0.745380	0.097595	0.311230	0.000258
136	0.715251	0.093471	0.301805	0.000511
135	0.768491	0.092784	0.291408	0.000233
159	0.618024	0.109278	0.327187	0.001589
159	0.579333	0.109278	0.315687	0.002059
186	0.529497	0.127835	0.335408	0.003736
123	0.684526	0.084536	0.291466	0.000340
110	0.771309	0.075601	0.277248	0.000102
104	0.834951	0.071478	0.273034	0.000029
126	0.729143	0.086598	0.282524	0.000145
151	0.647594	0.103780	0.299691	0.000530
165	0.615965	0.113402	0.312031	0.000850
171	0.639422	0.117526	0.320414	0.000627
225	0.549563	0.154639	0.355572	0.002652
174	0.639027	0.119588	0.326599	0.000704
223	0.527694	0.153265	0.358816	0.002467
153	0.678191	0.105155	0.338372	0.000484
143	0.691914	0.098282	0.336416	0.000554
112	0.825129	0.076976	0.325358	0.000117
42	0.960511	0.028866	0.296515	0.000107
10	0.400000	0.006873	0.169068	0.001335
15	0.523810	0.010309	0.198229	0.002197
13	0.589744	0.008935	0.197986	0.002229
16	0.625000	0.010997	0.238173	0.002748
28	0.497354	0.019244	0.243759	0.002781
13	0.666667	0.008935	0.198310	0.000127
11	0.690909	0.007560	0.240774	0.000286
40	0.701282	0.027491	0.243923	0.001699
63	0.686636	0.043299	0.249614	0.001806
63	0.675883	0.043299	0.247913	0.002385
90	0.767291	0.061856	0.302181	0.001365
116	0.652024	0.079725	0.311763	0.003685
137	0.624302	0.094158	0.329932	0.002591
149	0.614820	0.102405	0.332419	0.000728
116	0.686657	0.079725	0.312836	0.000410
159	0.679803	0.109278	0.336572	0.000400
191	0.571728	0.131271	0.375193	0.001530
211	0.559287	0.145017	0.390919	0.002794
217	0.565199	0.149141	0.380392	0.002266
223	0.553711	0.153265	0.396350	0.004323
175	0.656946	0.120275	0.357494	0.000989
175	0.633300	0.120275	0.337196	0.000900
200	0.530151	0.137457	0.353070	0.003128
153	0.563209	0.105155	0.307806	0.000799
128	0.720103	0.087973	0.301367	0.000147
134	0.586691	0.092096	0.308983	0.000651
197	0.477468	0.135395	0.355311	0.002782
157	0.578148	0.107904	0.346429	0.002208
167	0.627083	0.114777	0.366591	0.003222
127	0.795151	0.087285	0.331133	0.000131
168	0.613630	0.115464	0.339398	0.001586
175	0.621938	0.120275	0.376748	0.001414
222	0.520729	0.152577	0.394737	0.004134
127	0.808024	0.087285	0.330832	0.000232
144	0.642191	0.098969	0.347670	0.001648
192	0.535940	0.131959	0.367239	0.003065
159	0.658865	0.109278	0.333639	0.000666
100	0.860404	0.068729	0.316855	0.000146
191	0.553100	0.131271	0.345196	0.001400
164	0.632725	0.112715	0.342434	0.000584
155	0.627817	0.106529	0.330381	0.001210
194	0.576732	0.133333	0.380193	0.002724
180	0.598138	0.123711	0.363932	0.001858
197	0.552315	0.135395	0.385533	0.004790
197	0.555061	0.135395	0.393775	0.002707
157	0.601094	0.107904	0.377236	0.003946
169	0.590237	0.116151	0.356007	0.001217
129	0.724806	0.088660	0.319359	0.000976
147	0.621377	0.101031	0.313105	0.000526
112	0.782979	0.076976	0.302936	0.000135
180	0.597269	0.123711	0.338687	0.000870
193	0.576371	0.132646	0.348003	0.001413
194	0.582982	0.133333	0.387483	0.003101
193	0.601738	0.132646	0.389037	0.001826
236	0.491778	0.162199	0.434328	0.007068
238	0.514697	0.163574	0.387897	0.003187
258	0.490242	0.177320	0.375484	0.002902
160	0.620440	0.109966	0.325431	0.000391
137	0.726599	0.094158	0.300000	0.000127
159	0.648754	0.109278	0.303694	0.000434
111	0.874201	0.076289	0.286587	0.000031
198	0.585295	0.136082	0.324270	0.000843
247	0.479938	0.169759	0.352813	0.003166
152	0.688916	0.104467	0.312769	0.000480
162	0.707998	0.111340	0.314663	0.000346
207	0.595329	0.142268	0.351364	0.001808
191	0.601212	0.131271	0.332344	0.000935
127	0.856268	0.087285	0.293524	0.000083
128	0.844980	0.087973	0.307937	0.000089
189	0.580997	0.129897	0.348837	0.002196
187	0.615721	0.128522	0.321547	0.000905
143	0.742244	0.098282	0.310566	0.000264
149	0.676855	0.102405	0.302621	0.000828
147	0.716709	0.101031	0.307481	0.001161
159	0.618024	0.109278	0.327187	0.001589
145	0.673851	0.099656	0.302055	0.000578
193	0.512737	0.132646	0.313038	0.001391
138	0.661272	0.094845	0.292698	0.000448
93	0.866293	0.063918	0.265269	0.000019
107	0.807794	0.073540	0.272013	0.000036
106	0.761545	0.072852	0.280617	0.000102
143	0.688368	0.098282	0.298829	0.000391
171	0.601789	0.117526	0.312299	0.000975
174	0.630922	0.119588	0.321192	0.000711
237	0.527748	0.162887	0.357846	0.004710
182	0.606946	0.125086	0.335022	0.001568
222	0.529045	0.152577	0.358728	0.002411
164	0.640581	0.112715	0.339240	0.000742
151	0.648124	0.103780	0.337040	0.000785
112	0.825129	0.076976	0.325358	0.000117
47	0.980574	0.032302	0.289841	0.000001
23	0.636364	0.015808	0.205334	0.000632
18	0.692810	0.012371	0.176257	0.000659
12	0.818182	0.008247	0.177331	0.000021
13	0.871795	0.008935	0.177569	0.000012
22	0.632035	0.015120	0.208872	0.002557
28	0.558201	0.019244	0.212130	0.001201
52	0.539970	0.035739	0.254593	0.008798
48	0.612589	0.032990	0.258575	0.002881
54	0.457722	0.037113	0.297364	0.011726
79	0.529374	0.054296	0.313510	0.011959
96	0.712061	0.065979	0.308590	0.003717
116	0.672864	0.079725	0.311763	0.001131
126	0.620825	0.086598	0.329111	0.002025
134	0.627090	0.092096	0.314391	0.000791
110	0.641535	0.075601	0.309838	0.000373
149	0.696445	0.102405	0.335795	0.000292
199	0.550480	0.136770	0.375969	0.002355
212	0.556470	0.145704	0.387690	0.002667
204	0.587028	0.140206	0.375678	0.001615
219	0.559172	0.150515	0.395058	0.003741
178	0.649146	0.122337	0.357758	0.001051
166	0.652939	0.114089	0.336494	0.000726
211	0.516362	0.145017	0.360416	0.005628
147	0.592675	0.101031	0.307416	0.000482
128	0.720103	0.087973	0.301367	0.000147
147	0.572174	0.101031	0.308786	0.000930
180	0.501055	0.123711	0.351789	0.002127
149	0.609650	0.102405	0.342918	0.000816
159	0.657193	0.109278	0.352300	0.000740
112	0.868726	0.076976	0.325941	0.000060
183	0.560980	0.125773	0.344379	0.003465
189	0.582742	0.129897	0.390709	0.003402
221	0.522336	0.151890	0.394630	0.004098
127	0.808024	0.087285	0.330832	0.000232
154	0.588150	0.105842	0.349005	0.002980
183	0.550952	0.125773	0.366406	0.002540
159	0.658865	0.109278	0.333639	0.000666
98	0.871870	0.067354	0.316717	0.000129
189	0.556850	0.129897	0.345032	0.001345
158	0.648069	0.108591	0.341951	0.000506
152	0.638114	0.104467	0.330157	0.001003
180	0.602173	0.123711	0.372886	0.001195
171	0.603646	0.117526	0.365028	0.002075
196	0.550549	0.134708	0.391550	0.005232
199	0.546216	0.136770	0.389350	0.002358
161	0.589053	0.110653	0.376943	0.003662
169	0.590237	0.116151	0.356007	0.001217
129	0.716328	0.088660	0.319429	0.001481
138	0.650164	0.094845	0.310897	0.000390
98	0.865348	0.067354	0.300744	0.000051
174	0.612650	0.119588	0.329857	0.000720
204	0.560127	0.140206	0.349088	0.001735
188	0.600410	0.129210	0.384209	0.002006
192	0.604985	0.131959	0.389037	0.001781
237	0.492348	0.162887	0.426811	0.005652
244	0.506105	0.167698	0.388518	0.003547
254	0.493760	0.174570	0.375097	0.002833
147	0.650638	0.101031	0.322688	0.000254
134	0.739423	0.092096	0.303441	0.000114
155	0.668538	0.106529	0.303125	0.000332
111	0.874201	0.076289	0.286587	0.000031
207	0.566765	0.142268	0.331133	0.001789
250	0.469269	0.171821	0.353070	0.003306
152	0.688916	0.104467	0.312769	0.000480
176	0.680195	0.120962	0.322045	0.001237
207	0.595329	0.142268	0.351364	0.001808
196	0.586238	0.134708	0.336572	0.001276
127	0.856268	0.087285	0.293524	0.000083
146	0.720359	0.100344	0.309180	0.000541
199	0.539262	0.136770	0.353756	0.005129
189	0.609648	0.129897	0.321760	0.000936
138	0.760922	0.094845	0.310168	0.000206
146	0.701937	0.100344	0.307481	0.000497
150	0.699597	0.103093	0.308002	0.002261
160	0.614308	0.109966	0.332192	0.001706
135	0.689773	0.092784	0.312701	0.000558
172	0.567999	0.118213	0.309245	0.000994
121	0.688017	0.083162	0.291116	0.000323
93	0.884058	0.063918	0.265414	0.000013
111	0.826208	0.076289	0.273445	0.000039
123	0.735706	0.084536	0.282305	0.000139
147	0.672631	0.101031	0.299075	0.000517
169	0.603198	0.116151	0.312299	0.001013
174	0.630922	0.119588	0.321192	0.000711
224	0.551289	0.153952	0.353928	0.002564
177	0.612930	0.121649	0.340351	0.002609
215	0.537318	0.147766	0.358110	0.002176
155	0.668873	0.106529	0.338530	0.000511
156	0.620182	0.107216	0.337430	0.000921
113	0.815740	0.077663	0.326673	0.000144
48	0.943262	0.032990	0.278682	0.000200
2	1.000000	0.001375	0.147686	0.000000
4	0.666667	0.002749	0.171823	0.000296
6	0.600000	0.004124	0.173235	0.001079
14	0.703297	0.009622	0.175640	0.000034
21	0.609524	0.014433	0.207294	0.002835
29	0.605911	0.019931	0.211821	0.001948
33	0.551136	0.022680	0.210169	0.002417
49	0.602041	0.033677	0.247281	0.003951
59	0.609585	0.040550	0.259405	0.002752
80	0.654114	0.054983	0.279163	0.001408
95	0.725196	0.065292	0.302936	0.002911
115	0.677651	0.079038	0.311297	0.001077
109	0.656303	0.074914	0.311563	0.000895
125	0.644387	0.085911	0.313442	0.000424
109	0.650527	0.074914	0.310632	0.000369
161	0.677562	0.110653	0.336728	0.000414
203	0.553919	0.139519	0.376358	0.002125
211	0.559151	0.145017	0.387587	0.002610
216	0.568432	0.148454	0.377041	0.002040
220	0.558738	0.151203	0.394951	0.003647
186	0.628945	0.127835	0.358463	0.001257
157	0.676547	0.107904	0.333716	0.000568
208	0.520113	0.142955	0.359526	0.003186
146	0.597638	0.100344	0.307351	0.000456
128	0.720103	0.087973	0.301367	0.000147
142	0.581460	0.097595	0.309772	0.000675
193	0.487263	0.132646	0.354878	0.002937
157	0.579128	0.107904	0.346924	0.002037
159	0.657193	0.109278	0.352300	0.000740
126	0.799873	0.086598	0.331058	0.000126
166	0.621614	0.114089	0.342999	0.001499
175	0.621938	0.120275	0.376748	0.001414
222	0.520729	0.152577	0.394737	0.004134
127	0.808024	0.087285	0.330832	0.000232
145	0.637261	0.099656	0.348086	0.001754
187	0.547352	0.128522	0.366776	0.002688
159	0.658865	0.109278	0.333639	0.000666
100	0.860404	0.068729	0.316855	0.000146
191	0.553100	0.131271	0.345196	0.001400
156	0.655087	0.107216	0.337196	0.000474
145	0.664559	0.099656	0.329633	0.000602
180	0.602173	0.123711	0.372886	0.001195
173	0.603374	0.118900	0.365211	0.002096
199	0.543830	0.136770	0.385839	0.005969
196	0.550654	0.134708	0.393137	0.002335
159	0.596609	0.109278	0.376748	0.003264
165	0.601109	0.113402	0.355398	0.001013
129	0.716328	0.088660	0.319429	0.001481
133	0.666439	0.091409	0.310367	0.000331
98	0.865348	0.067354	0.300744	0.000051
175	0.609655	0.120275	0.330082	0.000742
199	0.568144	0.136770	0.348503	0.001505
193	0.587273	0.132646	0.386968	0.002350
191	0.607550	0.131271	0.388830	0.001759
237	0.492348	0.162887	0.426811	0.005652
245	0.504182	0.168385	0.388622	0.003603
258	0.490242	0.177320	0.375484	0.002902
151	0.638234	0.103780	0.322974	0.000297
130	0.762314	0.089347	0.303125	0.000087
150	0.691991	0.103093	0.302369	0.000253
111	0.874201	0.076289	0.286587	0.000031
193	0.596826	0.132646	0.323909	0.000706
251	0.473689	0.172509	0.353155	0.003253
155	0.670884	0.106529	0.312971	0.000551
171	0.694255	0.117526	0.320273	0.000690
207	0.595329	0.142268	0.351364	0.001808
200	0.574824	0.137457	0.336884	0.001588
127	0.856268	0.087285	0.293524	0.000083
141	0.752280	0.096907	0.308852	0.000431
189	0.558708	0.129897	0.354273	0.003533
179	0.639885	0.123024	0.320979	0.000810
142	0.745380	0.097595	0.311230	0.000258
142	0.709320	0.097595	0.304139	0.000853
129	0.792757	0.088660	0.294058	0.000211
153	0.621259	0.105155	0.331662	0.002072
198	0.510947	0.136082	0.316649	0.002338
125	0.739742	0.085911	0.293051	0.000218
105	0.815201	0.072165	0.286756	0.000103
92	0.894171	0.063230	0.265317	0.000011
86	0.819973	0.059107	0.254861	0.000023
102	0.788196	0.070103	0.278682	0.000074
143	0.689451	0.098282	0.298829	0.000377
168	0.608854	0.115464	0.312098	0.000876
172	0.636543	0.118213	0.320696	0.000647
223	0.552741	0.153265	0.349088	0.002491
168	0.651055	0.115464	0.326160	0.000598
222	0.529045	0.152577	0.358728	0.002411
154	0.668279	0.105842	0.337196	0.000525
145	0.678544	0.099656	0.336572	0.000617
128	0.742372	0.087973	0.332040	0.002451
81	0.893519	0.055670	0.304139	0.000024
7	0.523810	0.004811	0.170514	0.000034
7	0.761905	0.004811	0.191095	0.000057
10	0.666667	0.006873	0.194597	0.000256
18	0.529412	0.012371	0.234791	0.002199
22	0.545455	0.015120	0.239941	0.001667
37	0.418919	0.025430	0.298156	0.007107
41	0.387805	0.028179	0.298645	0.013050
47	0.582794	0.032302	0.264161	0.001729
61	0.616940	0.041924	0.260007	0.002364
88	0.682602	0.060481	0.280617	0.001256
98	0.697244	0.067354	0.303694	0.003906
113	0.680468	0.077663	0.311430	0.001651
149	0.584800	0.102405	0.349928	0.004786
139	0.624544	0.095533	0.326673	0.000569
85	0.733053	0.058419	0.304330	0.000208
133	0.701868	0.091409	0.334329	0.000247
203	0.553919	0.139519	0.376358	0.002125
212	0.556470	0.145704	0.387690	0.002667
203	0.592401	0.139519	0.375581	0.001398
220	0.558738	0.151203	0.394951	0.003647
181	0.641314	0.124399	0.358022	0.001121
166	0.652939	0.114089	0.336494	0.000726
195	0.546497	0.134021	0.346759	0.001882
146	0.598866	0.100344	0.307351	0.000454
128	0.720103	0.087973	0.301367	0.000147
149	0.565754	0.102405	0.309904	0.001016
189	0.485759	0.129897	0.352898	0.003271
156	0.582878	0.107216	0.346346	0.001656
159	0.657193	0.109278	0.352300	0.000740
116	0.846477	0.079725	0.330007	0.000078
175	0.589491	0.120275	0.343728	0.002033
182	0.601724	0.125086	0.383905	0.001995
221	0.522336	0.151890	0.394630	0.004098
127	0.808024	0.087285	0.330832	0.000232
152	0.598902	0.104467	0.348754	0.002537
190	0.534614	0.130584	0.367053	0.003021
159	0.658865	0.109278	0.333639	0.000666
98	0.871870	0.067354	0.316717	0.000129
189	0.556963	0.129897	0.345032	0.001333
160	0.645440	0.109966	0.336261	0.000514
137	0.685165	0.094158	0.329037	0.000537
189	0.588990	0.129897	0.373940	0.001399
170	0.607379	0.116838	0.363024	0.001656
200	0.537035	0.137457	0.392078	0.007102
202	0.545540	0.138832	0.393989	0.002187
158	0.594292	0.108591	0.379203	0.005691
166	0.598394	0.114089	0.355485	0.001057
129	0.724806	0.088660	0.319359	0.000976
154	0.606061	0.105842	0.331435	0.000717
110	0.793995	0.075601	0.302747	0.000119
175	0.609655	0.120275	0.330082	0.000742
204	0.559548	0.140206	0.349088	0.001758
186	0.603952	0.127835	0.383601	0.001907
198	0.588371	0.136082	0.389663	0.002059
236	0.493761	0.162199	0.426686	0.005544
240	0.510600	0.164948	0.388103	0.003442
251	0.495076	0.172509	0.374807	0.002799
142	0.661872	0.097595	0.322331	0.000218
137	0.726492	0.094158	0.304075	0.000130
160	0.645755	0.109966	0.311297	0.000443
111	0.874201	0.076289	0.286587	0.000031
188	0.608488	0.129210	0.323549	0.000641
252	0.467305	0.173196	0.353241	0.003361
159	0.647082	0.109278	0.313240	0.000694
167	0.700527	0.114777	0.315071	0.000445
207	0.595329	0.142268	0.351364	0.001808
205	0.563654	0.140893	0.342514	0.002174
127	0.856268	0.087285	0.293524	0.000083
127	0.853143	0.087285	0.303378	0.000067
180	0.603973	0.123711	0.349172	0.001940
179	0.639885	0.123024	0.320979	0.000810
138	0.754364	0.094845	0.310168	0.000219
136	0.723420	0.093471	0.301805	0.000437
143	0.739289	0.098282	0.305929	0.000446
159	0.618024	0.109278	0.327187	0.001589
138	0.687824	0.094845	0.309970	0.000630
169	0.571217	0.116151	0.326746	0.001665
135	0.670647	0.092784	0.292521	0.000399
92	0.867654	0.063230	0.265221	0.000018
95	0.867861	0.065292	0.269944	0.000018
142	0.674558	0.097595	0.284235	0.000208
159	0.611018	0.109278	0.300310	0.000665
168	0.610707	0.115464	0.312232	0.000898
170	0.641838	0.116838	0.320273	0.000614
225	0.549563	0.154639	0.355572	0.002652
181	0.614058	0.124399	0.334945	0.001248
222	0.529045	0.152577	0.358728	0.002411
157	0.662420	0.107904	0.338687	0.000552
155	0.623377	0.106529	0.337352	0.000893
114	0.813849	0.078351	0.325503	0.000138
80	0.886076	0.054983	0.308393	0.000306
7	0.619048	0.004811	0.145631	0.000007
6	0.600000	0.004124	0.150434	0.000025
6	0.600000	0.004124	0.150310	0.000041
13	0.551282	0.008935	0.174126	0.000375
21	0.557143	0.014433	0.176556	0.001844
22	0.675325	0.015120	0.205683	0.000447
30	0.609195	0.020619	0.210017	0.000964
37	0.496997	0.025430	0.224468	0.004047
57	0.613409	0.039175	0.244291	0.001624
88	0.678422	0.060481	0.278416	0.002707
82	0.748269	0.056357	0.277990	0.000509
120	0.646919	0.082474	0.312701	0.002423
103	0.698458	0.070790	0.311630	0.001246
144	0.648601	0.098969	0.332040	0.000892
122	0.694350	0.083849	0.313645	0.000500
159	0.679803	0.109278	0.336572	0.000400
192	0.571062	0.131959	0.375290	0.001505
216	0.548923	0.148454	0.391445	0.003774
217	0.564175	0.149141	0.376943	0.002163
222	0.555501	0.152577	0.396242	0.003993
175	0.656946	0.120275	0.357494	0.000989
164	0.657414	0.112715	0.336338	0.000692
193	0.550194	0.132646	0.346594	0.001802
146	0.597638	0.100344	0.307351	0.000456
128	0.720103	0.087973	0.301367	0.000147
139	0.589198	0.095533	0.309574	0.000588
187	0.493474	0.128522	0.355746	0.002768
158	0.575828	0.108591	0.346511	0.002029
164	0.638336	0.112715	0.366222	0.002185
126	0.799873	0.086598	0.331058	0.000126
175	0.589491	0.120275	0.343728	0.002033
186	0.591630	0.127835	0.384311	0.002308
223	0.518523	0.153265	0.394844	0.004178
127	0.808024	0.087285	0.330832	0.000232
154	0.588150	0.105842	0.349005	0.002980
190	0.534614	0.130584	0.367053	0.003021
159	0.658865	0.109278	0.333639	0.000666
99	0.866625	0.068041	0.316786	0.000137
191	0.553100	0.131271	0.345196	0.001400
130	0.721646	0.089347	0.330457	0.000204
173	0.604248	0.118900	0.341469	0.001596
180	0.602173	0.123711	0.372886	0.001195
178	0.599632	0.122337	0.365670	0.002224
201	0.540647	0.138144	0.386044	0.006159
192	0.557373	0.131959	0.392925	0.002545
151	0.620839	0.103780	0.378217	0.004210
162	0.609309	0.111340	0.354619	0.000884
129	0.716328	0.088660	0.319429	0.001481
143	0.635083	0.098282	0.318172	0.000439
98	0.865348	0.067354	0.300744	0.000051
177	0.604456	0.121649	0.337196	0.000818
203	0.561771	0.139519	0.349005	0.001685
190	0.597215	0.130584	0.378906	0.001904
196	0.592151	0.134708	0.389350	0.001958
239	0.489575	0.164261	0.426937	0.005775
244	0.505836	0.167698	0.388518	0.003541
253	0.492565	0.173883	0.372790	0.002733
152	0.627309	0.104467	0.323046	0.000305
133	0.743677	0.091409	0.303378	0.000102
158	0.653874	0.108591	0.303631	0.000401
111	0.874201	0.076289	0.286587	0.000031
193	0.596826	0.132646	0.323909	0.000706
251	0.472669	0.172509	0.353155	0.003253
151	0.694834	0.103780	0.312634	0.000460
174	0.680819	0.119588	0.321405	0.000731
207	0.595329	0.142268	0.351364	0.001808
188	0.609796	0.129210	0.335950	0.000931
127	0.856268	0.087285	0.293524	0.000083
141	0.752280	0.096907	0.308852	0.000431
193	0.550896	0.132646	0.354619	0.004175
182	0.630684	0.125086	0.321192	0.000844
137	0.758909	0.094158	0.310168	0.000207
145	0.696648	0.099656	0.302369	0.000582
144	0.733489	0.098969	0.307092	0.000602
159	0.618024	0.109278	0.327187	0.001589
144	0.636364	0.098969	0.314459	0.001099
173	0.564928	0.118900	0.309377	0.001086
121	0.688017	0.083162	0.291116	0.000323
96	0.854605	0.065979	0.272523	0.000023
110	0.828023	0.075601	0.273342	0.000038
124	0.731052	0.085223	0.282415	0.000141
153	0.632525	0.105155	0.299938	0.000479
170	0.606265	0.116838	0.312366	0.000916
169	0.644407	0.116151	0.320273	0.000579
223	0.552741	0.153265	0.349088	0.002491
166	0.646440	0.114089	0.333792	0.000836
222	0.529045	0.152577	0.358728	0.002411
162	0.644122	0.111340	0.339082	0.000742
157	0.616446	0.107904	0.337509	0.001024
112	0.825129	0.076976	0.325358	0.000117
48	0.972518	0.032990	0.287891	0.000001
6	0.733333	0.004124	0.164985	0.000016
4	1.000000	0.002749	0.153400	0.000000
9	0.500000	0.006186	0.167665	0.000162
6	0.666667	0.004124	0.165003	0.000013
13	0.474359	0.008935	0.180925	0.001384
15	0.466667	0.010309	0.196941	0.002782
22	0.463203	0.015120	0.218995	0.002781
31	0.505376	0.021306	0.241014	0.005414
80	0.727532	0.054983	0.273702	0.007006
88	0.678422	0.060481	0.278416	0.002707
91	0.715507	0.062543	0.303315	0.002393
114	0.674585	0.078351	0.311763	0.002409
139	0.619643	0.095533	0.345934	0.004037
167	0.604502	0.114777	0.333792	0.000945
137	0.673680	0.094158	0.314731	0.000650
162	0.675715	0.111340	0.336806	0.000421
195	0.566693	0.134021	0.375581	0.001637
210	0.561814	0.144330	0.390814	0.002752
218	0.562804	0.149828	0.380790	0.002578
222	0.555501	0.152577	0.396242	0.003993
186	0.628945	0.127835	0.358463	0.001257
170	0.644205	0.116838	0.336806	0.000799
193	0.550194	0.132646	0.346594	0.001802
146	0.599811	0.100344	0.307351	0.000460
128	0.720103	0.087973	0.301367	0.000147
141	0.584397	0.096907	0.309706	0.000643
194	0.482880	0.133333	0.355051	0.002675
155	0.586091	0.106529	0.344705	0.001838
163	0.642051	0.112027	0.365762	0.001824
124	0.809074	0.085223	0.330907	0.000116
174	0.592585	0.119588	0.343647	0.001958
188	0.584765	0.129210	0.389976	0.004052
222	0.520729	0.152577	0.394737	0.004134
127	0.808024	0.087285	0.330832	0.000232
150	0.609664	0.103093	0.348503	0.002253
191	0.533591	0.131271	0.367146	0.003066
159	0.658865	0.109278	0.333639	0.000666
99	0.866625	0.068041	0.316786	0.000137
190	0.555054	0.130584	0.345114	0.001364
161	0.642935	0.110653	0.342192	0.000528
143	0.671033	0.098282	0.329484	0.000567
190	0.586466	0.130584	0.376650	0.001743
173	0.606264	0.118900	0.363296	0.001694
194	0.553336	0.133333	0.391339	0.005149
200	0.549146	0.137457	0.393775	0.002082
157	0.604116	0.107904	0.376066	0.002894
170	0.587330	0.116838	0.356094	0.001296
129	0.724806	0.088660	0.319359	0.000976
155	0.604106	0.106529	0.331511	0.000743
115	0.773608	0.079038	0.306187	0.000149
176	0.606494	0.120962	0.331511	0.000803
203	0.560650	0.139519	0.349005	0.001733
188	0.597850	0.129210	0.383905	0.002461
198	0.588371	0.136082	0.389663	0.002059
240	0.487238	0.164948	0.434718	0.007315
241	0.511065	0.165636	0.388207	0.003269
253	0.494134	0.173883	0.375000	0.002832
141	0.662411	0.096907	0.322259	0.000216
134	0.740882	0.092096	0.303885	0.000113
159	0.648754	0.109278	0.303694	0.000434
111	0.874201	0.076289	0.286587	0.000031
189	0.606045	0.129897	0.323621	0.000657
247	0.479938	0.169759	0.352813	0.003166
157	0.658827	0.107904	0.313105	0.000609
159	0.712682	0.109278	0.306962	0.000298
207	0.595329	0.142268	0.351364	0.001808
194	0.592169	0.133333	0.336416	0.001134
127	0.856268	0.087285	0.293524	0.000083
127	0.853143	0.087285	0.303378	0.000067
180	0.610863	0.123711	0.336728	0.001285
182	0.630684	0.125086	0.321192	0.000844
142	0.747578	0.097595	0.310433	0.000249
140	0.724974	0.096220	0.302055	0.000379
142	0.744281	0.097595	0.291817	0.000306
158	0.623317	0.108591	0.327113	0.001528
148	0.620610	0.101718	0.314731	0.001292
191	0.509121	0.131271	0.335950	0.010040
132	0.664585	0.090722	0.292345	0.000397
91	0.873504	0.062543	0.265172	0.000017
91	0.891331	0.062543	0.269744	0.000013
142	0.674558	0.097595	0.284235	0.000208
160	0.606053	0.109966	0.300620	0.000788
172	0.599619	0.118213	0.312366	0.000976
173	0.633620	0.118900	0.321121	0.000680
237	0.527748	0.162887	0.357846	0.004710
174	0.639027	0.119588	0.326599	0.000704
223	0.527694	0.153265	0.358816	0.002467
154	0.669298	0.105842	0.338451	0.000515
144	0.688131	0.098969	0.336494	0.000571
128	0.748770	0.087973	0.340989	0.000481
79	0.893216	0.054296	0.294893	0.000022
2	1.000000	0.001375	0.142187	0.000000
4	0.666667	0.002749	0.144704	0.000017
8	0.535714	0.005498	0.165718	0.001604
5	0.700000	0.003436	0.162806	0.000004
7	0.714286	0.004811	0.165718	0.000016
8	0.642857	0.005498	0.193150	0.001280
10	0.711111	0.006873	0.197235	0.000470
16	0.583333	0.010997	0.200027	0.000110
50	0.560816	0.034364	0.244867	0.010220
43	0.722038	0.029553	0.245280	0.001269
95	0.715118	0.065292	0.306445	0.007649
110	0.683236	0.075601	0.311097	0.002948
146	0.630137	0.100344	0.348586	0.004912
166	0.604965	0.114089	0.334945	0.001015
107	0.715394	0.073540	0.312634	0.000365
159	0.679803	0.109278	0.336572	0.000400
195	0.566164	0.134021	0.375581	0.001637
220	0.538315	0.151203	0.391866	0.003770
206	0.579114	0.141581	0.376845	0.002643
218	0.560605	0.149828	0.393989	0.003604
176	0.654351	0.120962	0.357582	0.001010
175	0.633300	0.120275	0.337196	0.000900
199	0.522461	0.136770	0.352727	0.003673
147	0.582704	0.101031	0.307416	0.000577
126	0.723429	0.086598	0.301242	0.000143
116	0.629985	0.079725	0.293347	0.000428
186	0.494798	0.127835	0.345688	0.002042
157	0.576025	0.107904	0.341790	0.001634
159	0.657193	0.109278	0.352300	0.000740
122	0.818182	0.083849	0.330532	0.000105
175	0.589491	0.120275	0.343728	0.002033
191	0.577570	0.131271	0.390919	0.003659
222	0.520729	0.152577	0.394737	0.004134
127	0.808024	0.087285	0.330832	0.000232
154	0.588150	0.105842	0.349005	0.002980
187	0.540509	0.128522	0.366776	0.002827
159	0.658865	0.109278	0.333639	0.000666
100	0.860404	0.068729	0.316855	0.000146
192	0.550447	0.131959	0.351789	0.002246
162	0.640288	0.111340	0.342272	0.000543
139	0.681994	0.095533	0.329186	0.000528
191	0.584183	0.131271	0.374132	0.001454
193	0.585276	0.132646	0.374325	0.002371
201	0.537214	0.138144	0.392183	0.006872
179	0.598958	0.123024	0.387690	0.001189
146	0.637034	0.100344	0.369102	0.005857
159	0.617944	0.109278	0.351874	0.000783
129	0.724806	0.088660	0.319359	0.000976
149	0.617540	0.102405	0.319640	0.000560
115	0.767353	0.079038	0.307156	0.000166
187	0.582025	0.128522	0.339874	0.001058
204	0.559645	0.140206	0.349088	0.001746
179	0.616157	0.123024	0.377236	0.001491
208	0.557832	0.142955	0.391339	0.005223
205	0.547298	0.140893	0.422106	0.003703
245	0.504282	0.168385	0.388622	0.003473
258	0.489277	0.177320	0.376455	0.003259
148	0.643685	0.101718	0.322760	0.000272
134	0.739423	0.092096	0.303441	0.000114
157	0.659072	0.107904	0.303568	0.000379
111	0.874201	0.076289	0.286587	0.000031
190	0.603732	0.130584	0.323693	0.000667
249	0.476810	0.171134	0.352984	0.003208
152	0.688916	0.104467	0.312769	0.000480
164	0.704923	0.112715	0.314867	0.000384
207	0.595329	0.142268	0.351364	0.001808
191	0.601212	0.131271	0.332344	0.000935
127	0.856268	0.087285	0.293524	0.000083
130	0.828980	0.089347	0.308132	0.000138
189	0.583193	0.129897	0.348837	0.002023
188	0.612698	0.129210	0.321618	0.000919
141	0.749443	0.096907	0.310433	0.000234
149	0.678124	0.102405	0.307156	0.000793
149	0.705242	0.102405	0.307871	0.001794
160	0.614308	0.109966	0.332192	0.001706
146	0.631743	0.100344	0.314595	0.001147
173	0.564928	0.118900	0.309377	0.001086
126	0.693079	0.086598	0.291466	0.000321
101	0.823168	0.069416	0.275255	0.000038
96	0.867325	0.065979	0.272013	0.000019
110	0.793161	0.075601	0.279646	0.000077
142	0.695035	0.097595	0.298768	0.000463
163	0.613648	0.112027	0.311763	0.000885
175	0.628046	0.120275	0.321263	0.000753
228	0.544092	0.156701	0.356181	0.002971
178	0.619691	0.122337	0.334714	0.001190
222	0.529045	0.152577	0.358728	0.002411
161	0.646273	0.110653	0.337744	0.000729
143	0.650842	0.098282	0.335176	0.000687
112	0.825129	0.076976	0.325358	0.000117
66	0.916550	0.045361	0.307481	0.000239
