tdegree	cluster_coefficient	degrees_centrality	closenesses_centrality	betweennesses
6	0.533333	0.050000	0.201342	0.023152
5	0.900000	0.041667	0.173160	0.000114
6	0.800000	0.050000	0.174165	0.000307
6	0.800000	0.050000	0.182927	0.001260
9	0.583333	0.075000	0.197694	0.009135
9	0.583333	0.075000	0.186047	0.005009
8	0.642857	0.066667	0.184615	0.002873
11	0.400000	0.091667	0.220183	0.039132
9	0.555556	0.075000	0.216216	0.015999
8	0.642857	0.066667	0.209790	0.010045
8	0.571429	0.066667	0.210526	0.007154
10	0.422222	0.083333	0.246407	0.056858
7	0.666667	0.058333	0.237154	0.019670
6	0.733333	0.050000	0.232108	0.010640
5	0.700000	0.041667	0.229446	0.001617
9	0.361111	0.075000	0.272109	0.111789
5	0.500000	0.041667	0.234834	0.002316
5	0.400000	0.041667	0.247423	0.008030
6	0.533333	0.050000	0.262582	0.004380
7	0.571429	0.058333	0.257511	0.005772
9	0.500000	0.075000	0.275229	0.049118
9	0.527778	0.075000	0.262582	0.022748
11	0.436364	0.091667	0.270880	0.082213
7	0.666667	0.058333	0.225989	0.002440
8	0.642857	0.066667	0.235294	0.013021
11	0.436364	0.091667	0.248447	0.036752
12	0.484848	0.100000	0.232108	0.022323
8	0.642857	0.066667	0.206186	0.002002
6	0.800000	0.050000	0.203390	0.000837
8	0.500000	0.066667	0.210896	0.008725
6	0.733333	0.050000	0.196721	0.000491
9	0.472222	0.075000	0.205479	0.008318
7	0.666667	0.058333	0.198675	0.001299
9	0.555556	0.075000	0.229008	0.009389
6	0.800000	0.050000	0.209059	0.000586
8	0.642857	0.066667	0.216216	0.003252
13	0.397436	0.108333	0.241449	0.044029
10	0.466667	0.083333	0.248963	0.051308
8	0.642857	0.066667	0.216216	0.003121
12	0.363636	0.100000	0.233010	0.049958
8	0.642857	0.066667	0.235756	0.009590
8	0.642857	0.066667	0.232108	0.005765
9	0.527778	0.075000	0.230769	0.033382
10	0.533333	0.083333	0.243408	0.030112
11	0.472727	0.091667	0.263158	0.066109
6	0.800000	0.050000	0.227704	0.001299
6	0.800000	0.050000	0.227704	0.001998
8	0.642857	0.066667	0.260304	0.017750
8	0.642857	0.066667	0.264317	0.016748
10	0.555556	0.083333	0.273973	0.022344
10	0.555556	0.083333	0.297030	0.055798
10	0.511111	0.083333	0.297767	0.042692
10	0.400000	0.083333	0.317460	0.281427
6	0.666667	0.050000	0.285714	0.065639
5	0.900000	0.041667	0.268456	0.001697
8	0.464286	0.066667	0.278422	0.061215
11	0.490909	0.091667	0.302267	0.089786
11	0.472727	0.091667	0.298507	0.036433
14	0.351648	0.116667	0.318302	0.182865
11	0.400000	0.091667	0.281690	0.050245
10	0.511111	0.083333	0.271493	0.041993
6	0.800000	0.050000	0.241935	0.003114
9	0.500000	0.075000	0.277136	0.046762
9	0.583333	0.075000	0.278422	0.079039
8	0.642857	0.066667	0.246914	0.026215
8	0.642857	0.066667	0.240000	0.015954
8	0.642857	0.066667	0.256410	0.052281
8	0.642857	0.066667	0.256410	0.046220
8	0.642857	0.066667	0.234834	0.019099
8	0.642857	0.066667	0.227704	0.019358
9	0.555556	0.075000	0.246407	0.076667
8	0.642857	0.066667	0.226415	0.016595
8	0.642857	0.066667	0.209790	0.008727
11	0.563636	0.091667	0.218978	0.025229
10	0.622222	0.083333	0.217786	0.011853
8	0.714286	0.066667	0.209059	0.003188
6	0.866667	0.050000	0.187207	0.000185
7	0.857143	0.058333	0.195759	0.001870
7	0.857143	0.058333	0.195759	0.001870
10	0.511111	0.083333	0.210896	0.016622
13	0.346154	0.108333	0.236686	0.101783
9	0.500000	0.075000	0.216216	0.011661
10	0.444444	0.083333	0.241449	0.049358
7	0.666667	0.058333	0.203390	0.001521
8	0.642857	0.066667	0.211268	0.009516
10	0.511111	0.083333	0.239044	0.037628
12	0.484848	0.100000	0.227273	0.022174
8	0.642857	0.066667	0.197044	0.002119
6	0.800000	0.050000	0.196078	0.001021
6	0.800000	0.050000	0.196399	0.000892
6	0.733333	0.050000	0.187500	0.000287
8	0.571429	0.066667	0.214669	0.014181
7	0.666667	0.058333	0.214286	0.005427
9	0.555556	0.075000	0.226843	0.008758
6	0.800000	0.050000	0.242424	0.005854
8	0.642857	0.066667	0.247934	0.021042
12	0.439394	0.100000	0.264901	0.099786
9	0.555556	0.075000	0.261438	0.026522
10	0.466667	0.083333	0.289855	0.128948
9	0.555556	0.075000	0.289157	0.075574
8	0.642857	0.066667	0.256959	0.009622
8	0.642857	0.066667	0.252632	0.005385
9	0.555556	0.075000	0.286396	0.136286
10	0.533333	0.083333	0.248963	0.036468
12	0.439394	0.100000	0.261438	0.097053
6	0.800000	0.050000	0.240964	0.003546
6	0.800000	0.050000	0.240000	0.007917
9	0.583333	0.075000	0.213144	0.009130
9	0.611111	0.075000	0.213144	0.011542
11	0.545455	0.091667	0.225141	0.019436
10	0.577778	0.083333	0.223881	0.009686
9	0.583333	0.075000	0.225141	0.019603
7	0.714286	0.058333	0.198675	0.000581
4	1.000000	0.033333	0.196399	0.000000
7	0.571429	0.058333	0.206186	0.006663
9	0.583333	0.075000	0.208333	0.007257
12	0.454545	0.100000	0.237624	0.046585
10	0.511111	0.083333	0.210158	0.018313
7	0.714286	0.058333	0.196721	0.002904
7	0.761905	0.058333	0.196078	0.001738
5	0.900000	0.041667	0.185759	0.000040
