tdegree	cluster_coefficient	degrees_centrality	closenesses_centrality	betweennesses
5	0.400000	0.023364	0.195612	0.001500
7	0.571429	0.032710	0.195255	0.003665
7	0.428571	0.032710	0.215075	0.010107
8	0.607143	0.037383	0.210216	0.007528
12	0.393939	0.056075	0.242356	0.040935
13	0.435897	0.060748	0.231102	0.017197
12	0.469697	0.056075	0.236203	0.023653
11	0.454545	0.051402	0.229614	0.017719
11	0.454545	0.051402	0.229368	0.019412
11	0.490909	0.051402	0.220391	0.016574
11	0.490909	0.051402	0.219487	0.016428
12	0.424242	0.056075	0.224084	0.051977
10	0.444444	0.046729	0.197235	0.012289
8	0.535714	0.037383	0.191242	0.007588
4	0.833333	0.018692	0.169707	0.000048
9	0.527778	0.042056	0.174837	0.002256
7	0.666667	0.032710	0.177446	0.002420
7	0.666667	0.032710	0.189885	0.004324
11	0.472727	0.051402	0.200375	0.023200
9	0.583333	0.042056	0.187884	0.005184
9	0.555556	0.042056	0.198885	0.013237
10	0.555556	0.046729	0.217259	0.020383
8	0.642857	0.037383	0.216819	0.011436
6	0.800000	0.028037	0.209804	0.003671
10	0.488889	0.046729	0.221762	0.028521
11	0.418182	0.051402	0.250879	0.064624
10	0.422222	0.046729	0.235424	0.052535
9	0.555556	0.042056	0.215509	0.006486
10	0.533333	0.046729	0.217039	0.007382
10	0.488889	0.046729	0.235165	0.025679
8	0.642857	0.037383	0.212302	0.013873
7	0.714286	0.032710	0.207969	0.003150
7	0.666667	0.032710	0.208984	0.006159
9	0.444444	0.042056	0.227418	0.031377
8	0.500000	0.037383	0.201887	0.012292
9	0.444444	0.042056	0.200000	0.009445
11	0.363636	0.051402	0.207767	0.015561
8	0.535714	0.037383	0.200187	0.007662
6	0.800000	0.028037	0.188879	0.000713
10	0.511111	0.046729	0.196330	0.004751
10	0.511111	0.046729	0.213573	0.020301
6	0.800000	0.028037	0.186736	0.000550
6	0.800000	0.028037	0.181049	0.000076
6	0.800000	0.028037	0.184007	0.000253
7	0.619048	0.032710	0.213786	0.006918
9	0.500000	0.042056	0.221303	0.009017
8	0.428571	0.037383	0.254762	0.040721
9	0.472222	0.042056	0.255675	0.028280
14	0.373626	0.065421	0.295172	0.107442
11	0.490909	0.051402	0.289973	0.046117
11	0.472727	0.051402	0.290366	0.107379
9	0.500000	0.042056	0.253555	0.027498
8	0.535714	0.037383	0.241263	0.027665
4	0.500000	0.018692	0.204394	0.007251
7	0.428571	0.032710	0.200939	0.015424
4	0.666667	0.018692	0.175123	0.000311
4	0.833333	0.018692	0.169036	0.000015
5	0.600000	0.023364	0.176277	0.001702
5	0.600000	0.023364	0.180896	0.001377
8	0.428571	0.037383	0.192793	0.008504
9	0.472222	0.042056	0.217039	0.012870
10	0.555556	0.046729	0.223849	0.007761
12	0.484848	0.056075	0.253254	0.070951
12	0.469697	0.056075	0.254157	0.027952
11	0.490909	0.051402	0.265180	0.026151
11	0.490909	0.051402	0.258142	0.025493
13	0.410256	0.060748	0.258767	0.046623
11	0.418182	0.051402	0.242906	0.025669
9	0.472222	0.042056	0.225501	0.012635
8	0.500000	0.037383	0.226695	0.016585
8	0.428571	0.037383	0.221992	0.022669
7	0.523810	0.032710	0.198700	0.011126
6	0.600000	0.028037	0.194900	0.007727
4	0.833333	0.018692	0.176860	0.000502
7	0.428571	0.032710	0.183376	0.009818
6	0.466667	0.028037	0.179380	0.007605
5	0.600000	0.023364	0.175842	0.003635
4	0.833333	0.018692	0.169707	0.000047
7	0.476190	0.032710	0.173842	0.002017
11	0.363636	0.051402	0.197782	0.028524
8	0.607143	0.037383	0.192793	0.003819
8	0.535714	0.037383	0.194545	0.006824
7	0.571429	0.032710	0.194722	0.001767
7	0.571429	0.032710	0.198148	0.004407
5	0.600000	0.023364	0.196872	0.000967
10	0.400000	0.046729	0.208374	0.012999
7	0.666667	0.032710	0.205177	0.002462
8	0.642857	0.037383	0.212091	0.005210
8	0.607143	0.037383	0.215509	0.012644
8	0.571429	0.037383	0.208171	0.010980
7	0.571429	0.032710	0.199441	0.013139
5	0.600000	0.023364	0.192619	0.005948
11	0.345455	0.051402	0.210837	0.029358
9	0.583333	0.042056	0.190053	0.004850
8	0.714286	0.037383	0.186249	0.000412
7	0.714286	0.032710	0.184165	0.000560
8	0.571429	0.037383	0.192446	0.006281
9	0.527778	0.042056	0.197417	0.005039
10	0.511111	0.046729	0.203422	0.007713
10	0.533333	0.046729	0.217039	0.008676
12	0.454545	0.056075	0.233370	0.025466
11	0.454545	0.051402	0.248548	0.025893
11	0.454545	0.051402	0.263547	0.027477
12	0.439394	0.056075	0.286479	0.088102
12	0.454545	0.056075	0.275064	0.027613
14	0.395604	0.065421	0.271229	0.085328
12	0.303030	0.056075	0.249417	0.091941
8	0.607143	0.037383	0.226695	0.034187
8	0.642857	0.037383	0.206564	0.022488
8	0.607143	0.037383	0.187391	0.013481
9	0.555556	0.042056	0.173139	0.016094
5	0.800000	0.023364	0.158636	0.000502
4	1.000000	0.018692	0.147994	0.000000
5	0.800000	0.023364	0.148097	0.000026
7	0.666667	0.032710	0.162367	0.002254
6	0.733333	0.028037	0.163110	0.001684
8	0.642857	0.037383	0.192101	0.015100
8	0.642857	0.037383	0.193141	0.008857
10	0.422222	0.046729	0.233115	0.044759
9	0.444444	0.042056	0.206763	0.010180
5	0.600000	0.023364	0.197417	0.004595
6	0.733333	0.028037	0.178631	0.000361
6	0.733333	0.028037	0.181664	0.000573
6	0.800000	0.028037	0.179832	0.000257
9	0.555556	0.042056	0.187884	0.003498
10	0.511111	0.046729	0.211045	0.019144
8	0.642857	0.037383	0.191242	0.005345
8	0.642857	0.037383	0.191413	0.003276
9	0.555556	0.042056	0.221992	0.017412
9	0.555556	0.042056	0.222917	0.028808
10	0.511111	0.046729	0.217480	0.024517
8	0.642857	0.037383	0.209189	0.002425
9	0.500000	0.042056	0.238307	0.033516
11	0.545455	0.051402	0.221992	0.019494
10	0.600000	0.046729	0.212724	0.004262
7	0.761905	0.032710	0.208780	0.000767
9	0.555556	0.042056	0.223849	0.009327
13	0.474359	0.060748	0.226216	0.021898
13	0.474359	0.060748	0.216819	0.013923
11	0.509091	0.051402	0.208171	0.017717
12	0.409091	0.056075	0.198332	0.026056
9	0.527778	0.042056	0.189885	0.007228
7	0.666667	0.032710	0.175123	0.006599
7	0.666667	0.032710	0.169304	0.002643
4	0.833333	0.018692	0.149546	0.000011
4	0.833333	0.018692	0.161388	0.000288
6	0.733333	0.028037	0.163484	0.001583
8	0.535714	0.037383	0.191585	0.014294
10	0.444444	0.046729	0.194016	0.019966
8	0.535714	0.037383	0.215075	0.022300
7	0.666667	0.032710	0.213360	0.007133
9	0.583333	0.042056	0.218814	0.010507
7	0.666667	0.032710	0.213360	0.002330
6	0.733333	0.028037	0.215292	0.000585
9	0.555556	0.042056	0.228877	0.010484
7	0.666667	0.032710	0.226935	0.002357
8	0.642857	0.037383	0.228388	0.008188
8	0.607143	0.037383	0.234649	0.013939
8	0.607143	0.037383	0.212091	0.010804
10	0.422222	0.046729	0.229860	0.033820
9	0.527778	0.042056	0.203229	0.020869
9	0.500000	0.042056	0.206763	0.045931
8	0.535714	0.037383	0.178482	0.011273
6	0.600000	0.028037	0.172859	0.012523
4	0.833333	0.018692	0.152097	0.000126
4	0.666667	0.018692	0.147994	0.000037
7	0.571429	0.032710	0.154960	0.000547
4	0.666667	0.018692	0.154624	0.000289
5	0.700000	0.023364	0.159821	0.000308
9	0.500000	0.042056	0.181973	0.016974
7	0.666667	0.032710	0.188380	0.007110
8	0.642857	0.037383	0.200562	0.009808
8	0.607143	0.037383	0.209804	0.020722
8	0.607143	0.037383	0.217923	0.017062
10	0.422222	0.046729	0.237251	0.039669
11	0.472727	0.051402	0.240991	0.027039
12	0.454545	0.056075	0.263872	0.031332
12	0.439394	0.056075	0.254762	0.024515
12	0.469697	0.056075	0.250000	0.018955
11	0.490909	0.051402	0.248837	0.039909
11	0.490909	0.051402	0.230852	0.015143
10	0.488889	0.046729	0.221992	0.015625
12	0.424242	0.056075	0.210423	0.017743
12	0.454545	0.056075	0.211881	0.016383
12	0.469697	0.056075	0.195434	0.009325
15	0.447619	0.070093	0.212724	0.023922
11	0.563636	0.051402	0.207565	0.006299
10	0.600000	0.046729	0.203229	0.002481
12	0.500000	0.056075	0.210010	0.007443
7	0.619048	0.032710	0.199813	0.001224
9	0.611111	0.042056	0.214644	0.002548
14	0.439560	0.065421	0.234649	0.038884
10	0.444444	0.046729	0.233624	0.022531
8	0.642857	0.037383	0.232104	0.006506
11	0.454545	0.051402	0.252061	0.044909
10	0.444444	0.046729	0.265180	0.049528
8	0.464286	0.037383	0.253555	0.039573
7	0.523810	0.032710	0.248548	0.021631
11	0.418182	0.051402	0.280840	0.039264
10	0.355556	0.046729	0.273308	0.048256
9	0.555556	0.042056	0.260024	0.021667
8	0.714286	0.037383	0.259080	0.001855
10	0.533333	0.046729	0.264198	0.020891
10	0.577778	0.046729	0.277562	0.015026
8	0.571429	0.037383	0.267500	0.039514
8	0.571429	0.037383	0.260658	0.024024
12	0.454545	0.056075	0.285333	0.074268
15	0.419048	0.070093	0.297222	0.083346
15	0.438095	0.070093	0.292750	0.049832
13	0.397436	0.060748	0.296399	0.095872
10	0.466667	0.046729	0.266169	0.023598
8	0.535714	0.037383	0.255370	0.017666
8	0.607143	0.037383	0.223382	0.008369
6	0.733333	0.028037	0.214214	0.001955
5	0.800000	0.023364	0.192101	0.000190
