tdegree	cluster_coefficient	degrees_centrality	closenesses_centrality	betweennesses
4	1.000000	0.028777	0.202329	0.000000
5	0.900000	0.035971	0.203216	0.000043
6	0.800000	0.043165	0.210606	0.000487
9	0.611111	0.064748	0.234797	0.006666
10	0.533333	0.071942	0.244288	0.015986
9	0.583333	0.064748	0.238832	0.014605
11	0.472727	0.079137	0.261770	0.026142
12	0.454545	0.086331	0.277445	0.072299
9	0.555556	0.064748	0.271484	0.026171
12	0.545455	0.086331	0.283096	0.033845
14	0.439560	0.100719	0.306167	0.052949
9	0.611111	0.064748	0.303493	0.041294
13	0.448718	0.093525	0.307522	0.094399
13	0.487179	0.093525	0.314480	0.074962
9	0.500000	0.064748	0.334135	0.130523
11	0.418182	0.079137	0.308889	0.084138
9	0.555556	0.064748	0.293249	0.029462
9	0.527778	0.064748	0.308204	0.074245
9	0.555556	0.064748	0.289583	0.020018
9	0.555556	0.064748	0.269903	0.013849
9	0.527778	0.064748	0.260788	0.018748
12	0.409091	0.086331	0.275248	0.045917
10	0.488889	0.071942	0.254113	0.011699
6	0.800000	0.043165	0.233221	0.000513
6	0.800000	0.043165	0.232831	0.000656
6	0.800000	0.043165	0.229752	0.000588
9	0.500000	0.064748	0.253650	0.015509
12	0.409091	0.086331	0.263258	0.037277
9	0.527778	0.064748	0.244288	0.013201
6	0.800000	0.043165	0.221691	0.000727
6	0.800000	0.043165	0.220285	0.000633
9	0.555556	0.064748	0.264762	0.039033
10	0.488889	0.071942	0.246454	0.022059
8	0.642857	0.057554	0.238014	0.006404
8	0.642857	0.057554	0.241319	0.009156
11	0.418182	0.079137	0.271484	0.049888
8	0.642857	0.057554	0.228243	0.010843
8	0.642857	0.057554	0.223833	0.005275
9	0.555556	0.064748	0.258845	0.021032
9	0.555556	0.064748	0.258845	0.024756
8	0.642857	0.057554	0.225649	0.008106
8	0.642857	0.057554	0.221338	0.005389
10	0.466667	0.071942	0.257407	0.054313
9	0.555556	0.064748	0.224556	0.010576
8	0.642857	0.057554	0.214176	0.006037
8	0.642857	0.057554	0.209970	0.005466
11	0.490909	0.079137	0.212864	0.014319
8	0.642857	0.057554	0.197443	0.001772
6	0.800000	0.043165	0.180990	0.000245
6	0.800000	0.043165	0.190672	0.000473
6	0.733333	0.043165	0.190150	0.000974
7	0.571429	0.050360	0.223833	0.022132
7	0.571429	0.050360	0.223833	0.007470
10	0.422222	0.071942	0.251812	0.027298
6	0.800000	0.043165	0.227124	0.000602
7	0.714286	0.050360	0.228618	0.001407
13	0.435897	0.093525	0.273084	0.054650
13	0.500000	0.093525	0.276342	0.025350
9	0.611111	0.064748	0.260788	0.005683
10	0.577778	0.071942	0.253188	0.005547
14	0.483516	0.100719	0.293869	0.034860
10	0.600000	0.071942	0.279678	0.016782
8	0.642857	0.057554	0.254579	0.004527
9	0.611111	0.064748	0.259813	0.008707
11	0.418182	0.079137	0.292632	0.070965
8	0.642857	0.057554	0.244718	0.006629
7	0.714286	0.050360	0.231281	0.001350
8	0.500000	0.057554	0.245583	0.013804
5	0.900000	0.035971	0.228995	0.000557
4	1.000000	0.028777	0.209023	0.000000
4	1.000000	0.028777	0.202329	0.000000
5	0.900000	0.035971	0.203216	0.000043
6	0.800000	0.043165	0.210606	0.000487
9	0.611111	0.064748	0.234797	0.006666
10	0.533333	0.071942	0.244288	0.015986
9	0.583333	0.064748	0.238832	0.014605
11	0.472727	0.079137	0.261770	0.026142
12	0.454545	0.086331	0.277445	0.072299
9	0.555556	0.064748	0.271484	0.026171
12	0.545455	0.086331	0.283096	0.033845
14	0.439560	0.100719	0.306167	0.052949
9	0.611111	0.064748	0.303493	0.041294
13	0.448718	0.093525	0.307522	0.094399
13	0.487179	0.093525	0.314480	0.074962
9	0.500000	0.064748	0.334135	0.130523
11	0.418182	0.079137	0.308889	0.084138
9	0.555556	0.064748	0.293249	0.029462
9	0.527778	0.064748	0.308204	0.074245
9	0.555556	0.064748	0.289583	0.020018
9	0.555556	0.064748	0.269903	0.013849
9	0.527778	0.064748	0.260788	0.018748
12	0.409091	0.086331	0.275248	0.045917
10	0.488889	0.071942	0.254113	0.011699
6	0.800000	0.043165	0.233221	0.000513
6	0.800000	0.043165	0.232831	0.000656
6	0.800000	0.043165	0.229752	0.000588
9	0.500000	0.064748	0.253650	0.015509
12	0.409091	0.086331	0.263258	0.037277
9	0.527778	0.064748	0.244288	0.013201
6	0.800000	0.043165	0.221691	0.000727
6	0.800000	0.043165	0.220285	0.000633
9	0.555556	0.064748	0.264762	0.039033
10	0.488889	0.071942	0.246454	0.022059
8	0.642857	0.057554	0.238014	0.006404
8	0.642857	0.057554	0.241319	0.009156
11	0.418182	0.079137	0.271484	0.049888
8	0.642857	0.057554	0.228243	0.010843
8	0.642857	0.057554	0.223833	0.005275
9	0.555556	0.064748	0.258845	0.021032
9	0.555556	0.064748	0.258845	0.024756
8	0.642857	0.057554	0.225649	0.008106
8	0.642857	0.057554	0.221338	0.005389
10	0.466667	0.071942	0.257407	0.054313
9	0.555556	0.064748	0.224556	0.010576
8	0.642857	0.057554	0.214176	0.006037
8	0.642857	0.057554	0.209970	0.005466
11	0.490909	0.079137	0.212864	0.014319
8	0.642857	0.057554	0.197443	0.001772
6	0.800000	0.043165	0.180990	0.000245
6	0.800000	0.043165	0.190672	0.000473
6	0.733333	0.043165	0.190150	0.000974
7	0.571429	0.050360	0.223833	0.022132
7	0.571429	0.050360	0.223833	0.007470
10	0.422222	0.071942	0.251812	0.027298
6	0.800000	0.043165	0.227124	0.000602
7	0.714286	0.050360	0.228618	0.001407
13	0.435897	0.093525	0.273084	0.054650
13	0.500000	0.093525	0.276342	0.025350
9	0.611111	0.064748	0.260788	0.005683
10	0.577778	0.071942	0.253188	0.005547
14	0.483516	0.100719	0.293869	0.034860
10	0.600000	0.071942	0.279678	0.016782
8	0.642857	0.057554	0.254579	0.004527
9	0.611111	0.064748	0.259813	0.008707
11	0.418182	0.079137	0.292632	0.070965
8	0.642857	0.057554	0.244718	0.006629
7	0.714286	0.050360	0.231281	0.001350
8	0.500000	0.057554	0.245583	0.013804
5	0.900000	0.035971	0.228995	0.000557
4	1.000000	0.028777	0.209023	0.000000
