tdegree	cluster_coefficient	degrees_centrality	closenesses_centrality	betweennesses
5	0.400000	0.012531	0.102623	0.033395
6	0.533333	0.015038	0.096075	0.016373
5	0.800000	0.012531	0.094237	0.003744
4	1.000000	0.010025	0.087924	0.000000
8	0.500000	0.020050	0.094483	0.016431
11	0.454545	0.027569	0.088294	0.013607
8	0.678571	0.020050	0.086834	0.002345
5	1.000000	0.012531	0.081213	0.000000
5	1.000000	0.012531	0.081213	0.000000
6	0.866667	0.015038	0.081246	0.000010
7	0.761905	0.017544	0.083965	0.000214
7	0.619048	0.017544	0.086815	0.000997
8	0.464286	0.020050	0.091304	0.005254
4	0.666667	0.010025	0.090930	0.000423
4	0.666667	0.010025	0.091179	0.000176
6	0.466667	0.015038	0.099551	0.015453
6	0.600000	0.015038	0.099601	0.002952
8	0.428571	0.020050	0.109525	0.028748
7	0.619048	0.017544	0.101295	0.001135
8	0.607143	0.020050	0.101398	0.002122
10	0.555556	0.025063	0.105000	0.001898
12	0.393939	0.030075	0.109585	0.024909
6	0.800000	0.015038	0.099106	0.000015
7	0.761905	0.017544	0.104642	0.000618
6	0.866667	0.015038	0.104532	0.000418
9	0.444444	0.022556	0.105472	0.016733
9	0.527778	0.022556	0.113481	0.014472
6	0.800000	0.015038	0.112807	0.003459
8	0.571429	0.020050	0.113095	0.020801
10	0.511111	0.025063	0.113320	0.025200
13	0.410256	0.032581	0.124844	0.037513
13	0.435897	0.032581	0.123491	0.044462
9	0.638889	0.022556	0.117181	0.000706
7	0.714286	0.017544	0.116394	0.000259
6	0.800000	0.015038	0.110833	0.000020
10	0.577778	0.025063	0.112807	0.000707
14	0.439560	0.035088	0.124260	0.018881
8	0.642857	0.020050	0.111577	0.000333
8	0.642857	0.020050	0.111577	0.000369
11	0.436364	0.027569	0.119748	0.034163
9	0.555556	0.022556	0.118750	0.008946
8	0.642857	0.020050	0.108512	0.000401
8	0.571429	0.020050	0.109285	0.001672
8	0.464286	0.020050	0.116906	0.016081
6	0.666667	0.015038	0.108189	0.002954
6	0.600000	0.015038	0.105976	0.000960
4	0.500000	0.010025	0.099032	0.000157
7	0.428571	0.017544	0.106856	0.002919
6	0.666667	0.015038	0.099204	0.000450
6	0.800000	0.015038	0.099254	0.000079
6	0.800000	0.015038	0.099130	0.000038
10	0.466667	0.025063	0.108512	0.005876
9	0.583333	0.022556	0.108424	0.006414
8	0.642857	0.020050	0.108130	0.003260
9	0.555556	0.022556	0.109435	0.004200
11	0.490909	0.027569	0.119354	0.037988
11	0.490909	0.027569	0.119283	0.014972
9	0.666667	0.022556	0.117526	0.002542
9	0.638889	0.022556	0.117908	0.002292
11	0.545455	0.027569	0.127721	0.007838
13	0.410256	0.032581	0.130392	0.034822
9	0.555556	0.022556	0.119820	0.003096
9	0.638889	0.022556	0.119176	0.000481
8	0.500000	0.020050	0.126506	0.004818
6	0.800000	0.015038	0.121129	0.000184
9	0.527778	0.022556	0.123529	0.003153
12	0.469697	0.030075	0.130179	0.007058
8	0.642857	0.020050	0.133579	0.006029
8	0.642857	0.020050	0.133267	0.003853
12	0.454545	0.030075	0.136177	0.028607
12	0.500000	0.030075	0.142145	0.009625
13	0.423077	0.032581	0.146691	0.097993
10	0.600000	0.025063	0.134073	0.017229
7	0.714286	0.017544	0.133400	0.016694
10	0.488889	0.025063	0.128751	0.008499
13	0.474359	0.032581	0.135945	0.041863
15	0.409524	0.037594	0.142806	0.047390
7	0.666667	0.017544	0.129714	0.000533
11	0.400000	0.027569	0.132119	0.054413
14	0.373626	0.035088	0.140493	0.036564
10	0.466667	0.025063	0.140148	0.034822
9	0.500000	0.022556	0.128668	0.020555
12	0.424242	0.030075	0.130264	0.027085
10	0.444444	0.025063	0.140394	0.031326
9	0.527778	0.022556	0.135163	0.009864
8	0.642857	0.020050	0.127232	0.001929
10	0.422222	0.025063	0.127926	0.011133
11	0.363636	0.027569	0.135025	0.031783
6	0.733333	0.015038	0.122243	0.000298
7	0.619048	0.017544	0.121832	0.001993
6	0.600000	0.015038	0.119425	0.002705
5	0.700000	0.012531	0.110099	0.000033
5	0.700000	0.012531	0.109917	0.000024
6	0.666667	0.015038	0.111204	0.000222
11	0.418182	0.027569	0.123148	0.009097
7	0.666667	0.017544	0.116022	0.000772
7	0.714286	0.017544	0.116191	0.000341
10	0.422222	0.025063	0.122318	0.005394
9	0.527778	0.022556	0.128876	0.006435
8	0.642857	0.020050	0.128049	0.003678
8	0.642857	0.020050	0.128337	0.002207
9	0.500000	0.022556	0.135346	0.020737
11	0.418182	0.027569	0.141339	0.029742
8	0.642857	0.020050	0.131466	0.000898
9	0.500000	0.022556	0.134661	0.007064
10	0.488889	0.025063	0.145887	0.016598
9	0.527778	0.022556	0.139804	0.003821
6	0.800000	0.015038	0.133624	0.000302
8	0.571429	0.020050	0.141741	0.004636
10	0.422222	0.025063	0.148548	0.009265
9	0.416667	0.022556	0.153462	0.011222
7	0.714286	0.017544	0.147232	0.000837
12	0.424242	0.030075	0.154054	0.023247
12	0.439394	0.030075	0.161604	0.043808
11	0.490909	0.027569	0.161277	0.019912
11	0.545455	0.027569	0.156226	0.053482
9	0.583333	0.022556	0.155193	0.053322
11	0.527273	0.027569	0.145674	0.028796
12	0.515152	0.030075	0.150851	0.034799
14	0.450549	0.035088	0.158522	0.047156
9	0.583333	0.022556	0.148438	0.008296
12	0.439394	0.030075	0.151136	0.060604
11	0.472727	0.027569	0.158145	0.017280
10	0.488889	0.025063	0.160628	0.044656
9	0.527778	0.022556	0.150396	0.023259
10	0.444444	0.025063	0.150965	0.036291
12	0.348485	0.030075	0.158459	0.057443
7	0.619048	0.017544	0.155132	0.012444
8	0.428571	0.020050	0.144933	0.022522
9	0.444444	0.022556	0.144513	0.021858
6	0.666667	0.015038	0.140246	0.000584
7	0.619048	0.017544	0.150282	0.013304
6	0.800000	0.015038	0.137397	0.000039
9	0.555556	0.022556	0.142145	0.002874
11	0.454545	0.027569	0.148992	0.015054
10	0.488889	0.025063	0.151022	0.009557
9	0.555556	0.022556	0.146583	0.010293
12	0.378788	0.030075	0.152232	0.030013
10	0.400000	0.025063	0.158020	0.043943
7	0.666667	0.017544	0.146530	0.002724
8	0.464286	0.020050	0.147668	0.004367
9	0.361111	0.022556	0.154352	0.015624
7	0.523810	0.017544	0.147668	0.002458
6	0.733333	0.015038	0.143370	0.000528
6	0.800000	0.015038	0.149662	0.001030
6	0.800000	0.015038	0.149494	0.000405
9	0.527778	0.022556	0.156840	0.009131
10	0.511111	0.025063	0.158208	0.016279
10	0.466667	0.025063	0.167718	0.034312
8	0.642857	0.020050	0.158648	0.000819
11	0.454545	0.027569	0.166736	0.045748
13	0.423077	0.032581	0.174388	0.071607
12	0.454545	0.030075	0.169355	0.039141
10	0.555556	0.025063	0.165081	0.023921
6	0.733333	0.015038	0.162924	0.007315
9	0.527778	0.022556	0.162857	0.035811
14	0.406593	0.035088	0.167296	0.104739
14	0.417582	0.035088	0.172802	0.091863
7	0.666667	0.017544	0.160177	0.000553
11	0.418182	0.027569	0.167015	0.046975
10	0.511111	0.025063	0.172952	0.029904
10	0.488889	0.025063	0.170878	0.027230
10	0.488889	0.025063	0.167155	0.052808
10	0.444444	0.025063	0.166597	0.028198
12	0.333333	0.030075	0.173478	0.109545
6	0.800000	0.015038	0.157645	0.000155
8	0.464286	0.020050	0.163257	0.028127
10	0.377778	0.025063	0.160887	0.026309
6	0.666667	0.015038	0.149382	0.002485
8	0.500000	0.020050	0.157396	0.026787
5	0.900000	0.012531	0.143474	0.000039
9	0.472222	0.022556	0.149775	0.011265
11	0.381818	0.027569	0.162857	0.047142
9	0.444444	0.022556	0.152523	0.010019
6	0.800000	0.015038	0.151423	0.000936
7	0.714286	0.017544	0.153226	0.001840
10	0.488889	0.025063	0.163793	0.037443
10	0.488889	0.025063	0.153108	0.005821
8	0.642857	0.020050	0.153757	0.001587
8	0.642857	0.020050	0.155556	0.002172
12	0.424242	0.030075	0.165149	0.023699
9	0.555556	0.022556	0.155434	0.003089
7	0.666667	0.017544	0.155313	0.002540
6	0.800000	0.015038	0.147559	0.000051
11	0.454545	0.027569	0.162658	0.019416
10	0.533333	0.025063	0.162327	0.005404
8	0.642857	0.020050	0.161408	0.002207
8	0.642857	0.020050	0.160952	0.001524
12	0.439394	0.030075	0.175231	0.051404
12	0.424242	0.030075	0.174312	0.047827
11	0.509091	0.027569	0.170367	0.074574
10	0.600000	0.025063	0.169355	0.021987
8	0.642857	0.020050	0.168425	0.020995
11	0.509091	0.027569	0.171098	0.043784
13	0.487179	0.032581	0.176237	0.089070
14	0.417582	0.035088	0.175539	0.099019
8	0.642857	0.020050	0.163391	0.000728
12	0.424242	0.030075	0.175077	0.064267
9	0.555556	0.022556	0.168142	0.005164
9	0.527778	0.022556	0.175694	0.057185
10	0.488889	0.025063	0.174312	0.024754
9	0.555556	0.022556	0.172952	0.021826
9	0.555556	0.022556	0.166250	0.007622
7	0.714286	0.017544	0.164333	0.001649
7	0.666667	0.017544	0.169643	0.061868
10	0.400000	0.025063	0.161538	0.016077
9	0.361111	0.022556	0.169139	0.073835
7	0.476190	0.017544	0.149438	0.013768
7	0.571429	0.017544	0.147614	0.012842
5	0.900000	0.012531	0.130563	0.000036
5	0.800000	0.012531	0.129294	0.000660
7	0.619048	0.017544	0.130948	0.003488
7	0.619048	0.017544	0.130948	0.003488
5	0.600000	0.012531	0.118257	0.000763
7	0.476190	0.017544	0.125511	0.002664
6	0.666667	0.015038	0.120726	0.000881
6	0.800000	0.015038	0.121721	0.000067
6	0.800000	0.015038	0.122883	0.000099
8	0.642857	0.020050	0.136177	0.005237
9	0.583333	0.022556	0.136364	0.006831
8	0.642857	0.020050	0.137302	0.003246
8	0.642857	0.020050	0.139267	0.002960
10	0.466667	0.025063	0.156287	0.031144
9	0.583333	0.022556	0.147178	0.005266
8	0.642857	0.020050	0.147614	0.003419
11	0.418182	0.027569	0.154591	0.011345
11	0.436364	0.027569	0.160177	0.018576
8	0.642857	0.020050	0.151653	0.004688
10	0.488889	0.025063	0.156348	0.007736
11	0.472727	0.027569	0.164536	0.032126
9	0.500000	0.022556	0.160952	0.038134
8	0.642857	0.020050	0.153403	0.002595
11	0.436364	0.027569	0.159345	0.014002
9	0.555556	0.022556	0.162393	0.026354
9	0.472222	0.022556	0.155616	0.015584
6	0.800000	0.015038	0.149438	0.000486
8	0.535714	0.020050	0.155556	0.004705
10	0.400000	0.025063	0.162724	0.036349
7	0.619048	0.017544	0.157957	0.008103
7	0.714286	0.017544	0.155738	0.001349
11	0.454545	0.027569	0.170004	0.040779
12	0.469697	0.030075	0.165012	0.021320
10	0.511111	0.025063	0.157957	0.023598
10	0.533333	0.025063	0.165286	0.070129
6	0.733333	0.015038	0.156716	0.001577
10	0.466667	0.025063	0.169068	0.053535
12	0.439394	0.030075	0.168710	0.028174
14	0.428571	0.035088	0.167296	0.082600
7	0.666667	0.017544	0.160241	0.000823
9	0.472222	0.022556	0.173252	0.125607
11	0.472727	0.027569	0.164740	0.016383
11	0.454545	0.027569	0.165423	0.082368
8	0.642857	0.020050	0.158585	0.004155
10	0.488889	0.025063	0.161277	0.010342
13	0.371795	0.032581	0.162724	0.060738
8	0.500000	0.020050	0.152874	0.007982
8	0.571429	0.020050	0.152698	0.004837
5	0.700000	0.012531	0.149887	0.001483
7	0.476190	0.017544	0.156348	0.020312
10	0.466667	0.025063	0.165354	0.058725
9	0.527778	0.022556	0.154114	0.012525
6	0.800000	0.015038	0.150680	0.002763
10	0.466667	0.025063	0.160887	0.039092
10	0.533333	0.025063	0.157334	0.009993
9	0.500000	0.022556	0.150965	0.040029
9	0.527778	0.022556	0.147887	0.004258
11	0.454545	0.027569	0.155313	0.020365
10	0.511111	0.025063	0.150000	0.006415
8	0.714286	0.020050	0.142551	0.001034
7	0.809524	0.017544	0.141189	0.000472
9	0.500000	0.022556	0.153698	0.029240
10	0.488889	0.025063	0.145408	0.016504
9	0.472222	0.022556	0.144199	0.013565
5	0.600000	0.012531	0.131814	0.003884
8	0.500000	0.020050	0.141741	0.012151
10	0.422222	0.025063	0.137586	0.013164
9	0.472222	0.022556	0.136457	0.027551
7	0.714286	0.017544	0.137776	0.000701
10	0.555556	0.025063	0.144304	0.011032
13	0.461538	0.032581	0.147723	0.039999
11	0.490909	0.027569	0.138015	0.005125
10	0.533333	0.025063	0.148052	0.029019
6	0.733333	0.015038	0.146745	0.007051
11	0.472727	0.027569	0.160952	0.063393
12	0.454545	0.030075	0.156655	0.056935
14	0.439560	0.035088	0.152815	0.053635
8	0.607143	0.020050	0.154831	0.006254
12	0.439394	0.030075	0.159856	0.057072
13	0.371795	0.032581	0.150452	0.024687
10	0.466667	0.025063	0.150851	0.051529
11	0.472727	0.027569	0.159409	0.085032
10	0.444444	0.025063	0.155374	0.030319
10	0.377778	0.025063	0.148107	0.038920
7	0.571429	0.017544	0.146745	0.060814
8	0.500000	0.020050	0.151884	0.025521
9	0.388889	0.022556	0.143991	0.054183
6	0.666667	0.015038	0.136457	0.007487
8	0.428571	0.020050	0.129967	0.043537
6	0.800000	0.015038	0.125000	0.000152
8	0.642857	0.020050	0.130222	0.001927
10	0.511111	0.025063	0.136224	0.011895
8	0.642857	0.020050	0.123990	0.002201
8	0.642857	0.020050	0.123683	0.000751
10	0.422222	0.025063	0.136504	0.021081
9	0.500000	0.022556	0.126667	0.019457
8	0.642857	0.020050	0.123683	0.001715
9	0.500000	0.022556	0.124377	0.004720
11	0.381818	0.027569	0.127517	0.016402
8	0.571429	0.020050	0.116837	0.002630
6	0.666667	0.015038	0.113967	0.000997
8	0.535714	0.020050	0.114754	0.002816
6	0.533333	0.015038	0.111671	0.002761
8	0.500000	0.020050	0.111421	0.008035
4	0.666667	0.010025	0.100758	0.000032
4	0.666667	0.010025	0.100428	0.000026
8	0.464286	0.020050	0.100732	0.000206
4	0.666667	0.010025	0.100428	0.000027
5	0.700000	0.012531	0.108189	0.000990
8	0.607143	0.020050	0.111421	0.005538
8	0.642857	0.020050	0.111421	0.001422
10	0.511111	0.025063	0.111640	0.001865
13	0.384615	0.032581	0.124688	0.034171
8	0.535714	0.020050	0.122921	0.002756
9	0.611111	0.022556	0.120763	0.003591
11	0.490909	0.027569	0.120872	0.009762
14	0.395604	0.035088	0.135392	0.035745
9	0.611111	0.022556	0.127476	0.002635
8	0.678571	0.020050	0.125314	0.000902
9	0.611111	0.022556	0.126146	0.001759
5	0.900000	0.012531	0.124883	0.000012
11	0.472727	0.027569	0.139267	0.032262
13	0.487179	0.032581	0.139657	0.016733
12	0.454545	0.030075	0.130563	0.050103
7	0.714286	0.017544	0.129168	0.000393
13	0.410256	0.032581	0.144252	0.047008
10	0.533333	0.025063	0.131336	0.007786
9	0.527778	0.022556	0.131121	0.021214
9	0.527778	0.022556	0.137824	0.041750
9	0.500000	0.022556	0.136504	0.023732
11	0.400000	0.027569	0.127030	0.044928
9	0.500000	0.022556	0.125630	0.015845
9	0.500000	0.022556	0.134661	0.060816
12	0.439394	0.030075	0.124106	0.016639
10	0.444444	0.025063	0.122694	0.018564
10	0.533333	0.025063	0.121019	0.009331
13	0.397436	0.032581	0.121093	0.019155
9	0.527778	0.022556	0.111733	0.001028
6	0.800000	0.015038	0.110039	0.000112
7	0.714286	0.017544	0.109076	0.000084
6	0.800000	0.015038	0.108927	0.000059
6	0.733333	0.015038	0.108987	0.000104
7	0.523810	0.017544	0.111235	0.001326
8	0.500000	0.020050	0.111453	0.001329
9	0.527778	0.022556	0.107663	0.001137
8	0.464286	0.020050	0.117181	0.017860
4	1.000000	0.010025	0.105667	0.000000
5	0.900000	0.012531	0.105695	0.000003
6	0.733333	0.015038	0.106999	0.000154
7	0.666667	0.017544	0.107547	0.000410
9	0.388889	0.022556	0.119390	0.019328
10	0.444444	0.025063	0.112585	0.002626
6	0.800000	0.015038	0.109615	0.000350
7	0.714286	0.017544	0.110957	0.000943
11	0.490909	0.027569	0.115351	0.004639
10	0.533333	0.025063	0.113127	0.002475
8	0.642857	0.020050	0.107634	0.000579
10	0.466667	0.025063	0.117009	0.017031
11	0.454545	0.027569	0.115786	0.011380
8	0.642857	0.020050	0.107867	0.001498
8	0.642857	0.020050	0.107692	0.001885
9	0.527778	0.022556	0.115351	0.026144
9	0.500000	0.022556	0.105194	0.004175
8	0.642857	0.020050	0.104615	0.002715
8	0.642857	0.020050	0.104396	0.003415
10	0.466667	0.025063	0.104945	0.006077
7	0.714286	0.017544	0.095960	0.000246
6	0.800000	0.015038	0.095523	0.000055
8	0.571429	0.020050	0.099204	0.001034
9	0.472222	0.022556	0.099576	0.001357
6	0.800000	0.015038	0.097890	0.000030
6	0.800000	0.015038	0.097890	0.000030
11	0.454545	0.027569	0.107809	0.018055
9	0.583333	0.022556	0.098446	0.000237
7	0.666667	0.017544	0.098276	0.000082
7	0.809524	0.017544	0.106742	0.001575
7	0.714286	0.017544	0.106571	0.001607
8	0.535714	0.020050	0.118363	0.044381
10	0.577778	0.025063	0.108189	0.003658
10	0.555556	0.025063	0.108247	0.002075
8	0.642857	0.020050	0.108277	0.000700
10	0.422222	0.025063	0.118821	0.022561
10	0.422222	0.025063	0.107780	0.002854
8	0.642857	0.020050	0.107200	0.000615
9	0.500000	0.022556	0.113417	0.010474
9	0.500000	0.022556	0.108159	0.002753
7	0.714286	0.017544	0.102968	0.000223
7	0.666667	0.017544	0.102756	0.000383
7	0.523810	0.017544	0.110557	0.009843
5	0.800000	0.012531	0.100910	0.000075
3	1.000000	0.007519	0.099750	0.000000
