tdegree	cluster_coefficient	degrees_centrality	closenesses_centrality	betweennesses
3	0.666667	0.006048	0.081821	0.000006
7	0.523810	0.014113	0.085635	0.001094
7	0.571429	0.014113	0.085591	0.001146
10	0.466667	0.020161	0.092624	0.004398
6	0.800000	0.012097	0.088937	0.000362
8	0.642857	0.016129	0.089080	0.000935
11	0.418182	0.022177	0.092971	0.006608
11	0.454545	0.022177	0.096837	0.010603
9	0.611111	0.018145	0.093146	0.001086
9	0.638889	0.018145	0.093373	0.000953
10	0.577778	0.020161	0.096856	0.003361
10	0.555556	0.020161	0.101494	0.011968
7	0.857143	0.014113	0.092936	0.000050
7	0.857143	0.014113	0.092936	0.000050
8	0.571429	0.016129	0.096105	0.000886
10	0.333333	0.020161	0.101494	0.014030
4	0.500000	0.008065	0.099618	0.001043
5	0.500000	0.010081	0.108987	0.008422
6	0.533333	0.012097	0.108558	0.002831
10	0.533333	0.020161	0.119923	0.037470
11	0.490909	0.022177	0.120359	0.071228
10	0.422222	0.020161	0.114576	0.008521
7	0.571429	0.014113	0.110912	0.034647
11	0.400000	0.022177	0.110813	0.033871
11	0.454545	0.022177	0.115295	0.044276
9	0.555556	0.018145	0.109686	0.005991
11	0.436364	0.022177	0.105667	0.020375
9	0.555556	0.018145	0.105353	0.015040
11	0.400000	0.022177	0.109929	0.040096
8	0.642857	0.016129	0.100711	0.002884
12	0.424242	0.024194	0.100936	0.023578
9	0.555556	0.018145	0.100547	0.007077
9	0.555556	0.018145	0.100568	0.007000
12	0.439394	0.024194	0.096648	0.007781
10	0.555556	0.020161	0.092555	0.001297
6	0.800000	0.012097	0.092108	0.000228
7	0.666667	0.014113	0.095716	0.002155
6	0.800000	0.012097	0.088398	0.000024
8	0.571429	0.016129	0.088793	0.000292
12	0.363636	0.024194	0.093006	0.008807
8	0.500000	0.016129	0.088778	0.002318
7	0.714286	0.014113	0.088793	0.000147
11	0.418182	0.022177	0.093041	0.010111
9	0.500000	0.018145	0.089145	0.001930
8	0.642857	0.016129	0.088241	0.000330
9	0.555556	0.018145	0.092313	0.003139
11	0.454545	0.022177	0.095716	0.009343
8	0.642857	0.016129	0.088146	0.000644
8	0.642857	0.016129	0.087788	0.000585
10	0.555556	0.020161	0.091311	0.002350
11	0.509091	0.022177	0.091530	0.005777
7	0.761905	0.014113	0.084311	0.000045
6	0.866667	0.012097	0.084039	0.000008
6	0.800000	0.012097	0.087819	0.000252
9	0.583333	0.018145	0.091143	0.003409
7	0.666667	0.014113	0.095624	0.004335
9	0.472222	0.018145	0.099459	0.010409
8	0.464286	0.016129	0.104796	0.031007
8	0.642857	0.016129	0.099061	0.002633
12	0.454545	0.024194	0.099638	0.013642
9	0.555556	0.018145	0.104070	0.015142
8	0.642857	0.016129	0.103853	0.006325
8	0.642857	0.016129	0.099839	0.003185
11	0.436364	0.022177	0.100466	0.014605
11	0.490909	0.022177	0.105802	0.041972
9	0.583333	0.018145	0.100364	0.001028
7	0.666667	0.014113	0.096592	0.000161
9	0.527778	0.018145	0.097160	0.007759
5	0.800000	0.010081	0.096348	0.000031
8	0.392857	0.016129	0.100405	0.010574
10	0.555556	0.020161	0.105442	0.006790
11	0.527273	0.022177	0.105465	0.008316
7	0.761905	0.014113	0.104399	0.000063
9	0.583333	0.018145	0.105196	0.008660
8	0.535714	0.016129	0.110838	0.008560
11	0.436364	0.022177	0.115161	0.013824
7	0.523810	0.014113	0.109347	0.008483
8	0.642857	0.016129	0.108297	0.001442
8	0.642857	0.016129	0.107850	0.001424
7	0.666667	0.014113	0.101848	0.000377
10	0.466667	0.020161	0.106006	0.007107
7	0.571429	0.014113	0.104996	0.002966
6	0.666667	0.012097	0.104641	0.001865
6	0.666667	0.012097	0.106255	0.004239
4	0.833333	0.008065	0.105847	0.000693
7	0.523810	0.014113	0.107990	0.010121
7	0.428571	0.014113	0.117619	0.015681
8	0.535714	0.016129	0.119778	0.021361
9	0.444444	0.018145	0.125601	0.260545
8	0.607143	0.016129	0.118462	0.003605
12	0.409091	0.024194	0.123938	0.079297
7	0.523810	0.014113	0.121301	0.044761
4	1.000000	0.008065	0.114921	0.000000
8	0.535714	0.016129	0.116268	0.002521
10	0.488889	0.020161	0.121957	0.094098
8	0.642857	0.016129	0.116954	0.003259
7	0.619048	0.014113	0.122924	0.104072
9	0.444444	0.018145	0.119894	0.032866
6	0.400000	0.012097	0.125697	0.247803
4	0.833333	0.008065	0.114470	0.000027
5	0.600000	0.010081	0.114975	0.008786
10	0.422222	0.020161	0.120652	0.098188
11	0.527273	0.022177	0.114023	0.006825
14	0.439560	0.028226	0.115645	0.071912
11	0.509091	0.022177	0.108915	0.005208
6	0.866667	0.012097	0.113423	0.000932
8	0.607143	0.016129	0.108844	0.000609
13	0.423077	0.026210	0.119346	0.021854
12	0.348485	0.024194	0.114656	0.027088
11	0.454545	0.022177	0.113971	0.014151
13	0.423077	0.026210	0.118859	0.017660
11	0.509091	0.022177	0.108014	0.003983
12	0.469697	0.024194	0.107081	0.003735
11	0.454545	0.022177	0.106006	0.006853
7	0.619048	0.014113	0.100344	0.000724
4	1.000000	0.008065	0.096348	0.000000
6	0.800000	0.012097	0.101681	0.000744
7	0.666667	0.014113	0.105622	0.002117
10	0.511111	0.020161	0.112702	0.014584
11	0.490909	0.022177	0.117452	0.010136
12	0.469697	0.024194	0.118802	0.009387
13	0.397436	0.026210	0.118888	0.030115
9	0.555556	0.018145	0.112650	0.001066
7	0.571429	0.014113	0.113010	0.001463
3	0.666667	0.006048	0.097580	0.000178
7	0.476190	0.014113	0.101932	0.001271
6	0.666667	0.012097	0.096894	0.000593
10	0.444444	0.020161	0.101723	0.003520
6	0.800000	0.012097	0.097465	0.000064
8	0.642857	0.016129	0.097638	0.000240
11	0.418182	0.022177	0.106943	0.010157
11	0.436364	0.022177	0.102352	0.004046
8	0.642857	0.016129	0.101121	0.000336
9	0.611111	0.018145	0.106096	0.001446
10	0.533333	0.020161	0.107127	0.001968
9	0.555556	0.018145	0.110888	0.008251
7	0.809524	0.014113	0.105532	0.000379
8	0.642857	0.016129	0.111712	0.005191
8	0.642857	0.016129	0.111712	0.005191
9	0.444444	0.018145	0.116105	0.014348
5	0.500000	0.010081	0.108867	0.001982
5	0.500000	0.010081	0.114550	0.011025
5	0.600000	0.010081	0.109468	0.001326
10	0.466667	0.020161	0.115888	0.010537
10	0.466667	0.020161	0.116105	0.018534
11	0.381818	0.022177	0.116788	0.029517
7	0.571429	0.014113	0.116706	0.029979
10	0.444444	0.020161	0.111687	0.011377
10	0.511111	0.020161	0.112344	0.005937
9	0.555556	0.018145	0.112243	0.005647
11	0.381818	0.022177	0.112702	0.014956
9	0.555556	0.018145	0.107012	0.002843
9	0.555556	0.018145	0.112319	0.026043
8	0.642857	0.016129	0.106897	0.001757
12	0.424242	0.024194	0.107104	0.012382
9	0.555556	0.018145	0.106483	0.004639
9	0.555556	0.018145	0.106598	0.003722
12	0.439394	0.024194	0.107546	0.010652
10	0.555556	0.020161	0.101702	0.000954
6	0.800000	0.012097	0.101080	0.000200
7	0.666667	0.014113	0.101556	0.000763
6	0.800000	0.012097	0.097427	0.000021
8	0.571429	0.016129	0.102501	0.002331
11	0.400000	0.022177	0.107012	0.007062
8	0.500000	0.016129	0.107639	0.005953
8	0.571429	0.016129	0.111586	0.003933
11	0.436364	0.022177	0.112217	0.017326
9	0.500000	0.018145	0.108179	0.012582
8	0.642857	0.016129	0.113139	0.012565
9	0.555556	0.018145	0.117871	0.012812
11	0.454545	0.022177	0.118831	0.019660
8	0.642857	0.016129	0.112984	0.005614
8	0.642857	0.016129	0.119317	0.028908
11	0.472727	0.022177	0.125032	0.138456
11	0.509091	0.022177	0.120418	0.035491
7	0.761905	0.014113	0.118689	0.001845
7	0.619048	0.014113	0.125729	0.246980
6	0.800000	0.012097	0.119002	0.003389
9	0.583333	0.018145	0.119807	0.033284
7	0.666667	0.014113	0.117563	0.009618
10	0.422222	0.020161	0.118945	0.037449
8	0.464286	0.016129	0.117230	0.029932
8	0.642857	0.016129	0.118519	0.004783
12	0.469697	0.024194	0.119202	0.015774
10	0.444444	0.020161	0.117899	0.015280
8	0.642857	0.016129	0.117064	0.001404
9	0.527778	0.018145	0.123322	0.119071
11	0.436364	0.022177	0.117230	0.008005
11	0.472727	0.022177	0.122318	0.105584
9	0.583333	0.018145	0.121212	0.023915
7	0.666667	0.014113	0.115672	0.003041
10	0.444444	0.020161	0.110566	0.006533
5	0.800000	0.010081	0.109541	0.000075
8	0.392857	0.016129	0.106187	0.003925
10	0.533333	0.020161	0.115753	0.005664
10	0.533333	0.020161	0.115429	0.003169
7	0.714286	0.014113	0.109613	0.000104
9	0.555556	0.018145	0.110542	0.004446
8	0.535714	0.016129	0.114975	0.002737
11	0.436364	0.022177	0.116459	0.013533
6	0.666667	0.012097	0.110051	0.000656
8	0.642857	0.016129	0.110222	0.004356
8	0.642857	0.016129	0.105847	0.000974
8	0.642857	0.016129	0.104796	0.001108
9	0.527778	0.018145	0.101515	0.001992
7	0.571429	0.014113	0.100731	0.001035
6	0.600000	0.012097	0.100283	0.001224
5	0.700000	0.010081	0.095679	0.000069
5	0.700000	0.010081	0.099719	0.001225
7	0.523810	0.014113	0.100202	0.003877
7	0.523810	0.014113	0.104730	0.003237
9	0.500000	0.018145	0.109978	0.010850
6	0.800000	0.012097	0.109372	0.000266
8	0.607143	0.016129	0.110075	0.001300
11	0.472727	0.022177	0.116132	0.024068
8	0.571429	0.016129	0.110640	0.004962
5	0.800000	0.010081	0.110419	0.000593
9	0.472222	0.018145	0.116514	0.006637
11	0.472727	0.022177	0.118405	0.042808
9	0.666667	0.018145	0.118067	0.011278
9	0.527778	0.018145	0.124062	0.239086
10	0.488889	0.020161	0.122198	0.026454
5	0.600000	0.010081	0.120593	0.025260
4	0.833333	0.008065	0.113971	0.000030
5	0.600000	0.010081	0.113997	0.001719
9	0.444444	0.018145	0.120858	0.045944
11	0.509091	0.022177	0.115242	0.002793
13	0.435897	0.026210	0.122077	0.086208
11	0.490909	0.022177	0.121094	0.048930
5	1.000000	0.010081	0.114523	0.000000
8	0.607143	0.016129	0.115861	0.001656
13	0.410256	0.026210	0.122378	0.071225
12	0.333333	0.024194	0.117591	0.040522
10	0.511111	0.020161	0.117175	0.006282
14	0.439560	0.028226	0.117341	0.022807
12	0.500000	0.024194	0.111411	0.005778
13	0.474359	0.026210	0.111311	0.006653
11	0.472727	0.022177	0.106187	0.007595
8	0.607143	0.016129	0.100670	0.000197
4	1.000000	0.008065	0.096573	0.000000
6	0.800000	0.012097	0.105757	0.000855
8	0.607143	0.016129	0.106552	0.003207
11	0.563636	0.022177	0.117731	0.021312
12	0.575758	0.024194	0.118547	0.014019
12	0.575758	0.024194	0.118547	0.014019
13	0.512821	0.026210	0.123230	0.082998
13	0.435897	0.026210	0.117843	0.028309
9	0.555556	0.018145	0.116898	0.008653
7	0.619048	0.014113	0.111536	0.000613
3	0.666667	0.006048	0.080927	0.000006
7	0.523810	0.014113	0.084642	0.001049
7	0.571429	0.014113	0.084598	0.001104
10	0.466667	0.020161	0.091445	0.003715
6	0.800000	0.012097	0.087850	0.000341
8	0.642857	0.016129	0.087990	0.000876
11	0.418182	0.022177	0.091767	0.005792
11	0.454545	0.022177	0.095568	0.010554
8	0.642857	0.016129	0.091971	0.000963
8	0.642857	0.016129	0.092193	0.000866
9	0.555556	0.018145	0.095568	0.002696
9	0.527778	0.018145	0.100121	0.010745
6	0.800000	0.012097	0.091767	0.000062
7	0.523810	0.014113	0.094910	0.000812
9	0.305556	0.018145	0.100303	0.011586
4	0.500000	0.008065	0.098452	0.001013
5	0.500000	0.010081	0.107616	0.007295
6	0.533333	0.012097	0.107220	0.002815
10	0.533333	0.020161	0.118321	0.034065
11	0.490909	0.022177	0.118746	0.065349
11	0.400000	0.022177	0.113216	0.009922
7	0.571429	0.014113	0.109565	0.032410
11	0.400000	0.022177	0.109444	0.031614
11	0.454545	0.022177	0.113892	0.042838
9	0.555556	0.018145	0.108392	0.007928
11	0.436364	0.022177	0.104180	0.018739
9	0.555556	0.018145	0.103896	0.014685
9	0.555556	0.018145	0.108321	0.030246
8	0.642857	0.016129	0.099339	0.002745
12	0.424242	0.024194	0.099558	0.020533
9	0.555556	0.018145	0.099200	0.006148
9	0.555556	0.018145	0.099260	0.006497
12	0.439394	0.024194	0.095495	0.008869
10	0.555556	0.020161	0.091429	0.001193
6	0.800000	0.012097	0.091009	0.000203
7	0.666667	0.014113	0.094602	0.002649
6	0.800000	0.012097	0.087432	0.000024
8	0.571429	0.016129	0.087819	0.000301
12	0.363636	0.024194	0.091869	0.008840
8	0.500000	0.016129	0.087741	0.002524
7	0.714286	0.014113	0.087757	0.000130
11	0.418182	0.022177	0.091920	0.011314
9	0.500000	0.018145	0.088084	0.001701
8	0.642857	0.016129	0.087278	0.000319
9	0.555556	0.018145	0.091311	0.003390
11	0.454545	0.022177	0.094729	0.009688
8	0.642857	0.016129	0.087186	0.000612
8	0.642857	0.016129	0.086941	0.000626
10	0.555556	0.020161	0.090395	0.002411
11	0.509091	0.022177	0.090594	0.005562
7	0.761905	0.014113	0.083445	0.000045
6	0.866667	0.012097	0.083249	0.000008
6	0.800000	0.012097	0.086957	0.000234
9	0.583333	0.018145	0.090215	0.003379
7	0.666667	0.014113	0.094602	0.004171
9	0.472222	0.018145	0.098354	0.009884
8	0.464286	0.016129	0.103571	0.028970
8	0.642857	0.016129	0.097985	0.002714
12	0.454545	0.024194	0.098550	0.013622
9	0.555556	0.018145	0.102905	0.015830
8	0.642857	0.016129	0.102692	0.006479
8	0.642857	0.016129	0.098687	0.003448
11	0.436364	0.022177	0.099299	0.015805
11	0.490909	0.022177	0.104509	0.045662
9	0.583333	0.018145	0.099220	0.001057
7	0.666667	0.014113	0.095513	0.000158
9	0.527778	0.018145	0.096068	0.008855
5	0.800000	0.010081	0.095293	0.000031
8	0.392857	0.016129	0.099299	0.013837
10	0.555556	0.020161	0.104180	0.007803
11	0.527273	0.022177	0.104202	0.009353
7	0.761905	0.014113	0.103161	0.000064
9	0.583333	0.018145	0.103983	0.010891
7	0.619048	0.014113	0.109011	0.004086
11	0.436364	0.022177	0.113709	0.019526
6	0.666667	0.012097	0.106210	0.000520
8	0.642857	0.016129	0.106392	0.001335
8	0.642857	0.016129	0.101245	0.000467
8	0.642857	0.016129	0.100303	0.000408
9	0.555556	0.018145	0.104355	0.003239
7	0.666667	0.014113	0.103918	0.001440
7	0.619048	0.014113	0.103592	0.001392
6	0.600000	0.012097	0.108558	0.007426
4	0.833333	0.008065	0.104730	0.000544
7	0.476190	0.014113	0.106759	0.008698
7	0.476190	0.014113	0.116323	0.016276
9	0.527778	0.018145	0.118236	0.019965
8	0.571429	0.016129	0.124031	0.238886
8	0.642857	0.016129	0.116954	0.003437
12	0.439394	0.024194	0.122378	0.073283
8	0.535714	0.016129	0.120564	0.040619
4	1.000000	0.008065	0.113579	0.000000
9	0.500000	0.018145	0.115942	0.003894
10	0.488889	0.020161	0.120476	0.086589
8	0.642857	0.016129	0.115483	0.004440
8	0.607143	0.016129	0.120593	0.100989
9	0.472222	0.018145	0.117675	0.022250
6	0.400000	0.012097	0.123938	0.252864
4	0.833333	0.008065	0.113010	0.000035
4	0.666667	0.008065	0.112933	0.004718
10	0.400000	0.020161	0.119088	0.121412
11	0.509091	0.022177	0.112599	0.008755
14	0.439560	0.028226	0.114154	0.083951
11	0.509091	0.022177	0.107616	0.005278
6	0.866667	0.012097	0.112014	0.000982
8	0.607143	0.016129	0.107546	0.000623
13	0.423077	0.026210	0.117815	0.025871
12	0.333333	0.024194	0.113294	0.042794
10	0.511111	0.020161	0.111762	0.003843
13	0.448718	0.026210	0.111838	0.007667
12	0.515152	0.024194	0.105983	0.003169
13	0.500000	0.026210	0.105892	0.003487
13	0.435897	0.026210	0.107967	0.012160
9	0.555556	0.018145	0.099439	0.000166
4	1.000000	0.008065	0.098043	0.000000
7	0.761905	0.014113	0.103744	0.000956
8	0.678571	0.016129	0.104509	0.001767
11	0.581818	0.022177	0.111411	0.010602
11	0.581818	0.022177	0.111411	0.010602
12	0.515152	0.024194	0.115996	0.009343
13	0.461538	0.026210	0.116596	0.007322
13	0.410256	0.026210	0.117452	0.029577
9	0.555556	0.018145	0.111386	0.001138
7	0.619048	0.014113	0.111687	0.001331
3	0.666667	0.006048	0.099260	0.000058
7	0.523810	0.014113	0.104070	0.001154
7	0.571429	0.014113	0.099658	0.000889
10	0.466667	0.020161	0.104840	0.003215
6	0.800000	0.012097	0.099819	0.000060
8	0.642857	0.016129	0.099980	0.000212
11	0.418182	0.022177	0.109759	0.008795
11	0.436364	0.022177	0.105509	0.004471
8	0.642857	0.016129	0.104180	0.000334
8	0.642857	0.016129	0.108844	0.000911
9	0.527778	0.018145	0.109953	0.001657
8	0.535714	0.016129	0.114576	0.008344
6	0.800000	0.012097	0.108250	0.000313
7	0.523810	0.014113	0.114338	0.007320
8	0.357143	0.016129	0.114868	0.014261
4	0.500000	0.008065	0.108132	0.001413
5	0.500000	0.010081	0.113918	0.008903
6	0.533333	0.012097	0.109107	0.001871
11	0.472727	0.022177	0.115537	0.007607
11	0.490909	0.022177	0.115753	0.013301
12	0.409091	0.024194	0.122681	0.081433
8	0.642857	0.016129	0.121420	0.038824
11	0.509091	0.022177	0.116377	0.011851
11	0.600000	0.022177	0.117119	0.004197
11	0.600000	0.022177	0.117119	0.004197
11	0.527273	0.022177	0.122772	0.079133
12	0.424242	0.024194	0.116569	0.011415
10	0.555556	0.020161	0.110962	0.003230
10	0.555556	0.020161	0.117092	0.029779
8	0.642857	0.016129	0.110813	0.002271
12	0.424242	0.024194	0.111036	0.014266
9	0.555556	0.018145	0.110394	0.005011
9	0.555556	0.018145	0.110517	0.005170
12	0.439394	0.024194	0.110468	0.010262
10	0.555556	0.020161	0.104840	0.001120
6	0.800000	0.012097	0.104202	0.000260
7	0.666667	0.014113	0.104708	0.000574
6	0.800000	0.012097	0.099819	0.000024
8	0.571429	0.016129	0.104730	0.002160
12	0.363636	0.024194	0.109905	0.009636
8	0.500000	0.016129	0.109710	0.005315
8	0.571429	0.016129	0.110443	0.003073
11	0.436364	0.022177	0.111061	0.015147
9	0.500000	0.018145	0.110468	0.011595
8	0.642857	0.016129	0.115942	0.011806
9	0.555556	0.018145	0.116624	0.011388
11	0.454545	0.022177	0.122228	0.039491
8	0.642857	0.016129	0.115753	0.005284
8	0.642857	0.016129	0.122228	0.033014
11	0.472727	0.022177	0.123322	0.101773
11	0.509091	0.022177	0.122833	0.052607
7	0.761905	0.014113	0.117036	0.001736
7	0.619048	0.014113	0.123907	0.252027
6	0.800000	0.012097	0.121035	0.004366
9	0.583333	0.018145	0.122198	0.051815
7	0.666667	0.014113	0.120010	0.012913
9	0.472222	0.018145	0.121778	0.046303
8	0.464286	0.016129	0.120652	0.038618
8	0.642857	0.016129	0.121360	0.011444
12	0.469697	0.024194	0.122077	0.035516
11	0.381818	0.022177	0.122228	0.082295
8	0.642857	0.016129	0.115915	0.000650
9	0.527778	0.018145	0.122198	0.069943
11	0.436364	0.022177	0.116295	0.004606
11	0.454545	0.022177	0.121539	0.052151
9	0.555556	0.018145	0.120330	0.014572
6	0.666667	0.012097	0.114576	0.001924
10	0.422222	0.020161	0.109929	0.004646
5	0.700000	0.010081	0.108820	0.000086
8	0.392857	0.016129	0.105689	0.002284
10	0.533333	0.020161	0.115161	0.004780
9	0.555556	0.018145	0.114815	0.002419
7	0.714286	0.014113	0.109227	0.000095
9	0.555556	0.018145	0.110124	0.002956
8	0.535714	0.016129	0.114656	0.002034
11	0.436364	0.022177	0.116105	0.008993
6	0.666667	0.012097	0.109783	0.000431
8	0.642857	0.016129	0.109953	0.003060
8	0.642857	0.016129	0.105825	0.001099
8	0.642857	0.016129	0.104553	0.000802
9	0.527778	0.018145	0.101411	0.001657
7	0.571429	0.014113	0.100547	0.000750
6	0.600000	0.012097	0.100101	0.000747
5	0.700000	0.010081	0.095642	0.000073
5	0.700000	0.010081	0.099498	0.001175
7	0.523810	0.014113	0.099960	0.003566
7	0.523810	0.014113	0.104752	0.004150
9	0.500000	0.018145	0.109710	0.010485
6	0.800000	0.012097	0.109107	0.000217
9	0.527778	0.018145	0.110173	0.002857
11	0.472727	0.022177	0.116159	0.014256
8	0.571429	0.016129	0.110714	0.005803
5	0.800000	0.010081	0.110492	0.000858
9	0.472222	0.018145	0.123046	0.044826
10	0.466667	0.020161	0.118264	0.015844
9	0.527778	0.018145	0.125316	0.202524
8	0.500000	0.016129	0.123814	0.056422
9	0.444444	0.018145	0.121957	0.010924
5	0.600000	0.010081	0.120359	0.007124
4	0.833333	0.008065	0.113683	0.000028
5	0.600000	0.010081	0.113761	0.000917
9	0.444444	0.018145	0.120535	0.014812
11	0.509091	0.022177	0.114921	0.002440
13	0.435897	0.026210	0.121598	0.042114
11	0.490909	0.022177	0.120623	0.029193
5	1.000000	0.010081	0.114180	0.000000
8	0.607143	0.016129	0.121360	0.007728
13	0.410256	0.026210	0.122077	0.034306
13	0.320513	0.026210	0.123537	0.084149
10	0.511111	0.020161	0.117175	0.005193
13	0.423077	0.026210	0.117313	0.016417
11	0.509091	0.022177	0.111436	0.005864
12	0.484848	0.024194	0.111336	0.006980
11	0.472727	0.022177	0.106210	0.006907
8	0.607143	0.016129	0.100690	0.000239
4	1.000000	0.008065	0.096461	0.000000
6	0.800000	0.012097	0.105779	0.000930
7	0.666667	0.014113	0.106415	0.002889
10	0.511111	0.020161	0.117759	0.017614
11	0.490909	0.022177	0.118405	0.011733
12	0.469697	0.024194	0.122955	0.023201
12	0.439394	0.024194	0.124373	0.080882
9	0.555556	0.018145	0.123537	0.048582
7	0.619048	0.014113	0.117036	0.000504
