tdegree	cluster_coefficient	degrees_centrality	closenesses_centrality	betweennesses
8	0.500000	0.108108	0.334842	0.021916
9	0.583333	0.121622	0.345794	0.020364
11	0.509091	0.148649	0.366337	0.038029
12	0.484848	0.162162	0.371859	0.039097
11	0.490909	0.148649	0.359223	0.041853
10	0.533333	0.135135	0.360976	0.040844
11	0.509091	0.148649	0.360976	0.046609
14	0.494505	0.189189	0.359223	0.041794
11	0.563636	0.148649	0.327434	0.011079
8	0.750000	0.108108	0.300813	0.002288
7	0.857143	0.094595	0.299595	0.001047
6	0.866667	0.081081	0.293651	0.000629
10	0.466667	0.135135	0.342593	0.048138
9	0.472222	0.121622	0.339450	0.037741
9	0.416667	0.121622	0.359223	0.057531
6	0.800000	0.081081	0.323144	0.004134
10	0.466667	0.135135	0.360976	0.058246
9	0.555556	0.121622	0.357488	0.046611
10	0.444444	0.135135	0.362745	0.087301
8	0.642857	0.108108	0.310924	0.012013
8	0.607143	0.108108	0.334842	0.050711
8	0.607143	0.108108	0.307054	0.025526
9	0.500000	0.121622	0.302041	0.022544
7	0.619048	0.094595	0.281369	0.017156
6	0.666667	0.081081	0.257840	0.005663
4	0.833333	0.054054	0.244224	0.000755
4	0.666667	0.054054	0.229102	0.000463
9	0.444444	0.121622	0.291339	0.047939
6	0.533333	0.081081	0.282443	0.011733
7	0.523810	0.094595	0.320346	0.020748
4	0.833333	0.054054	0.284615	0.001603
9	0.416667	0.121622	0.321739	0.075048
10	0.422222	0.135135	0.371859	0.094893
8	0.642857	0.108108	0.349057	0.019214
6	0.733333	0.081081	0.323144	0.002633
9	0.527778	0.121622	0.370000	0.034579
8	0.535714	0.108108	0.355769	0.018057
11	0.454545	0.148649	0.349057	0.040638
8	0.678571	0.108108	0.307054	0.002877
7	0.761905	0.094595	0.294821	0.001074
10	0.622222	0.135135	0.324561	0.008746
11	0.545455	0.148649	0.344186	0.020070
13	0.461538	0.175676	0.373737	0.057495
12	0.454545	0.162162	0.368159	0.044503
12	0.454545	0.162162	0.387435	0.080639
11	0.490909	0.148649	0.370000	0.036530
12	0.439394	0.162162	0.368159	0.086566
10	0.511111	0.135135	0.344186	0.040923
5	0.800000	0.067568	0.296000	0.005597
7	0.666667	0.094595	0.300813	0.006503
8	0.571429	0.108108	0.307054	0.024890
9	0.527778	0.121622	0.323144	0.038310
7	0.666667	0.094595	0.280303	0.006748
7	0.714286	0.094595	0.291339	0.008810
8	0.642857	0.108108	0.292490	0.016080
10	0.466667	0.135135	0.325991	0.048018
7	0.714286	0.094595	0.277154	0.004093
8	0.607143	0.108108	0.297189	0.021385
8	0.571429	0.108108	0.324561	0.022437
9	0.472222	0.121622	0.331839	0.029256
7	0.523810	0.094595	0.304527	0.013362
7	0.523810	0.094595	0.312236	0.044400
7	0.619048	0.094595	0.297189	0.009068
9	0.416667	0.121622	0.334842	0.091474
6	0.533333	0.081081	0.316239	0.018370
5	0.900000	0.067568	0.281369	0.000311
6	0.666667	0.081081	0.308333	0.010992
8	0.464286	0.108108	0.318966	0.029981
9	0.388889	0.121622	0.345794	0.059640
7	0.523810	0.094595	0.334842	0.019029
11	0.418182	0.148649	0.354067	0.071749
8	0.535714	0.108108	0.334842	0.020265
8	0.535714	0.108108	0.324561	0.021537
7	0.619048	0.094595	0.321739	0.012892
2	1.000000	0.027027	0.255172	0.000000
