tdegree	cluster_coefficient	degrees_centrality	closenesses_centrality	betweennesses
5	0.700000	0.005882	0.087828	0.000081
8	0.500000	0.009412	0.095366	0.005645
7	0.619048	0.008235	0.095753	0.009588
7	0.714286	0.008235	0.088791	0.000741
8	0.642857	0.009412	0.088810	0.001677
8	0.642857	0.009412	0.089015	0.002121
9	0.555556	0.010588	0.090310	0.004294
8	0.642857	0.009412	0.083472	0.000451
8	0.642857	0.009412	0.083472	0.000537
12	0.484848	0.014118	0.085281	0.003266
12	0.454545	0.014118	0.084864	0.001315
6	0.800000	0.007059	0.078769	0.000005
6	0.800000	0.007059	0.078762	0.000004
8	0.642857	0.009412	0.081503	0.000267
8	0.678571	0.009412	0.085102	0.000979
8	0.535714	0.009412	0.086620	0.001255
12	0.424242	0.014118	0.091812	0.010955
11	0.490909	0.012941	0.093437	0.003782
12	0.469697	0.014118	0.099404	0.011598
12	0.484848	0.014118	0.101480	0.005905
11	0.509091	0.012941	0.102127	0.002344
12	0.378788	0.014118	0.110591	0.029055
8	0.428571	0.009412	0.108710	0.008585
7	0.666667	0.008235	0.106891	0.003974
7	0.666667	0.008235	0.101070	0.001874
8	0.607143	0.009412	0.098255	0.001945
7	0.619048	0.008235	0.093376	0.001879
9	0.527778	0.010588	0.092845	0.004448
11	0.436364	0.012941	0.087440	0.002909
13	0.448718	0.015294	0.087179	0.001568
14	0.395604	0.016471	0.087855	0.005904
8	0.607143	0.009412	0.082612	0.000408
8	0.571429	0.009412	0.087305	0.001054
8	0.500000	0.009412	0.087081	0.000652
8	0.464286	0.009412	0.086992	0.001585
4	0.833333	0.004706	0.086576	0.000001
6	0.666667	0.007059	0.094214	0.002121
12	0.393939	0.014118	0.094623	0.019585
12	0.454545	0.014118	0.094781	0.009991
12	0.484848	0.014118	0.089071	0.002196
13	0.461538	0.015294	0.089052	0.002982
12	0.484848	0.014118	0.083975	0.001009
10	0.511111	0.011765	0.087638	0.002063
5	0.800000	0.005882	0.081223	0.000044
5	0.900000	0.005882	0.081184	0.000012
6	0.800000	0.007059	0.083268	0.000235
9	0.555556	0.010588	0.087683	0.001776
11	0.490909	0.012941	0.090310	0.005296
11	0.509091	0.012941	0.095046	0.005740
12	0.454545	0.014118	0.096690	0.010584
12	0.393939	0.014118	0.103356	0.034322
8	0.571429	0.009412	0.102422	0.016279
6	0.400000	0.007059	0.110937	0.030321
10	0.400000	0.011765	0.103306	0.010144
12	0.409091	0.014118	0.108737	0.040813
11	0.509091	0.012941	0.107595	0.014198
11	0.509091	0.012941	0.106744	0.006117
11	0.472727	0.012941	0.098482	0.008490
9	0.527778	0.010588	0.097667	0.002146
6	0.600000	0.007059	0.090628	0.001071
5	0.700000	0.005882	0.109311	0.000024
9	0.444444	0.010588	0.121602	0.022570
8	0.500000	0.009412	0.114943	0.006027
7	0.714286	0.008235	0.110952	0.002452
8	0.642857	0.009412	0.110981	0.004286
8	0.642857	0.009412	0.111140	0.009467
9	0.555556	0.010588	0.106986	0.007208
8	0.642857	0.009412	0.102471	0.001608
8	0.642857	0.009412	0.102471	0.002028
11	0.509091	0.012941	0.104886	0.004551
12	0.439394	0.014118	0.099473	0.002752
6	0.800000	0.007059	0.095366	0.000007
6	0.800000	0.007059	0.095839	0.000014
8	0.607143	0.009412	0.098574	0.000417
7	0.619048	0.008235	0.099590	0.000577
8	0.535714	0.009412	0.104770	0.003182
10	0.488889	0.011765	0.107622	0.007385
11	0.490909	0.012941	0.108501	0.004874
11	0.472727	0.012941	0.112152	0.004929
12	0.469697	0.014118	0.113152	0.004161
11	0.490909	0.012941	0.113865	0.002661
11	0.418182	0.012941	0.118220	0.024229
8	0.428571	0.009412	0.115820	0.013383
7	0.666667	0.008235	0.113972	0.002215
7	0.666667	0.008235	0.106999	0.001174
8	0.607143	0.009412	0.105538	0.001080
8	0.535714	0.009412	0.103293	0.002596
9	0.555556	0.010588	0.102756	0.001831
11	0.436364	0.012941	0.100307	0.004586
13	0.410256	0.015294	0.101541	0.003910
12	0.409091	0.014118	0.101955	0.007286
8	0.571429	0.009412	0.094476	0.000555
7	0.571429	0.008235	0.096503	0.000992
8	0.500000	0.009412	0.095495	0.000591
8	0.464286	0.009412	0.095270	0.001544
4	0.833333	0.004706	0.094877	0.000001
6	0.666667	0.007059	0.104052	0.002107
12	0.393939	0.014118	0.104590	0.022104
12	0.439394	0.014118	0.104654	0.007317
12	0.469697	0.014118	0.097926	0.001560
12	0.484848	0.014118	0.098073	0.002349
12	0.484848	0.014118	0.095796	0.001966
11	0.454545	0.012941	0.097343	0.003204
5	0.800000	0.005882	0.092341	0.000277
5	0.900000	0.005882	0.089314	0.000015
6	0.800000	0.007059	0.090725	0.000178
10	0.466667	0.011765	0.096132	0.001804
11	0.490909	0.012941	0.098039	0.003053
11	0.509091	0.012941	0.105094	0.004813
12	0.454545	0.014118	0.106117	0.009629
12	0.409091	0.014118	0.115317	0.038120
8	0.571429	0.009412	0.114416	0.016949
6	0.400000	0.007059	0.118138	0.027389
11	0.381818	0.012941	0.116089	0.052676
12	0.393939	0.014118	0.124433	0.069090
10	0.511111	0.011765	0.123636	0.049645
11	0.490909	0.012941	0.121411	0.006688
11	0.472727	0.012941	0.117875	0.007459
11	0.472727	0.012941	0.115757	0.007137
9	0.500000	0.010588	0.112927	0.008249
4	1.000000	0.004706	0.110332	0.000000
5	0.700000	0.005882	0.080653	0.000082
8	0.500000	0.009412	0.087126	0.005139
7	0.619048	0.008235	0.087260	0.007123
7	0.714286	0.008235	0.080945	0.000558
8	0.642857	0.009412	0.080960	0.001294
8	0.642857	0.009412	0.081778	0.001703
8	0.642857	0.009412	0.081920	0.001534
8	0.642857	0.009412	0.077974	0.000509
8	0.642857	0.009412	0.077974	0.000424
11	0.454545	0.012941	0.080699	0.003736
12	0.409091	0.014118	0.080416	0.004026
6	0.800000	0.007059	0.074936	0.000005
6	0.800000	0.007059	0.074929	0.000004
8	0.571429	0.009412	0.079850	0.000665
7	0.619048	0.008235	0.080317	0.000565
8	0.535714	0.009412	0.083268	0.000591
12	0.393939	0.014118	0.086532	0.007073
11	0.490909	0.012941	0.089824	0.003356
12	0.469697	0.014118	0.093151	0.006332
12	0.484848	0.014118	0.097054	0.006034
11	0.509091	0.012941	0.099789	0.007148
11	0.400000	0.012941	0.105029	0.015235
8	0.392857	0.009412	0.107053	0.017036
7	0.666667	0.008235	0.102348	0.003393
7	0.666667	0.008235	0.098768	0.003310
8	0.607143	0.009412	0.094371	0.002182
7	0.619048	0.008235	0.091467	0.001663
9	0.527778	0.010588	0.088708	0.001412
11	0.436364	0.012941	0.085971	0.001728
12	0.439394	0.014118	0.085703	0.002052
12	0.424242	0.014118	0.086181	0.007775
8	0.607143	0.009412	0.084771	0.000709
9	0.500000	0.010588	0.085720	0.003375
8	0.535714	0.009412	0.085324	0.000161
8	0.500000	0.009412	0.085222	0.000983
4	0.833333	0.004706	0.084813	0.000001
7	0.523810	0.008235	0.092261	0.004384
12	0.409091	0.014118	0.092462	0.010060
12	0.454545	0.014118	0.092623	0.010843
12	0.484848	0.014118	0.091516	0.003803
13	0.461538	0.015294	0.091565	0.007748
12	0.484848	0.014118	0.085213	0.001267
10	0.511111	0.011765	0.085763	0.001467
5	0.800000	0.005882	0.080121	0.000073
5	0.900000	0.005882	0.079678	0.000001
8	0.607143	0.009412	0.084966	0.001925
10	0.533333	0.011765	0.085850	0.001545
12	0.484848	0.014118	0.091763	0.006296
11	0.509091	0.012941	0.092795	0.002126
12	0.454545	0.014118	0.099567	0.021505
12	0.393939	0.014118	0.100818	0.025625
8	0.571429	0.009412	0.099404	0.006393
6	0.400000	0.007059	0.106690	0.018485
10	0.377778	0.011765	0.106811	0.022136
11	0.436364	0.012941	0.100532	0.012248
11	0.490909	0.012941	0.099894	0.011921
11	0.509091	0.012941	0.097634	0.007646
11	0.472727	0.012941	0.092061	0.005733
10	0.422222	0.011765	0.090109	0.004644
6	0.600000	0.007059	0.084839	0.000219
2	1.000000	0.002353	0.082693	0.000000
5	0.700000	0.005882	0.079129	0.000016
9	0.444444	0.010588	0.085651	0.003175
8	0.500000	0.009412	0.085530	0.004153
7	0.714286	0.008235	0.080699	0.000380
8	0.642857	0.009412	0.080714	0.000739
8	0.642857	0.009412	0.084847	0.001642
8	0.642857	0.009412	0.084712	0.001861
8	0.642857	0.009412	0.083571	0.000989
8	0.642857	0.009412	0.083571	0.000591
11	0.454545	0.012941	0.089805	0.006074
12	0.409091	0.014118	0.089089	0.008001
6	0.800000	0.007059	0.082637	0.000005
6	0.800000	0.007059	0.082629	0.000004
8	0.571429	0.009412	0.088717	0.000973
7	0.619048	0.008235	0.089043	0.000339
8	0.535714	0.009412	0.090686	0.000873
12	0.393939	0.014118	0.092261	0.004821
11	0.490909	0.012941	0.096602	0.002982
11	0.472727	0.012941	0.097971	0.003963
12	0.469697	0.014118	0.104256	0.006411
11	0.490909	0.012941	0.105695	0.007775
11	0.400000	0.012941	0.114171	0.040287
8	0.428571	0.009412	0.114186	0.022886
7	0.666667	0.008235	0.105459	0.002269
7	0.666667	0.008235	0.104346	0.002367
8	0.607143	0.009412	0.097444	0.001442
8	0.535714	0.009412	0.098186	0.002103
9	0.555556	0.010588	0.094172	0.001434
11	0.454545	0.012941	0.095667	0.002538
12	0.439394	0.014118	0.095678	0.005094
12	0.424242	0.014118	0.096372	0.013184
8	0.607143	0.009412	0.094455	0.001878
8	0.571429	0.009412	0.095667	0.003571
8	0.500000	0.009412	0.097377	0.000894
8	0.464286	0.009412	0.097243	0.001054
4	0.833333	0.004706	0.094655	0.000001
6	0.666667	0.007059	0.101796	0.001334
12	0.393939	0.014118	0.104282	0.008251
12	0.454545	0.014118	0.104269	0.012158
12	0.484848	0.014118	0.102856	0.005386
13	0.461538	0.015294	0.102831	0.010611
12	0.484848	0.014118	0.097343	0.004613
11	0.454545	0.012941	0.098073	0.005450
5	0.800000	0.005882	0.093592	0.000295
5	0.900000	0.005882	0.093468	0.000001
8	0.571429	0.009412	0.100699	0.006765
10	0.511111	0.011765	0.101931	0.008683
11	0.509091	0.012941	0.105656	0.006250
11	0.509091	0.012941	0.107107	0.004905
12	0.454545	0.014118	0.112732	0.019810
12	0.409091	0.014118	0.112330	0.026236
8	0.571429	0.009412	0.107663	0.004314
6	0.400000	0.007059	0.112034	0.013751
11	0.381818	0.012941	0.114648	0.032625
11	0.418182	0.012941	0.106891	0.018517
10	0.488889	0.011765	0.107066	0.028302
11	0.490909	0.012941	0.099148	0.008615
11	0.472727	0.012941	0.098028	0.005754
10	0.511111	0.011765	0.091447	0.003537
8	0.535714	0.009412	0.090416	0.002029
5	0.700000	0.005882	0.092825	0.000123
8	0.500000	0.009412	0.101396	0.003829
7	0.619048	0.008235	0.101335	0.003080
7	0.714286	0.008235	0.098186	0.000628
8	0.642857	0.009412	0.098448	0.001381
8	0.642857	0.009412	0.105708	0.004683
8	0.642857	0.009412	0.105616	0.003750
8	0.642857	0.009412	0.103696	0.001782
8	0.642857	0.009412	0.103963	0.001502
11	0.436364	0.012941	0.113636	0.010167
12	0.409091	0.014118	0.112628	0.009126
6	0.800000	0.007059	0.105998	0.000515
7	0.571429	0.008235	0.106263	0.002146
10	0.377778	0.011765	0.116935	0.023343
7	0.619048	0.008235	0.112449	0.000735
9	0.500000	0.010588	0.114017	0.012346
12	0.409091	0.014118	0.115914	0.030516
12	0.469697	0.014118	0.115098	0.007840
11	0.472727	0.012941	0.115536	0.009609
12	0.469697	0.014118	0.115583	0.009148
11	0.490909	0.012941	0.118931	0.003564
12	0.378788	0.014118	0.122267	0.058534
8	0.428571	0.009412	0.120824	0.016025
7	0.666667	0.008235	0.114586	0.008564
7	0.666667	0.008235	0.114787	0.005018
8	0.607143	0.009412	0.114571	0.008135
8	0.535714	0.009412	0.119701	0.012731
9	0.555556	0.010588	0.120090	0.013604
12	0.424242	0.014118	0.120824	0.012354
14	0.362637	0.016471	0.123278	0.050738
12	0.439394	0.014118	0.119853	0.014503
8	0.642857	0.009412	0.117484	0.002322
8	0.607143	0.009412	0.115946	0.002765
9	0.500000	0.010588	0.121846	0.005799
9	0.416667	0.010588	0.119265	0.002886
4	0.833333	0.004706	0.112882	0.000001
6	0.666667	0.007059	0.117193	0.000828
12	0.393939	0.014118	0.126169	0.011577
12	0.469697	0.014118	0.124707	0.008117
12	0.500000	0.014118	0.126526	0.007437
13	0.461538	0.015294	0.126658	0.013441
15	0.428571	0.017647	0.126658	0.036427
13	0.448718	0.015294	0.126131	0.020272
7	0.809524	0.008235	0.121394	0.000607
9	0.638889	0.010588	0.123871	0.010241
9	0.583333	0.010588	0.129930	0.026245
10	0.533333	0.011765	0.131538	0.015602
12	0.484848	0.014118	0.134112	0.035500
11	0.509091	0.012941	0.132152	0.007245
12	0.454545	0.014118	0.133816	0.028330
12	0.409091	0.014118	0.127820	0.028707
8	0.571429	0.009412	0.124982	0.007289
5	0.600000	0.005882	0.118335	0.008607
11	0.381818	0.012941	0.126923	0.035986
12	0.393939	0.014118	0.120141	0.032268
10	0.511111	0.011765	0.119668	0.024201
11	0.490909	0.012941	0.112807	0.006465
11	0.454545	0.012941	0.113576	0.014524
11	0.454545	0.012941	0.109677	0.010287
8	0.535714	0.009412	0.108005	0.013084
5	0.900000	0.005882	0.106730	0.000022
3	1.000000	0.003529	0.112777	0.000000
6	0.600000	0.007059	0.119972	0.000941
9	0.444444	0.010588	0.126714	0.011583
7	0.619048	0.008235	0.126620	0.006453
7	0.714286	0.008235	0.127455	0.001646
8	0.642857	0.009412	0.129219	0.005440
8	0.642857	0.009412	0.129672	0.008290
9	0.500000	0.010588	0.131498	0.005896
8	0.642857	0.009412	0.131092	0.004810
8	0.642857	0.009412	0.133396	0.007907
11	0.490909	0.012941	0.137518	0.008584
12	0.424242	0.014118	0.137163	0.023243
9	0.500000	0.010588	0.137496	0.013811
12	0.515152	0.014118	0.140845	0.027052
14	0.450549	0.016471	0.145101	0.192427
10	0.533333	0.011765	0.143921	0.083848
10	0.444444	0.011765	0.141927	0.098343
10	0.488889	0.011765	0.141525	0.076259
11	0.490909	0.012941	0.137385	0.048349
11	0.472727	0.012941	0.137741	0.031979
12	0.469697	0.014118	0.132958	0.043992
11	0.490909	0.012941	0.131926	0.017629
11	0.418182	0.012941	0.127436	0.047838
8	0.392857	0.009412	0.124124	0.019019
7	0.666667	0.008235	0.124433	0.009591
7	0.666667	0.008235	0.123403	0.002114
8	0.607143	0.009412	0.128944	0.008287
8	0.535714	0.009412	0.128051	0.002980
9	0.555556	0.010588	0.134750	0.007789
11	0.436364	0.012941	0.133606	0.005640
13	0.410256	0.015294	0.140033	0.036847
12	0.439394	0.014118	0.138753	0.128601
8	0.607143	0.009412	0.129337	0.000775
8	0.535714	0.009412	0.130049	0.021092
10	0.422222	0.011765	0.129415	0.008597
8	0.500000	0.009412	0.121065	0.001194
4	0.833333	0.004706	0.118964	0.000007
7	0.523810	0.008235	0.125517	0.003283
12	0.409091	0.014118	0.126057	0.007151
12	0.454545	0.014118	0.134133	0.086735
12	0.484848	0.014118	0.130930	0.015765
12	0.484848	0.014118	0.132337	0.034232
12	0.484848	0.014118	0.128768	0.010562
11	0.454545	0.012941	0.130388	0.008326
5	0.800000	0.005882	0.119600	0.000234
5	0.900000	0.005882	0.116247	0.000001
9	0.555556	0.010588	0.119148	0.004176
11	0.490909	0.012941	0.120687	0.007112
12	0.484848	0.014118	0.123997	0.011946
11	0.509091	0.012941	0.126356	0.005628
12	0.454545	0.014118	0.129062	0.048535
12	0.409091	0.014118	0.132896	0.076109
8	0.571429	0.009412	0.131701	0.011432
5	0.600000	0.005882	0.125702	0.019619
11	0.363636	0.012941	0.126828	0.034882
12	0.393939	0.014118	0.134494	0.041861
10	0.511111	0.011765	0.133648	0.030435
11	0.490909	0.012941	0.133543	0.027107
11	0.472727	0.012941	0.138572	0.037819
10	0.511111	0.011765	0.137053	0.012496
8	0.535714	0.009412	0.136590	0.046288
5	0.700000	0.005882	0.085111	0.000015
9	0.444444	0.010588	0.092825	0.006403
8	0.500000	0.009412	0.092542	0.012774
7	0.714286	0.008235	0.085616	0.000812
8	0.642857	0.009412	0.085634	0.001924
8	0.642857	0.009412	0.086788	0.004188
8	0.642857	0.009412	0.086514	0.004035
8	0.642857	0.009412	0.081324	0.000982
8	0.642857	0.009412	0.081324	0.001048
11	0.490909	0.012941	0.082911	0.002806
12	0.424242	0.014118	0.082661	0.002383
6	0.800000	0.007059	0.076847	0.000008
6	0.800000	0.007059	0.077077	0.000014
8	0.607143	0.009412	0.081778	0.000614
7	0.619048	0.008235	0.082524	0.001267
8	0.535714	0.009412	0.086921	0.002509
10	0.488889	0.011765	0.088782	0.004553
11	0.490909	0.012941	0.093437	0.004965
11	0.472727	0.012941	0.095969	0.004197
12	0.469697	0.014118	0.101420	0.010521
11	0.490909	0.012941	0.101894	0.002598
12	0.378788	0.014118	0.110778	0.039816
8	0.428571	0.009412	0.108460	0.006403
7	0.666667	0.008235	0.106864	0.005987
7	0.666667	0.008235	0.100735	0.003951
8	0.607143	0.009412	0.098528	0.003610
8	0.535714	0.009412	0.093376	0.005899
9	0.555556	0.010588	0.092361	0.002456
11	0.436364	0.012941	0.087206	0.002466
13	0.410256	0.015294	0.086957	0.002423
12	0.439394	0.014118	0.084217	0.003682
8	0.607143	0.009412	0.081967	0.000467
7	0.619048	0.008235	0.083719	0.001015
9	0.500000	0.010588	0.083934	0.001319
8	0.464286	0.009412	0.083563	0.001416
4	0.833333	0.004706	0.083317	0.000001
6	0.666667	0.007059	0.090042	0.001904
12	0.393939	0.014118	0.090589	0.015536
12	0.454545	0.014118	0.090493	0.007985
12	0.484848	0.014118	0.088092	0.002317
12	0.484848	0.014118	0.088101	0.002846
12	0.484848	0.014118	0.085685	0.001076
11	0.454545	0.012941	0.087620	0.003577
5	0.800000	0.005882	0.080952	0.000027
5	0.900000	0.005882	0.081091	0.000017
6	0.800000	0.007059	0.084958	0.000242
10	0.466667	0.011765	0.087081	0.001875
11	0.490909	0.012941	0.092161	0.005741
11	0.509091	0.012941	0.094266	0.003034
12	0.454545	0.014118	0.095431	0.011187
12	0.409091	0.014118	0.098357	0.022859
8	0.571429	0.009412	0.097377	0.010974
6	0.400000	0.007059	0.104435	0.008711
11	0.381818	0.012941	0.103482	0.018339
12	0.393939	0.014118	0.104835	0.030162
10	0.511111	0.011765	0.104590	0.008908
11	0.490909	0.012941	0.102719	0.004274
11	0.472727	0.012941	0.095904	0.004953
10	0.511111	0.011765	0.094266	0.001767
8	0.535714	0.009412	0.088782	0.001868
2	1.000000	0.002353	0.096219	0.000000
6	0.533333	0.007059	0.098837	0.000491
9	0.416667	0.010588	0.106436	0.009443
7	0.619048	0.008235	0.106703	0.010477
7	0.714286	0.008235	0.098130	0.000900
8	0.642857	0.009412	0.098152	0.001930
8	0.642857	0.009412	0.098391	0.003173
9	0.500000	0.010588	0.099695	0.006375
8	0.642857	0.009412	0.091359	0.000561
8	0.642857	0.009412	0.091359	0.000624
11	0.490909	0.012941	0.093520	0.001391
12	0.424242	0.014118	0.093561	0.001842
6	0.800000	0.007059	0.087647	0.000012
6	0.800000	0.007059	0.087919	0.000024
8	0.607143	0.009412	0.093427	0.001496
7	0.619048	0.008235	0.095345	0.001976
8	0.535714	0.009412	0.100437	0.006272
10	0.488889	0.011765	0.103798	0.010048
11	0.490909	0.012941	0.105198	0.005499
11	0.472727	0.012941	0.110764	0.006455
12	0.469697	0.014118	0.110792	0.006490
11	0.490909	0.012941	0.111329	0.005622
12	0.378788	0.014118	0.118302	0.047446
8	0.428571	0.009412	0.115788	0.013979
7	0.666667	0.008235	0.113956	0.002639
7	0.666667	0.008235	0.107854	0.002345
8	0.607143	0.009412	0.107256	0.001092
8	0.535714	0.009412	0.102496	0.004748
9	0.555556	0.010588	0.101577	0.002161
11	0.436364	0.012941	0.097600	0.005919
13	0.410256	0.015294	0.097310	0.005223
11	0.454545	0.012941	0.094940	0.002747
8	0.571429	0.009412	0.091026	0.000590
8	0.500000	0.009412	0.093140	0.001549
9	0.416667	0.010588	0.094729	0.003986
8	0.500000	0.009412	0.092401	0.001141
4	0.833333	0.004706	0.092061	0.000007
7	0.523810	0.008235	0.100639	0.009099
12	0.409091	0.014118	0.100998	0.016776
12	0.439394	0.014118	0.101010	0.007605
12	0.469697	0.014118	0.094898	0.001813
12	0.484848	0.014118	0.096503	0.003110
12	0.484848	0.014118	0.091506	0.001622
11	0.454545	0.012941	0.095473	0.004894
5	0.800000	0.005882	0.089909	0.000299
5	0.900000	0.005882	0.087656	0.000001
8	0.607143	0.009412	0.089099	0.001101
10	0.533333	0.011765	0.093335	0.001328
12	0.484848	0.014118	0.095291	0.003363
11	0.509091	0.012941	0.101263	0.003923
12	0.454545	0.014118	0.103205	0.010459
12	0.409091	0.014118	0.110908	0.034269
8	0.571429	0.009412	0.110061	0.017570
5	0.600000	0.005882	0.110937	0.009235
11	0.381818	0.012941	0.112285	0.034991
12	0.393939	0.014118	0.119483	0.069549
10	0.511111	0.011765	0.118831	0.025369
11	0.490909	0.012941	0.118170	0.017895
11	0.472727	0.012941	0.111184	0.006428
11	0.472727	0.012941	0.111519	0.010738
9	0.500000	0.010588	0.107391	0.013161
4	1.000000	0.004706	0.105107	0.000000
2	1.000000	0.002353	0.077392	0.000000
6	0.533333	0.007059	0.077960	0.000179
9	0.416667	0.010588	0.083868	0.005642
7	0.619048	0.008235	0.084083	0.004418
7	0.714286	0.008235	0.081496	0.000589
8	0.642857	0.009412	0.081511	0.001009
8	0.642857	0.009412	0.081684	0.001192
10	0.466667	0.011765	0.085703	0.007876
8	0.642857	0.009412	0.079514	0.000216
8	0.642857	0.009412	0.079514	0.000265
12	0.484848	0.014118	0.084083	0.003175
12	0.454545	0.014118	0.083456	0.002494
6	0.800000	0.007059	0.077661	0.000005
6	0.800000	0.007059	0.077654	0.000004
8	0.642857	0.009412	0.083333	0.000741
8	0.678571	0.009412	0.083818	0.000690
8	0.535714	0.009412	0.085119	0.000848
12	0.424242	0.014118	0.090061	0.005452
11	0.490909	0.012941	0.091773	0.003413
11	0.472727	0.012941	0.097232	0.006076
12	0.469697	0.014118	0.099450	0.006081
11	0.490909	0.012941	0.104822	0.017621
12	0.378788	0.014118	0.108501	0.024073
8	0.428571	0.009412	0.112837	0.033413
7	0.666667	0.008235	0.105211	0.003295
7	0.666667	0.008235	0.103798	0.004947
8	0.607143	0.009412	0.096767	0.002738
7	0.619048	0.008235	0.095710	0.002262
9	0.527778	0.010588	0.090618	0.001620
11	0.436364	0.012941	0.089493	0.001822
13	0.448718	0.015294	0.089108	0.001728
15	0.380952	0.017647	0.089957	0.011852
8	0.607143	0.009412	0.087837	0.000487
7	0.619048	0.008235	0.089258	0.001648
10	0.422222	0.011765	0.089738	0.006403
8	0.464286	0.009412	0.089071	0.000711
4	0.833333	0.004706	0.088894	0.000006
6	0.666667	0.007059	0.096525	0.001738
12	0.393939	0.014118	0.097098	0.010391
12	0.454545	0.014118	0.097098	0.016411
12	0.484848	0.014118	0.095185	0.003927
12	0.484848	0.014118	0.095153	0.006493
12	0.484848	0.014118	0.089089	0.001428
10	0.511111	0.011765	0.089577	0.001564
5	0.800000	0.005882	0.082927	0.000045
5	0.900000	0.005882	0.082781	0.000011
6	0.800000	0.007059	0.088303	0.000645
9	0.555556	0.010588	0.089559	0.001829
11	0.490909	0.012941	0.096252	0.008673
11	0.509091	0.012941	0.097343	0.002525
12	0.454545	0.014118	0.103925	0.018647
12	0.393939	0.014118	0.106117	0.036987
8	0.571429	0.009412	0.099929	0.004197
5	0.600000	0.005882	0.102016	0.005536
10	0.400000	0.011765	0.105695	0.008648
12	0.393939	0.014118	0.101311	0.014512
10	0.511111	0.011765	0.100461	0.008632
11	0.490909	0.012941	0.099625	0.010864
11	0.454545	0.012941	0.092583	0.003998
9	0.527778	0.010588	0.091783	0.002175
6	0.600000	0.007059	0.085625	0.000856
5	0.700000	0.005882	0.085264	0.000046
8	0.500000	0.009412	0.089342	0.002942
7	0.619048	0.008235	0.092633	0.002785
7	0.714286	0.008235	0.089871	0.000883
8	0.642857	0.009412	0.089890	0.001189
8	0.642857	0.009412	0.090081	0.001360
9	0.555556	0.010588	0.096143	0.009061
8	0.642857	0.009412	0.088634	0.000231
8	0.642857	0.009412	0.088634	0.000257
11	0.490909	0.012941	0.095559	0.003405
12	0.439394	0.014118	0.094834	0.004276
6	0.800000	0.007059	0.087476	0.000005
6	0.800000	0.007059	0.087476	0.000005
8	0.607143	0.009412	0.094350	0.000927
9	0.555556	0.010588	0.095142	0.000965
8	0.571429	0.009412	0.095217	0.000566
12	0.424242	0.014118	0.098734	0.004672
11	0.490909	0.012941	0.099264	0.002241
11	0.472727	0.012941	0.103155	0.003639
12	0.469697	0.014118	0.103976	0.002683
11	0.490909	0.012941	0.111534	0.008125
11	0.400000	0.012941	0.113167	0.017892
8	0.392857	0.009412	0.120721	0.053057
7	0.666667	0.008235	0.111082	0.001917
7	0.666667	0.008235	0.110347	0.002719
8	0.607143	0.009412	0.101735	0.001270
7	0.619048	0.008235	0.101239	0.001152
9	0.527778	0.010588	0.103343	0.002683
11	0.436364	0.012941	0.102237	0.004442
12	0.454545	0.014118	0.100449	0.004427
14	0.384615	0.016471	0.102843	0.021035
8	0.607143	0.009412	0.101190	0.001385
8	0.571429	0.009412	0.101906	0.001991
8	0.500000	0.009412	0.102669	0.000506
8	0.464286	0.009412	0.102508	0.000714
4	0.833333	0.004706	0.100806	0.000001
7	0.523810	0.008235	0.111578	0.002623
12	0.409091	0.014118	0.111886	0.006734
12	0.439394	0.014118	0.112093	0.010520
12	0.469697	0.014118	0.111039	0.009283
12	0.484848	0.014118	0.107636	0.009164
12	0.484848	0.014118	0.107080	0.009028
10	0.511111	0.011765	0.107527	0.006483
5	0.800000	0.005882	0.104141	0.000447
6	0.733333	0.007059	0.103168	0.000046
9	0.583333	0.010588	0.112613	0.007522
11	0.509091	0.012941	0.113591	0.011112
12	0.469697	0.014118	0.117436	0.016805
11	0.490909	0.012941	0.118665	0.010714
11	0.472727	0.012941	0.122797	0.017049
12	0.409091	0.014118	0.118550	0.031393
8	0.571429	0.009412	0.116120	0.004517
6	0.533333	0.007059	0.119836	0.008327
10	0.400000	0.011765	0.120893	0.047220
11	0.418182	0.012941	0.112987	0.037799
10	0.488889	0.011765	0.112063	0.029323
11	0.490909	0.012941	0.104564	0.011318
11	0.454545	0.012941	0.102274	0.004648
9	0.500000	0.010588	0.095872	0.002981
6	0.666667	0.007059	0.093427	0.000392
5	0.700000	0.005882	0.103205	0.000170
8	0.500000	0.009412	0.108432	0.002758
8	0.500000	0.009412	0.114293	0.004704
7	0.714286	0.008235	0.110246	0.000854
8	0.642857	0.009412	0.110275	0.001439
8	0.642857	0.009412	0.113424	0.002952
8	0.642857	0.009412	0.119938	0.005917
8	0.642857	0.009412	0.117452	0.002277
8	0.642857	0.009412	0.117452	0.001207
11	0.436364	0.012941	0.122832	0.005634
12	0.409091	0.014118	0.129219	0.015165
6	0.800000	0.007059	0.117274	0.000122
6	0.800000	0.007059	0.117258	0.000049
9	0.472222	0.010588	0.128263	0.005908
7	0.619048	0.008235	0.127628	0.000611
8	0.535714	0.009412	0.129258	0.009329
11	0.418182	0.012941	0.132172	0.044609
11	0.490909	0.012941	0.134069	0.031198
11	0.472727	0.012941	0.129297	0.010825
12	0.469697	0.014118	0.132090	0.042011
11	0.490909	0.012941	0.125907	0.002824
11	0.400000	0.012941	0.130548	0.045973
8	0.428571	0.009412	0.129870	0.023071
7	0.666667	0.008235	0.125498	0.026641
7	0.666667	0.008235	0.131376	0.033690
8	0.607143	0.009412	0.128476	0.015214
8	0.535714	0.009412	0.136788	0.078174
9	0.555556	0.010588	0.135178	0.013587
12	0.424242	0.014118	0.141572	0.082939
15	0.361905	0.017647	0.141738	0.049203
11	0.454545	0.012941	0.132172	0.006107
8	0.607143	0.009412	0.130328	0.002732
9	0.500000	0.010588	0.127074	0.008798
8	0.535714	0.009412	0.125443	0.001829
8	0.500000	0.009412	0.119500	0.001230
4	0.833333	0.004706	0.116120	0.000001
6	0.666667	0.007059	0.122214	0.000710
12	0.393939	0.014118	0.130910	0.009375
12	0.454545	0.014118	0.131274	0.006442
12	0.484848	0.014118	0.137119	0.010045
13	0.461538	0.015294	0.138980	0.023300
15	0.438095	0.017647	0.142022	0.047198
14	0.439560	0.016471	0.145374	0.138896
9	0.666667	0.010588	0.143049	0.032040
9	0.666667	0.010588	0.142045	0.031877
9	0.555556	0.010588	0.140056	0.045762
10	0.511111	0.011765	0.140892	0.021393
11	0.509091	0.012941	0.140542	0.085008
11	0.509091	0.012941	0.137030	0.005749
12	0.454545	0.014118	0.137141	0.035650
12	0.409091	0.014118	0.131947	0.014980
8	0.571429	0.009412	0.127246	0.003813
6	0.400000	0.007059	0.124251	0.007423
11	0.381818	0.012941	0.130809	0.019244
11	0.418182	0.012941	0.127685	0.018298
11	0.436364	0.012941	0.127781	0.029073
11	0.490909	0.012941	0.123206	0.010558
11	0.472727	0.012941	0.127916	0.030729
11	0.472727	0.012941	0.123997	0.019797
9	0.500000	0.010588	0.122197	0.021205
5	0.800000	0.005882	0.111010	0.000540
5	0.700000	0.005882	0.109833	0.000041
9	0.444444	0.010588	0.122179	0.009738
7	0.619048	0.008235	0.121031	0.003553
7	0.714286	0.008235	0.112434	0.000410
8	0.642857	0.009412	0.112942	0.001293
8	0.642857	0.009412	0.116919	0.005652
8	0.642857	0.009412	0.116311	0.001855
8	0.642857	0.009412	0.112330	0.000810
8	0.642857	0.009412	0.112807	0.001499
11	0.436364	0.012941	0.123834	0.011606
12	0.409091	0.014118	0.118056	0.005924
6	0.800000	0.007059	0.113652	0.000365
7	0.571429	0.008235	0.114125	0.003127
10	0.377778	0.011765	0.125963	0.062924
7	0.619048	0.008235	0.122655	0.001930
8	0.535714	0.009412	0.130629	0.026659
12	0.393939	0.014118	0.130729	0.032201
12	0.454545	0.014118	0.132564	0.016175
11	0.472727	0.012941	0.132979	0.010481
12	0.469697	0.014118	0.131498	0.015146
11	0.490909	0.012941	0.130408	0.019807
12	0.378788	0.014118	0.126263	0.039634
8	0.428571	0.009412	0.123457	0.018299
7	0.666667	0.008235	0.122850	0.006396
7	0.666667	0.008235	0.122302	0.003676
8	0.607143	0.009412	0.124688	0.005813
8	0.535714	0.009412	0.124142	0.008059
9	0.555556	0.010588	0.124835	0.008797
12	0.424242	0.014118	0.124560	0.013439
14	0.362637	0.016471	0.126998	0.037263
11	0.454545	0.012941	0.121620	0.031990
8	0.607143	0.009412	0.117032	0.003634
8	0.571429	0.009412	0.113062	0.003505
8	0.500000	0.009412	0.110778	0.003568
8	0.464286	0.009412	0.108074	0.002863
4	0.833333	0.004706	0.105459	0.000001
6	0.666667	0.007059	0.115820	0.001438
12	0.393939	0.014118	0.117387	0.021948
12	0.454545	0.014118	0.119921	0.023877
12	0.484848	0.014118	0.116215	0.008362
13	0.461538	0.015294	0.120910	0.013762
15	0.428571	0.017647	0.119248	0.022264
13	0.448718	0.015294	0.119701	0.013070
7	0.809524	0.008235	0.115083	0.000549
9	0.638889	0.010588	0.111651	0.003647
10	0.533333	0.011765	0.113167	0.021490
11	0.490909	0.012941	0.112464	0.004603
12	0.484848	0.014118	0.114865	0.020280
11	0.509091	0.012941	0.117908	0.002984
12	0.454545	0.014118	0.119718	0.021209
12	0.409091	0.014118	0.126960	0.040871
8	0.571429	0.009412	0.125221	0.012623
5	0.600000	0.005882	0.123618	0.005268
11	0.381818	0.012941	0.126057	0.059854
12	0.393939	0.014118	0.132255	0.049528
10	0.511111	0.011765	0.131824	0.047226
11	0.490909	0.012941	0.136722	0.065985
11	0.454545	0.012941	0.136832	0.020401
11	0.454545	0.012941	0.137540	0.026405
8	0.500000	0.009412	0.136524	0.034225
4	1.000000	0.004706	0.125870	0.000000
5	0.800000	0.005882	0.107012	0.000145
9	0.472222	0.010588	0.114186	0.028785
9	0.500000	0.010588	0.108460	0.004311
7	0.714286	0.008235	0.112004	0.003780
8	0.642857	0.009412	0.112972	0.008924
8	0.642857	0.009412	0.113849	0.015894
8	0.642857	0.009412	0.108835	0.003298
8	0.642857	0.009412	0.112687	0.010844
8	0.642857	0.009412	0.114447	0.010644
12	0.469697	0.014118	0.115741	0.012286
13	0.410256	0.015294	0.111344	0.007959
11	0.527273	0.012941	0.115005	0.025389
12	0.484848	0.014118	0.118105	0.010515
10	0.533333	0.011765	0.113895	0.015682
10	0.466667	0.011765	0.117859	0.027316
8	0.535714	0.009412	0.114125	0.004453
13	0.397436	0.015294	0.113987	0.014095
12	0.454545	0.014118	0.110591	0.007964
12	0.469697	0.014118	0.107663	0.006031
12	0.484848	0.014118	0.104628	0.004646
11	0.509091	0.012941	0.101931	0.001852
10	0.422222	0.011765	0.100485	0.003202
5	0.700000	0.005882	0.096143	0.000135
6	0.800000	0.007059	0.096110	0.000072
7	0.666667	0.008235	0.096252	0.000242
8	0.607143	0.009412	0.100177	0.001079
8	0.535714	0.009412	0.100342	0.001318
9	0.555556	0.010588	0.103861	0.001588
11	0.454545	0.012941	0.103747	0.003316
13	0.448718	0.015294	0.111097	0.010749
14	0.417582	0.016471	0.111198	0.021311
8	0.642857	0.009412	0.101299	0.000302
8	0.607143	0.009412	0.101359	0.001694
8	0.571429	0.009412	0.100449	0.001993
6	0.666667	0.007059	0.094634	0.000074
4	0.833333	0.004706	0.093829	0.000001
6	0.666667	0.007059	0.097757	0.000713
10	0.511111	0.011765	0.097881	0.000846
12	0.469697	0.014118	0.103494	0.006460
12	0.500000	0.014118	0.100735	0.001777
13	0.461538	0.015294	0.100818	0.002624
12	0.484848	0.014118	0.100485	0.003950
11	0.454545	0.012941	0.100759	0.002907
5	0.800000	0.005882	0.094120	0.000144
5	0.900000	0.005882	0.091684	0.000001
6	0.800000	0.007059	0.091723	0.000005
8	0.642857	0.009412	0.094120	0.000052
8	0.642857	0.009412	0.094361	0.000087
8	0.642857	0.009412	0.097960	0.000877
9	0.555556	0.010588	0.098255	0.001551
9	0.527778	0.010588	0.102434	0.005067
8	0.571429	0.009412	0.102397	0.003229
5	0.600000	0.005882	0.097802	0.000474
8	0.500000	0.009412	0.099218	0.001852
11	0.436364	0.012941	0.106891	0.010392
11	0.490909	0.012941	0.109072	0.008054
11	0.509091	0.012941	0.109072	0.004138
11	0.472727	0.012941	0.115301	0.018329
10	0.488889	0.011765	0.115161	0.008730
8	0.428571	0.009412	0.121585	0.060143
5	0.600000	0.005882	0.111373	0.002499
4	1.000000	0.004706	0.096525	0.000000
5	0.900000	0.005882	0.096966	0.000008
6	0.800000	0.007059	0.100342	0.000448
7	0.714286	0.008235	0.106038	0.001065
8	0.642857	0.009412	0.106784	0.002291
8	0.642857	0.009412	0.107296	0.001701
9	0.500000	0.010588	0.111417	0.006073
8	0.642857	0.009412	0.114401	0.004023
8	0.642857	0.009412	0.115239	0.003697
11	0.454545	0.012941	0.118550	0.007198
13	0.397436	0.015294	0.119803	0.026092
11	0.527273	0.012941	0.124106	0.019476
12	0.484848	0.014118	0.120499	0.013914
10	0.511111	0.011765	0.121169	0.029449
10	0.422222	0.011765	0.119365	0.054804
8	0.535714	0.009412	0.114033	0.003707
12	0.393939	0.014118	0.113682	0.010477
12	0.454545	0.014118	0.109283	0.005757
11	0.472727	0.012941	0.107486	0.005175
12	0.469697	0.014118	0.103709	0.002400
11	0.490909	0.012941	0.102249	0.002411
8	0.607143	0.009412	0.099345	0.000335
6	0.466667	0.007059	0.097746	0.001848
6	0.800000	0.007059	0.095324	0.000127
7	0.666667	0.008235	0.098768	0.000332
8	0.607143	0.009412	0.103281	0.001269
8	0.535714	0.009412	0.108349	0.004038
9	0.555556	0.010588	0.112553	0.003107
11	0.436364	0.012941	0.112837	0.003986
12	0.439394	0.014118	0.119803	0.023388
13	0.410256	0.015294	0.120653	0.051914
8	0.607143	0.009412	0.115254	0.000828
8	0.535714	0.009412	0.116582	0.023350
10	0.422222	0.011765	0.114555	0.010710
9	0.500000	0.010588	0.109297	0.001905
4	0.833333	0.004706	0.103608	0.000006
7	0.571429	0.008235	0.108170	0.000785
12	0.424242	0.014118	0.109367	0.002232
12	0.454545	0.014118	0.114232	0.019583
12	0.484848	0.014118	0.119031	0.010400
12	0.484848	0.014118	0.118998	0.017890
12	0.484848	0.014118	0.118732	0.013640
11	0.454545	0.012941	0.118682	0.014771
5	0.800000	0.005882	0.106516	0.000010
5	0.900000	0.005882	0.112122	0.000257
6	0.800000	0.007059	0.112449	0.000297
10	0.466667	0.011765	0.119550	0.042968
11	0.490909	0.012941	0.114109	0.006779
11	0.509091	0.012941	0.114232	0.006205
12	0.454545	0.014118	0.114340	0.010796
12	0.393939	0.014118	0.108863	0.014792
8	0.571429	0.009412	0.108349	0.001569
5	0.600000	0.005882	0.098975	0.001097
10	0.377778	0.011765	0.104783	0.006521
10	0.466667	0.011765	0.102744	0.002361
7	0.666667	0.008235	0.103976	0.002383
7	0.666667	0.008235	0.100082	0.000338
8	0.571429	0.009412	0.105446	0.004952
7	0.666667	0.008235	0.104680	0.000948
7	0.523810	0.008235	0.108974	0.009652
5	0.600000	0.005882	0.105276	0.001595
