tdegree	cluster_coefficient	degrees_centrality	closenesses_centrality	betweennesses
3	1.000000	0.012987	0.125407	0.000000
3	1.000000	0.012987	0.125407	0.000000
6	0.600000	0.025974	0.142505	0.008046
7	0.571429	0.030303	0.143123	0.009164
6	0.800000	0.025974	0.143389	0.000129
7	0.571429	0.030303	0.151079	0.003575
10	0.488889	0.043290	0.165118	0.044969
9	0.583333	0.038961	0.145192	0.001249
8	0.642857	0.034632	0.145283	0.000662
11	0.436364	0.047619	0.167270	0.020147
8	0.607143	0.034632	0.164647	0.004835
6	0.800000	0.025974	0.149418	0.000488
6	0.666667	0.025974	0.149321	0.001344
7	0.428571	0.030303	0.169853	0.012191
5	0.500000	0.021645	0.150097	0.001404
5	0.500000	0.021645	0.167634	0.003940
4	0.666667	0.017316	0.149903	0.000294
6	0.466667	0.025974	0.170354	0.006148
7	0.571429	0.030303	0.171365	0.005001
10	0.511111	0.043290	0.178241	0.004518
9	0.555556	0.038961	0.174735	0.002009
11	0.454545	0.047619	0.189655	0.011897
8	0.571429	0.034632	0.183479	0.002988
8	0.642857	0.034632	0.179907	0.001118
12	0.439394	0.051948	0.198113	0.013903
12	0.439394	0.051948	0.200173	0.014946
8	0.607143	0.034632	0.181604	0.001083
8	0.607143	0.034632	0.181034	0.002700
12	0.393939	0.051948	0.207734	0.018197
10	0.422222	0.043290	0.195101	0.010398
6	0.733333	0.025974	0.177419	0.001141
10	0.422222	0.043290	0.190594	0.013489
11	0.418182	0.047619	0.199138	0.013834
6	0.333333	0.025974	0.170480	0.007649
6	0.466667	0.025974	0.179627	0.001915
4	0.500000	0.017316	0.173946	0.001554
4	0.666667	0.017316	0.174735	0.000109
7	0.476190	0.030303	0.201747	0.010567
11	0.436364	0.047619	0.208672	0.020671
11	0.545455	0.047619	0.225366	0.014804
13	0.487179	0.056277	0.232161	0.029230
13	0.461538	0.056277	0.251634	0.083787
13	0.410256	0.056277	0.252735	0.071407
11	0.490909	0.047619	0.244444	0.041886
12	0.500000	0.051948	0.220630	0.019802
11	0.527273	0.047619	0.213100	0.017571
11	0.490909	0.047619	0.208484	0.014353
11	0.472727	0.047619	0.183043	0.013171
9	0.472222	0.038961	0.188725	0.005404
9	0.472222	0.038961	0.182898	0.004213
13	0.410256	0.056277	0.202100	0.012466
6	0.666667	0.025974	0.173423	0.000207
8	0.750000	0.034632	0.183625	0.000970
8	0.750000	0.034632	0.183625	0.000970
7	0.809524	0.030303	0.182898	0.000592
7	0.666667	0.030303	0.184358	0.000910
12	0.439394	0.051948	0.194281	0.012646
10	0.488889	0.043290	0.215485	0.033186
9	0.388889	0.038961	0.224708	0.039441
10	0.377778	0.043290	0.240876	0.077792
10	0.444444	0.043290	0.246006	0.051364
11	0.454545	0.047619	0.246795	0.033901
10	0.466667	0.043290	0.237654	0.029260
10	0.622222	0.043290	0.241632	0.012108
10	0.622222	0.043290	0.241632	0.012108
14	0.406593	0.060606	0.242392	0.029425
8	0.500000	0.034632	0.221264	0.009906
7	0.523810	0.030303	0.222329	0.012703
12	0.409091	0.051948	0.240625	0.031124
10	0.400000	0.043290	0.244963	0.033559
6	0.466667	0.025974	0.234280	0.078060
4	0.500000	0.017316	0.224927	0.024710
5	0.400000	0.021645	0.226249	0.070594
8	0.357143	0.034632	0.223621	0.051047
10	0.511111	0.043290	0.212903	0.063128
14	0.428571	0.060606	0.210191	0.025631
13	0.474359	0.056277	0.203166	0.020084
12	0.439394	0.051948	0.193144	0.015396
12	0.454545	0.051948	0.188725	0.023517
13	0.423077	0.056277	0.183188	0.016537
9	0.527778	0.038961	0.166307	0.002966
5	0.900000	0.021645	0.159091	0.000072
6	0.733333	0.025974	0.158654	0.000287
8	0.607143	0.034632	0.174208	0.003188
12	0.439394	0.051948	0.177283	0.009098
7	0.714286	0.030303	0.170732	0.000543
10	0.488889	0.043290	0.180047	0.008527
14	0.384615	0.060606	0.200173	0.032763
10	0.511111	0.043290	0.176876	0.002085
6	0.800000	0.025974	0.170480	0.000098
10	0.533333	0.043290	0.194937	0.008357
8	0.535714	0.034632	0.194281	0.005495
12	0.469697	0.051948	0.204064	0.014780
7	0.619048	0.030303	0.189500	0.003361
8	0.607143	0.034632	0.182033	0.004638
12	0.454545	0.051948	0.183479	0.012106
10	0.488889	0.043290	0.168983	0.014049
10	0.533333	0.043290	0.167391	0.011212
10	0.466667	0.043290	0.164882	0.008112
4	1.000000	0.017316	0.146388	0.000000
8	0.535714	0.034632	0.148553	0.003823
11	0.363636	0.047619	0.150391	0.010762
7	0.619048	0.030303	0.144195	0.001256
8	0.678571	0.034632	0.141631	0.001222
9	0.611111	0.038961	0.153590	0.004691
9	0.527778	0.038961	0.155034	0.008210
6	0.866667	0.025974	0.138241	0.000058
6	0.866667	0.025974	0.150391	0.001109
7	0.666667	0.030303	0.154515	0.008308
7	0.476190	0.030303	0.171620	0.028800
5	0.600000	0.021645	0.173946	0.012517
9	0.638889	0.038961	0.199138	0.020447
9	0.638889	0.038961	0.199138	0.020447
8	0.678571	0.034632	0.202988	0.016342
10	0.577778	0.043290	0.206989	0.019145
13	0.397436	0.056277	0.210000	0.035682
12	0.424242	0.051948	0.208484	0.019365
14	0.395604	0.060606	0.207361	0.059719
12	0.454545	0.051948	0.192020	0.014294
8	0.607143	0.034632	0.184505	0.004276
5	0.800000	0.021645	0.164765	0.000501
12	0.409091	0.051948	0.182464	0.020017
9	0.527778	0.038961	0.178241	0.014880
7	0.666667	0.030303	0.157357	0.000848
8	0.571429	0.034632	0.158219	0.001698
10	0.511111	0.043290	0.160417	0.007403
8	0.678571	0.034632	0.156610	0.001408
7	0.761905	0.030303	0.153488	0.000429
8	0.535714	0.034632	0.155556	0.005800
9	0.444444	0.038961	0.157357	0.007721
10	0.466667	0.043290	0.174471	0.028589
6	0.800000	0.025974	0.152677	0.000390
7	0.714286	0.030303	0.152778	0.000761
10	0.555556	0.043290	0.174868	0.014246
9	0.611111	0.038961	0.173815	0.007982
6	0.800000	0.025974	0.149418	0.000031
6	0.800000	0.025974	0.170858	0.002028
6	0.800000	0.025974	0.171238	0.002166
8	0.464286	0.034632	0.201395	0.030919
8	0.428571	0.034632	0.199310	0.055012
10	0.466667	0.043290	0.230080	0.082529
8	0.607143	0.034632	0.221689	0.034127
8	0.642857	0.034632	0.218336	0.005196
6	0.666667	0.025974	0.220630	0.010079
10	0.466667	0.043290	0.249191	0.162637
9	0.472222	0.038961	0.234518	0.049368
11	0.454545	0.047619	0.231000	0.055185
12	0.469697	0.051948	0.211927	0.027938
9	0.527778	0.038961	0.197943	0.003257
6	0.733333	0.025974	0.184505	0.000460
6	0.600000	0.025974	0.192982	0.001147
13	0.346154	0.056277	0.205151	0.024446
9	0.583333	0.038961	0.202454	0.006588
8	0.642857	0.034632	0.207361	0.005061
10	0.422222	0.043290	0.227362	0.027438
13	0.397436	0.056277	0.228487	0.064781
10	0.511111	0.043290	0.218957	0.021772
11	0.490909	0.047619	0.228940	0.032861
10	0.488889	0.043290	0.246795	0.066457
9	0.500000	0.038961	0.230539	0.016838
7	0.714286	0.030303	0.228940	0.016121
12	0.500000	0.051948	0.240876	0.030655
13	0.500000	0.056277	0.244963	0.022738
11	0.490909	0.047619	0.258679	0.060004
9	0.472222	0.038961	0.258679	0.089329
10	0.444444	0.043290	0.249460	0.034214
8	0.500000	0.034632	0.231231	0.011826
12	0.393939	0.051948	0.238144	0.047187
8	0.642857	0.034632	0.208672	0.003224
7	0.666667	0.030303	0.202454	0.004160
5	0.900000	0.021645	0.187500	0.000147
11	0.454545	0.047619	0.210000	0.009899
11	0.490909	0.047619	0.220420	0.013700
12	0.439394	0.051948	0.234043	0.032630
10	0.488889	0.043290	0.242392	0.036750
10	0.422222	0.043290	0.264302	0.132466
9	0.583333	0.038961	0.243928	0.012813
14	0.362637	0.060606	0.250814	0.044964
13	0.384615	0.056277	0.246269	0.065172
11	0.436364	0.047619	0.232628	0.055223
12	0.409091	0.051948	0.217925	0.028049
6	0.466667	0.025974	0.199827	0.003330
8	0.464286	0.034632	0.208672	0.004277
6	0.666667	0.025974	0.189811	0.000582
9	0.500000	0.038961	0.196763	0.005929
8	0.607143	0.034632	0.195597	0.002291
9	0.527778	0.038961	0.208861	0.009326
12	0.439394	0.051948	0.220210	0.023677
11	0.454545	0.047619	0.204425	0.019828
9	0.555556	0.038961	0.212316	0.005416
13	0.397436	0.056277	0.226471	0.021970
10	0.466667	0.043290	0.227362	0.019835
8	0.642857	0.034632	0.208484	0.004007
10	0.511111	0.043290	0.217514	0.008409
10	0.488889	0.043290	0.229394	0.023836
9	0.500000	0.038961	0.211345	0.024621
8	0.642857	0.034632	0.198795	0.002920
9	0.527778	0.038961	0.219165	0.015192
8	0.642857	0.034632	0.211345	0.010574
7	0.714286	0.030303	0.208672	0.004534
6	0.800000	0.025974	0.197943	0.001171
8	0.464286	0.034632	0.214684	0.021428
10	0.355556	0.043290	0.204244	0.027729
10	0.444444	0.043290	0.194608	0.013888
5	0.900000	0.021645	0.172517	0.000140
5	0.900000	0.021645	0.172517	0.000140
7	0.523810	0.030303	0.169479	0.001443
12	0.393939	0.051948	0.183479	0.012799
7	0.619048	0.030303	0.166187	0.001596
5	0.900000	0.021645	0.165118	0.000038
6	0.733333	0.025974	0.173684	0.001584
10	0.488889	0.043290	0.193144	0.014913
9	0.638889	0.038961	0.192982	0.010483
9	0.638889	0.038961	0.192982	0.010483
8	0.642857	0.034632	0.194444	0.009273
13	0.397436	0.056277	0.222115	0.044271
11	0.490909	0.047619	0.220000	0.024064
14	0.395604	0.060606	0.227586	0.057133
12	0.439394	0.051948	0.222543	0.052107
15	0.400000	0.064935	0.220841	0.048239
8	0.607143	0.034632	0.212903	0.011399
7	0.571429	0.030303	0.192340	0.002380
10	0.444444	0.043290	0.191701	0.037173
10	0.400000	0.043290	0.193144	0.044334
8	0.607143	0.034632	0.195597	0.006162
11	0.363636	0.047619	0.198624	0.037966
11	0.436364	0.047619	0.198454	0.023296
12	0.469697	0.051948	0.201923	0.017433
10	0.488889	0.043290	0.193305	0.008894
7	0.428571	0.030303	0.197943	0.020022
3	1.000000	0.012987	0.166667	0.000000
5	0.700000	0.021645	0.171747	0.000407
