pdb_id: 1AUD
analysis type: bound
radii_file: E:\PBR\111aPRBind-master\aPRBind program\Source code\Feature extraction\CX&DPX\amac_data\chothia.radii
ASA_zSice: 0.25
ASA_rSolvent: 1.4
rasa_file: E:\PBR\111aPRBind-master\aPRBind program\Source code\Feature extraction\CX&DPX\amac_data\natural_asa.asa
CX_sRadius: 10
CX_vAtom: 20.1

  chain id|    res id|  res name|     total RASA|    b-bone RASA|   s-chain RASA|     polar RASA|   n-polar RASA|    average DPX|      s_avg DPX|   s-ch avg DPX| s-ch s_avg DPX|        max DPX|        min DPX|     average CX|       s_avg CX|    s-ch avg CX|  s-ch s_avg CX|         max CX|         min CX|               
         B         19          G          85.941               0          98.245          153.75          37.576         0.13935         0.41822         0.16394         0.44916          1.4319               0          2.1804         0.62869          1.9509         0.28204          3.8465          1.4232               
         B         20          G          63.558          3.4656          72.161          118.82          24.141         0.23793          0.5197         0.27362         0.54848          1.4316               0          1.3351          0.7875          1.1794         0.70224          3.0076          0.3445               
         B         21          C          66.277          5.7268          76.016          130.54          25.246         0.19666         0.46869         0.23137         0.50041          1.3657               0           1.245         0.67769           1.025         0.45296          2.8592         0.48855               
         B         22          A          67.047          5.8341          76.009          137.72          22.043         0.37423         0.61151         0.43331         0.63826          1.4321               0         0.94513         0.50788         0.80177         0.34232          2.4733         0.38012               
         B         23          G          60.161          3.4968          68.273          123.76          14.795         0.35921         0.60488         0.41309         0.63127          1.4325               0         0.54579         0.19743         0.47362        0.061235          1.1484         0.39864               
         B         24          A          21.755        0.084185          24.928          41.697          9.0567         0.45073         0.66057         0.52189         0.68419          1.5318               0         0.33415        0.054733         0.33398        0.054825         0.49926         0.27072               
         B         25          G          36.761          1.6245          41.791          75.878          8.8595         0.36214         0.61007         0.41646         0.63671          1.4324               0          0.4432         0.17752         0.42098         0.16878          1.0038         0.24789               
         B         26          U          60.646          1.0234          70.395          109.59          24.362         0.28078         0.56169         0.33032         0.59565          1.4325               0          1.0534         0.46627           1.036         0.49687          2.0647         0.41767               
         B         27          C          64.718           6.234          74.125           131.3          22.211         0.45259         0.71631         0.53245         0.74908          2.2588               0          1.2172         0.65833          1.0429         0.50214           2.932         0.33588               
         B         28          C          61.099          3.0534          70.435          130.52          16.774         0.41685         0.63718         0.49042         0.66451          1.4325               0           1.229         0.57865          1.1144         0.53606          2.3079         0.48855               
         B         29          U          54.549          4.3772          62.752          102.94          18.673         0.27344         0.54819          0.3217         0.58139          1.4389               0          1.0575         0.54681         0.85721         0.28797          2.2562         0.46759               
         B         30          U          94.616          2.3115          109.71          158.47          47.278         0.21463         0.51091          0.2525         0.54546          1.4317               0          1.5578         0.41551          1.5664         0.41222          2.5322          1.0038               
         B         33          C          54.047         0.36247          62.682          116.09          14.433         0.35965         0.62351         0.42312         0.65613          1.5308               0         0.57995          0.2078         0.50893         0.12557           1.105         0.30248               
         B         34          G          64.715          3.4015          73.493          116.14          28.036          0.2984         0.56641         0.34316         0.59462          1.4317               0         0.97644         0.39271          1.0225         0.40069          1.8162         0.51013               
         B         35          G          68.723          4.1239          77.971          138.19          19.175         0.35424         0.59714         0.40737         0.62324           1.432               0          1.0888         0.58056           1.037         0.59442          1.9771         0.35323               
         B         36          G           64.66          3.7091          73.386          126.66          20.439         0.23612         0.51468         0.27154         0.54315          1.3884               0          1.0921         0.69034          0.9006         0.49293           2.932         0.30248               
         B         37          A          66.073          3.7066          75.205           136.4           21.29         0.43777         0.64123         0.50689         0.66412          1.4317               0          1.2951         0.67777          1.1819         0.63632          2.6561         0.38012               
         B         38          C          75.243           6.707          86.266          150.68          27.076         0.19669         0.46877         0.23141         0.50049          1.3654               0          1.3858         0.74624            1.14         0.49393          3.0862         0.49926               
         B         39          A          69.683          3.9131          79.313          150.78          18.041         0.24792          0.5262         0.28707         0.55621          1.4321               0          1.2442         0.63627          1.0678         0.42114           3.253         0.45733               
         B         40          U          64.261          4.1508           74.09          106.06          33.277         0.20195         0.48192         0.23759         0.51455          1.4386               0          1.0982         0.76749         0.81358         0.38094          3.0076         0.38012               
         B         41          U          73.931         0.65724          85.912          111.69          45.935         0.40059         0.72168         0.47128          0.7612          2.3652               0          0.9942         0.29444         0.92454         0.25422           1.605         0.55521               
         B         42          G          41.465            3.72          46.869          76.522           16.46         0.53537         0.76014         0.61567         0.78425          2.1505               0         0.57733         0.49606         0.41456         0.27251          1.9352         0.18408               
         B         43          C          30.394          2.6378          34.859          55.913          14.101         0.56983         0.81397         0.67039         0.84383          2.2722               0         0.45737         0.26021         0.39199          0.1766          1.2901         0.16423               
         B         44          A          30.725          3.8176          34.665          61.034          11.425         0.85817         0.93868         0.99367         0.94107          2.7899               0         0.26973         0.27133          0.1807         0.15994          0.9119       0.0067513               
         B         45          C          36.906          5.8351          41.904          83.156          7.3766         0.41159         0.63003         0.48423         0.65712          1.4368               0         0.59737         0.27243         0.55338         0.27135          1.1937         0.19769               
         B         46          C          65.856          3.2399          75.928          118.96          31.948         0.20685         0.49264         0.24335         0.52597          1.4325               0          1.1294         0.47409          1.0435         0.45827          1.8548         0.52115               
         B         47          U          68.796          3.7485          79.431          123.38           28.33         0.27085         0.54276         0.31864         0.57563          1.4323               0          1.3821         0.60208          1.2472         0.52374          2.7214          0.5669               
         B         48          G          62.133          3.5725          70.516          129.73          13.916         0.47866         0.65649         0.55046         0.67536          1.4318               0          1.0062         0.61729         0.83257         0.44291          2.5322         0.36208               
         B         49          C          41.695          4.4582          47.684          87.219          12.629         0.34659         0.60067         0.40776         0.63209          1.4329               0         0.84436         0.40131         0.70674         0.22029          2.0203         0.41767               
         B         50          C          93.858          6.0845          107.98          185.46          35.375        0.068136           0.297         0.08016         0.32064          1.3627               0          1.6292         0.50107          1.6246          0.5409           3.253          1.1708               
         A          1        ALA          135.22           198.3          92.477          220.09          100.46               0               0               0               0               0               0           7.733          1.0591          7.3359               0          9.4199          6.7184               
         A          2        VAL           83.23          93.486          80.508          99.922          79.726               0               0               0               0               0               0          5.6192         0.87599          6.2171         0.90109          7.3359          4.6324               
         A          3        PRO          74.848          59.666          79.799           41.36          81.069         0.17567         0.43029               0               0          1.2297               0          3.1533         0.73104          2.9921         0.88946          4.2099          2.1104               
         A          4        GLU          83.783          101.53          79.115          83.034          84.851         0.13673         0.38672               0               0          1.2305               0          2.0901         0.37311          1.8527         0.30204          2.6561          1.5728               
         A          5        THR          77.658           86.13          74.835           51.64          95.848               0               0               0               0               0               0           1.474         0.28688          1.5426         0.29065          1.9352          1.2408               
         A          6        ARG          45.403          10.561           51.95          51.306          35.368         0.23029         0.48878         0.18636         0.45649          1.3045               0          1.1157         0.26662          1.2282         0.17681          1.4517         0.55521               
         A          7        PRO          67.322          27.336          80.363          41.644          72.093               0               0               0               0               0               0          0.9822         0.28962          1.2615         0.20928          1.4232         0.61548               
         A          8        ASN          5.5002          9.6292          4.1841          4.4284          8.2086         0.95114         0.79025         0.69034         0.69854          2.2168               0         0.42696         0.17759         0.52443         0.18815         0.81215         0.24046               
         A          9        HIS          15.411          1.3476          18.765           12.93          17.153          1.0072          1.1459         0.46278         0.65447          3.3276               0         0.25825         0.13617         0.34057         0.10021           0.478        0.031671               
         A         10        THR               0               0               0               0               0          4.4852          0.8026          5.0862         0.42785          5.6451          2.8193       0.0037984       0.0093041               0               0        0.026589               0               
         A         11        ILE       0.0098616               0        0.012014               0        0.011604          2.9151          1.3931          1.8726          1.2768           4.423               0               0               0               0               0               0               0               
         A         12        TYR         0.28343               0         0.33643               0         0.41974          2.8198            1.38          2.0439          1.0067          4.7161               0        0.048144        0.039002        0.040624        0.033995         0.11443               0               
         A         13        ILE         0.53057               0         0.64639               0         0.62432          1.9983          1.3946         0.76544         0.76544          3.7794               0        0.043424        0.036856        0.022781        0.021914        0.091087               0               
         A         14        ASN            16.1               0          21.231          21.752          1.8172          1.1651          1.2124               0               0          2.7916               0         0.18728        0.071139         0.23551        0.071931         0.33588         0.12042               
         A         15        ASN          34.704          3.5837          44.623          39.987          21.354         0.50095         0.89913               0               0          2.4753               0         0.41128         0.19813         0.57985         0.13745         0.70818         0.17077               
         A         16        LEU          3.8937          12.793          1.8906          5.4946          3.5979         0.35583         0.61861         0.38247         0.66246          1.5299               0         0.12837        0.098521        0.047728        0.032622         0.30248               0               
         A         17        ASN          17.897          12.601          19.586          23.758          3.0879         0.34569         0.60361         0.38395         0.66501          1.5358               0         0.57592         0.23219         0.78268         0.12496         0.92961         0.27851               
         A         18        GLU           48.34           99.65          34.833          50.284          45.569               0               0               0               0               0               0         0.64144         0.21117         0.52497         0.11339           1.105         0.38932               
         A         19        LYS          77.498          48.489           83.92          79.822          76.132          0.1464         0.41409               0               0          1.3176               0          1.6674         0.69271          2.1099         0.63175           3.168         0.86069               
         A         20        ILE          11.849          31.673          7.5187          33.561          8.0117         0.19178         0.50739         0.38355         0.66433          1.5342               0         0.55405         0.12501         0.44065         0.07136         0.69429         0.36208               
         A         21        LYS          63.284          21.964          72.431          35.375          79.682         0.14609          0.4132               0               0          1.3148               0          1.4753         0.66272          2.0023         0.37254          2.4733         0.52115               
         A         22        LYS          50.747          9.8478            59.8           19.96          68.835         0.13652         0.38614               0               0          1.2287               0         0.79288         0.13335         0.76362         0.12536          1.0431         0.54369               
         A         23        ASP          70.419          8.3087          91.226          68.617          73.855               0               0               0               0               0               0          1.6535         0.62474          2.2349         0.31144          2.7214         0.96601               
         A         24        GLU          43.858          11.772          52.309          49.956          35.165         0.28375         0.53132               0               0          1.3241               0          1.2118         0.37876           1.474         0.28416          1.8944         0.68063               
         A         25        LEU          6.8117               0          8.3449               0          8.0719           1.356          1.1492         0.38201         0.66165          3.0681               0         0.22199          0.1489          0.1075        0.072457         0.52115       0.0019112               
         A         26        LYS          40.519          6.6256          48.022          59.463          29.389         0.61734         0.91117         0.30599         0.61197          2.4908               0         0.54765         0.25224         0.68273          0.2691          1.1484         0.32737               
         A         27        LYS          67.701          27.266          76.652          50.504          77.805         0.14658          0.4146               0               0          1.3192               0          1.2977         0.72902          1.7812         0.65372          2.8592         0.60306               
         A         28        SER          28.296          16.973          34.511          32.136           23.77         0.20506         0.45854               0               0          1.2304               0         0.55233        0.089385         0.65177        0.084874         0.73665         0.46759               
         A         29        LEU           0.606               0         0.74241               0         0.71812           2.193         0.94779           1.631          1.0211          3.1464               0         0.13507        0.084533        0.054469        0.025709         0.24046        0.026589               
         A         30        HIS          47.111            2.25           57.81          41.286          51.203         0.40219         0.83208               0               0           2.487               0         0.54593         0.16031          0.6135         0.15625         0.87746         0.31068               
         A         31        ALA          48.427          25.683          63.842          8.1431          64.942         0.24602         0.49204               0               0          1.2301               0         0.89317         0.12924           1.084               0           1.084         0.69429               
         A         32        ILE          21.842          2.8925          25.979          3.1167          25.151         0.33931         0.59114               0               0          1.4846               0         0.49387         0.12301         0.41275          0.1169         0.65395         0.27072               
         A         33        PHE         0.32982               0         0.39621               0         0.38051          2.0077          1.1424          1.6368          1.2775          3.8075               0         0.11493          0.1439       0.0082651        0.020245          0.3445               0               
         A         34        SER          30.583          23.597          34.417          29.924          31.359         0.67038         0.98749               0               0          2.4896               0         0.71036          0.1809         0.79282        0.084639          0.9119         0.38932               
         A         35        ARG          82.794           99.93          79.574          89.652          71.135         0.12005         0.37963               0               0          1.3206               0          1.8798         0.84738          2.2901         0.79585          3.7363         0.89452               
         A         36        PHE           42.89          107.08          29.968          111.58          32.332         0.11965         0.37835               0               0          1.3161               0         0.69107         0.15162         0.61485         0.10389          1.0431         0.49926               
         A         37        GLY          30.708          30.708               0           3.129          55.233         0.32936         0.57046               0               0          1.3174               0         0.63287        0.050967               0               0         0.70818          0.5669               
         A         38        GLN           61.45           26.22          70.142          58.909          66.111         0.39238         0.76407               0               0          2.2154               0          1.5961          1.0113          2.3387         0.76272          3.3416         0.46759               
         A         39        ILE          6.1347          34.226               0          40.851               0           1.891          1.3511          3.1013         0.49901          3.8155               0         0.41246         0.21634         0.23044        0.034274         0.84423         0.18408               
         A         40        LEU          36.957          67.582          30.064          65.277          31.722         0.37775         0.65435         0.38241         0.66236          1.5297               0         0.66327         0.18461          0.6092         0.14716          1.0233         0.45733               
         A         41        ASP          57.547           13.83          72.192          67.548          38.482         0.60604         0.82469               0               0          2.2182               0         0.89291         0.50974           1.326         0.33931          1.7065         0.22587               
         A         42        ILE          9.3118          33.447          4.0408          39.921          3.9029         0.53138         0.69083         0.38237         0.66228          1.5295               0         0.27399         0.11957         0.17686         0.05673         0.49926        0.091087               
         A         43        LEU          27.019          12.589          30.267               0          32.018         0.34024         0.59297               0               0          1.4924               0         0.25749         0.07707         0.31377        0.036827         0.36208          0.1085               
         A         44        VAL          12.034           26.02          8.3211          29.196          8.4316         0.43155         0.68242         0.50981         0.72099          1.5294               0         0.22024        0.075982         0.22704         0.10234         0.36208         0.11443               
         A         45        SER          11.718          23.313           5.353          16.419          6.1772         0.24857         0.55583               0               0          1.4914               0         0.11085        0.020609        0.096829               0          0.1326         0.07978               
         A         46        ARG          50.372          16.902          56.662          57.917          37.545         0.23164         0.49175               0               0          1.3184               0         0.51881         0.37937         0.70059         0.36661          1.3415         0.15137               
         A         47        SER         0.15724               0         0.24355         0.29068               0           2.022          1.0619         0.71111         0.71111           3.198               0         0.15445        0.033724         0.16956        0.049141          0.2187         0.12042               
         A         48        LEU          18.384               0          22.522               0          21.785          1.3934          1.1816         0.38219         0.66197          3.0837               0         0.22562        0.072934         0.28655         0.05161          0.3445         0.14504               
         A         49        LYS           54.26               0          66.272          63.522          48.819          1.0909          1.2882               0               0          3.2893               0          0.4472         0.44368         0.73256         0.41128          1.3415        0.021556               
         A         50        MET          3.5731          2.0796          3.9062          2.5617          3.7489           1.416           1.221          1.1306          1.1748          3.1619               0         0.04634        0.026723        0.056897        0.020005         0.07978               0               
         A         51        ARG          21.534           8.761          23.935          29.084          8.7005         0.50539         0.67288         0.40555         0.64412          1.5334               0         0.27028         0.16803         0.37171         0.12273         0.54369        0.021556               
         A         52        GLY          9.2466          9.2466               0          10.241          8.3601         0.88388         0.93961               0               0          2.2186               0         0.05583        0.025903               0               0        0.074214        0.011638               
         A         53        GLN          1.6164          8.1643               0          2.4973               0          2.1001          1.4082          3.2345         0.54309           4.064               0       0.0085657        0.017604        0.014654        0.021764        0.057855               0               
         A         54        ALA               0               0               0               0               0          2.8745         0.38686           3.246               0          3.2481           2.217        0.011853        0.020497       0.0067513               0        0.052513               0               
         A         55        PHE         0.35171               0         0.42252               0         0.40578          2.2569          1.3978           1.453          1.0183          4.5328               0       0.0082209        0.015104       0.0016626       0.0040726        0.041988               0               
         A         56        VAL               0               0               0               0               0          4.7644         0.73767          4.0182         0.30239           5.655          3.6363               0               0               0               0               0               0               
         A         57        ILE               0               0               0               0               0          4.3639         0.70519          3.7154         0.16857           5.332          3.4675        0.088862        0.056422         0.12963        0.011039         0.14504               0               
         A         58        PHE               0               0               0               0               0          3.7656         0.72997          3.9363         0.47348          4.8674          2.4402        0.077209        0.087597        0.023759        0.031049         0.24789               0               
         A         59        LYS           59.59          38.601          64.237           73.42          51.465         0.30341         0.57118               0               0          1.5004               0          1.2315         0.81371          1.7573         0.74235           2.789         0.32737               
         A         60        GLU          60.953               0          77.007          65.765          54.094          1.0537          1.2462               0               0          3.2303               0          1.6063          1.0997          2.4063         0.84498          3.5304         0.35323               
         A         61        VAL          39.075               0          49.449               0          47.277          1.0805          1.0037               0               0          2.4933               0         0.74518         0.10445         0.82916          0.0446         0.86069         0.55521               
         A         62        SER          58.065          16.347          80.964          35.792          84.311         0.20464          0.4576               0               0          1.2279               0         0.92875         0.23259          1.2053        0.011668           1.217         0.60306               
         A         63        SER          11.684          7.4581          14.004           9.545          14.205         0.90947         0.95647               0               0          2.4108               0         0.32825         0.13071         0.32786        0.025373         0.57877         0.18408               
         A         64        ALA               0               0               0               0               0          3.2016          0.8576          4.5688               0          4.5688          2.4305         0.11471         0.01782          0.1085               0         0.14504        0.091087               
         A         65        THR          31.485          1.9871          41.314          11.679          45.331         0.38913         0.61938               0               0          1.4953               0         0.64283         0.22142          0.8506         0.14884          1.0431         0.30248               
         A         66        ASN          49.174          6.6761           62.72          54.745          35.097         0.34072         0.59401               0               0          1.4981               0         0.88146         0.29286          1.1412         0.17729          1.3954         0.55521               
         A         67        ALA               0               0               0               0               0          3.0237         0.65958          4.1952               0          4.1952          2.2143         0.23058        0.098136        0.096829               0         0.39864        0.096829               
         A         68        LEU          8.1024               0          9.9261               0          9.6014           1.647          1.0368          1.0064          1.0631          2.7008               0         0.32012          0.1475         0.20729        0.055721         0.55521         0.11443               
         A         69        ARG          79.627          64.656           82.44          91.197          59.958         0.13663         0.43207               0               0           1.503               0          1.5952         0.53921          1.8951         0.41621          2.5931         0.69429               
         A         70        SER          53.032          23.933          69.004          66.067          37.673               0               0               0               0               0               0          1.1547         0.24583          1.3779         0.29389          1.6718         0.89452               
         A         71        MET          10.358               0          12.668               0          12.158          1.1021         0.93096         0.38246         0.66244           2.433               0         0.40355         0.13571         0.28743        0.061264         0.62811         0.19084               
         A         72        GLN           48.52          43.584          49.735          42.515          59.538         0.30283            0.57               0               0          1.4956               0         0.89741         0.18831         0.85126         0.18141          1.1937         0.51013               
         A         73        GLY          34.008          34.008               0          60.731           10.23         0.37288         0.64584               0               0          1.4915               0         0.93379         0.21128               0               0          1.2652         0.69429               
         A         74        PHE          48.589          4.3383          57.497               0          56.057         0.23139         0.49121               0               0          1.3167               0          1.2089         0.55571          1.4739         0.53293          2.2562          0.5669               
         A         75        PRO          70.242          43.117          79.088          63.554          71.484         0.21062          0.5159               0               0          1.4743               0          1.1306         0.30686          1.4638        0.077913          1.5728         0.75124               
         A         76        PHE          16.773          73.455          5.3628          85.514          6.2069         0.37411         0.61126         0.39982         0.63217          1.3999               0         0.37022         0.21813         0.22101        0.088041         0.75124        0.091087               
         A         77        TYR          19.932          20.219          19.879          6.0959          26.586               0               0               0               0               0               0         0.62391         0.21321         0.50738         0.10886          1.0431         0.33588               
         A         78        ASP          99.336          101.42          98.638          104.13          90.197               0               0               0               0               0               0          2.2015         0.79268          2.8681         0.58825          3.6311          1.3155               
         A         79        LYS          46.323           21.56          51.805          32.502          54.443               0               0               0               0               0               0          1.1592          0.1303           1.192        0.078149          1.2901         0.89452               
         A         80        PRO          74.521          11.737          94.996          8.3602          86.812               0               0               0               0               0               0            1.07         0.31661          1.3835          0.1232          1.5414         0.65395               
         A         81        MET          3.6961          9.3594          2.4333           3.272          3.7698         0.15392         0.40723               0               0          1.2313               0         0.32101         0.14415         0.19372        0.086834         0.51013          0.1085               
         A         82        ARG          65.608          3.6221          77.256          64.971           66.69         0.24748         0.52797               0               0          1.4924               0          1.3891          1.0026          1.9432         0.85203           3.253         0.27072               
         A         83        ILE          1.3718          7.2831        0.080868          8.6928        0.078108          1.6096          1.0624          1.7543          1.1399          2.9831               0         0.17561          0.1189        0.067429        0.056404         0.31897        0.026589               
         A         84        GLN          45.389          11.556          53.737          40.497          54.366         0.55763          0.8199               0               0          2.2135               0         0.31414         0.13513         0.40737        0.082609         0.51013        0.096829               
         A         85        TYR          12.008          27.374          9.1351          13.278          11.397           1.065         0.98271          1.2556          1.0493          2.4252               0         0.17651        0.079025         0.20745        0.079867         0.30248         0.07978               
         A         86        ALA         0.94685           2.344               0          3.2576               0          1.8462          1.1472           3.375               0           3.375               0         0.13514        0.094489        0.057855               0         0.29439        0.047224               
         A         87        LYS          48.062          7.7831          56.978          58.599          41.871         0.30259         0.56947               0               0          1.4932               0         0.71574         0.29944         0.88064         0.27417          1.3682         0.26302               
         A         88        THR          54.674          12.736          68.649           8.724          86.796         0.50515         0.83419               0               0          2.2183               0         0.57851         0.23383         0.77273         0.19638          1.0233         0.22587               
         A         89        ASP          59.848          24.261           71.77           64.57          50.848         0.18703         0.49484               0               0          1.4963               0         0.63651         0.27455         0.87847         0.16281          1.1265         0.27072               
         A         90        SER          4.7047          13.276               0          6.1934          2.9505          1.4745          1.2575          2.9969         0.48714           3.484               0         0.32181         0.14623         0.15135        0.060263         0.53233        0.091087               
         A         91        ASP          49.147          25.185          57.174          55.012          37.967               0               0               0               0               0               0          0.8529         0.17473         0.96463         0.12709          1.1708         0.53233               
         A         92        ILE          28.427          24.179          29.352         0.16398          33.421         0.51004         0.66312         0.38322         0.66376          1.5329               0         0.61198         0.13812         0.55319          0.1386         0.84423         0.38932               
         A         93        ILE          15.681               0          19.104               0          18.452           1.104         0.90554           0.382         0.66164          2.2189               0         0.60706         0.20643         0.48112         0.15201          0.9119         0.26302               
         A         94        ALA          34.022          15.886          46.313          1.7976          47.232         0.79151          1.0079               0               0          2.4153               0          1.0722         0.13646          1.0633               0          1.2901         0.87746               
         A         95        LYS          61.713          11.955          72.728          72.061          55.633         0.57981         0.87399               0               0          2.4598               0          1.6895         0.39327          1.8691         0.44073          2.6561          1.2901               
         A         96        MET          61.264          75.888          58.003          77.831          58.386         0.18787         0.49705               0               0          1.5029               0          1.3342          0.2782          1.1432         0.15535          1.8944         0.92961               
         A         97        LYS          72.095          134.35          58.314          97.748          57.023               0               0               0               0               0               0          1.7932         0.28588          1.6645         0.12953          2.4164          1.4809               
         A         98        GLY          30.801          30.801               0               0          58.193          1.2197         0.79598               0               0          2.2322               0            2.15         0.11719               0               0          2.3079          1.9771               
         A         99        THR          79.275          53.405          87.896          74.296          82.756               0               0               0               0               0               0          2.4522         0.31488          2.7745          0.1739           2.932          2.1104               
         A        100        PHE          66.764          40.684          72.015           51.17          69.161         0.37021         0.60786               0               0          1.5206               0          2.3977         0.44662          2.4576         0.50833           3.168          1.7786               
         A        101        VAL          93.413          135.84          82.149          136.08          84.457               0               0               0               0               0               0          3.3736         0.62036          3.4618         0.53302          4.3435          2.5931               
