pdb_id: 1AUD
analysis type: unbound
radii_file: E:\PBR\111aPRBind-master\aPRBind program\Source code\Feature extraction\CX&DPX\amac_data\chothia.radii
ASA_zSice: 0.25
ASA_rSolvent: 1.4
rasa_file: E:\PBR\111aPRBind-master\aPRBind program\Source code\Feature extraction\CX&DPX\amac_data\natural_asa.asa
CX_sRadius: 10
CX_vAtom: 20.1

  chain id|    res id|  res name|     total RASA|    b-bone RASA|   s-chain RASA|     polar RASA|   n-polar RASA|    average DPX|      s_avg DPX|   s-ch avg DPX| s-ch s_avg DPX|        max DPX|        min DPX|     average CX|       s_avg CX|    s-ch avg CX|  s-ch s_avg CX|         max CX|         min CX|               
         B         19          G          85.941               0          98.245          153.75          37.576         0.13935         0.41822         0.16394         0.44916          1.4319               0          2.1804         0.62869          1.9509         0.28204          3.8465          1.4232               
         B         20          G          63.558          3.4656          72.161          118.82          24.141         0.23793          0.5197         0.27362         0.54848          1.4316               0          1.3351          0.7875          1.1794         0.70224          3.0076          0.3445               
         B         21          C          66.277          5.7268          76.016          130.54          25.246         0.19666         0.46869         0.23137         0.50041          1.3657               0           1.245         0.67769           1.025         0.45296          2.8592         0.48855               
         B         22          A          67.047          5.8341          76.009          137.72          22.043         0.37423         0.61151         0.43331         0.63826          1.4321               0          1.0612         0.59939         0.90768         0.44477           2.789         0.38012               
         B         23          G          66.006          6.0254          74.592          137.04          15.338         0.35921         0.60488         0.41309         0.63127          1.4325               0         0.88073         0.37317         0.74676         0.13904          1.9771         0.57877               
         B         24          A          61.178        0.084185          70.122          117.37          25.396         0.13162          0.4163          0.1524         0.44441          1.4755               0         0.94924         0.19166         0.96576         0.20105           1.605         0.73665               
         B         25          G          67.892          4.0841          77.027          125.17          27.033         0.18449         0.47645         0.21217         0.50515          1.4324               0         0.89283         0.33297          0.8269          0.3021          1.6718         0.54369               
         B         26          U          60.646          1.0234          70.395          109.59          24.362         0.28078         0.56169         0.33032         0.59565          1.4325               0          1.1882         0.51989          1.1079         0.51192          2.0647         0.46759               
         B         27          C          64.718           6.234          74.125           131.3          22.211         0.45259         0.71631         0.53245         0.74908          2.2588               0          1.2172         0.65833          1.0429         0.50214           2.932         0.33588               
         B         28          C          61.099          3.0534          70.435          130.52          16.774         0.41685         0.63718         0.49042         0.66451          1.4325               0           1.229         0.57865          1.1144         0.53606          2.3079         0.48855               
         B         29          U          54.549          4.3772          62.752          102.94          18.673         0.27344         0.54819          0.3217         0.58139          1.4389               0          1.0575         0.54681         0.85721         0.28797          2.2562         0.46759               
         B         30          U          94.616          2.3115          109.71          158.47          47.278         0.21463         0.51091          0.2525         0.54546          1.4317               0          1.5578         0.41551          1.5664         0.41222          2.5322          1.0038               
         B         33          C          54.047         0.36247          62.682          116.09          14.433         0.35965         0.62351         0.42312         0.65613          1.5308               0         0.57995          0.2078         0.50893         0.12557           1.105         0.30248               
         B         34          G          64.715          3.4015          73.493          116.14          28.036          0.2984         0.56641         0.34316         0.59462          1.4317               0         0.97644         0.39271          1.0225         0.40069          1.8162         0.51013               
         B         35          G          68.723          4.1239          77.971          138.19          19.175         0.35424         0.59714         0.40737         0.62324           1.432               0          1.0888         0.58056           1.037         0.59442          1.9771         0.35323               
         B         36          G           64.66          3.7091          73.386          126.66          20.439         0.23612         0.51468         0.27154         0.54315          1.3884               0          1.0921         0.69034          0.9006         0.49293           2.932         0.30248               
         B         37          A          66.073          3.7066          75.205           136.4           21.29         0.43777         0.64123         0.50689         0.66412          1.4317               0          1.2955         0.67721          1.1824         0.63571          2.6561         0.38932               
         B         38          C          75.243           6.707          86.266          150.68          27.076         0.19669         0.46877         0.23141         0.50049          1.3654               0          1.4156         0.71962          1.1751         0.46384          3.0862         0.59082               
         B         39          A          81.884          3.9131            93.3          174.36          22.999         0.12635         0.39976          0.1463         0.42676          1.4321               0          1.6074         0.46261          1.4884         0.28406           3.253          1.1265               
         B         40          U           83.95          4.1508          96.997          148.28          36.263        0.068547         0.29879        0.080644         0.32257          1.3709               0           1.728         0.60773          1.5053         0.31232           3.253          1.1484               
         B         41          U          106.04         0.65724          123.27          173.95          55.703         0.21659         0.51621         0.25481         0.55115          1.5279               0          2.6258         0.54531          2.7627         0.46973          3.8465          1.7065               
         B         42          G          89.609            3.72           101.9          158.02          40.815        0.062191          0.2917        0.071519         0.31175          1.4304               0          2.0673         0.40037           1.952         0.28686          2.8592          1.3954               
         B         43          C          103.89          2.6378          120.18          180.93           54.71               0               0               0               0               0               0          2.8542         0.72336          2.9011         0.74952          5.1293          2.0647               
         B         44          A          86.645          3.8176          98.772          157.44           41.56         0.13014         0.41152         0.15068         0.43931           1.432               0          1.9247         0.57115          1.8605         0.58671           2.789          1.1265               
         B         45          C          80.253          5.8351          92.222          167.92          24.281          0.1398         0.41952         0.16447         0.45055          1.4307               0          2.0467         0.56626          2.1736         0.51465          3.0862          1.1265               
         B         46          C          74.336           3.618          85.711          138.97          33.069         0.20685         0.49264         0.24335         0.52597          1.4325               0          1.4645         0.64733          1.2549          0.4343          3.0076         0.68063               
         B         47          U          68.796          3.7485          79.431          123.38           28.33         0.27085         0.54276         0.31864         0.57563          1.4323               0          1.3821         0.60208          1.2472         0.52374          2.7214          0.5669               
         B         48          G          62.133          3.5725          70.516          129.73          13.916         0.47866         0.65649         0.55046         0.67536          1.4318               0          1.0062         0.61729         0.83257         0.44291          2.5322         0.36208               
         B         49          C          41.695          4.4582          47.684          87.219          12.629         0.34659         0.60067         0.40776         0.63209          1.4329               0         0.84436         0.40131         0.70674         0.22029          2.0203         0.41767               
         B         50          C          93.858          6.0845          107.98          185.46          35.375        0.068136           0.297         0.08016         0.32064          1.3627               0          1.6292         0.50107          1.6246          0.5409           3.253          1.1708               
         A          1        ALA          135.22           198.3          92.477          220.09          100.46               0               0               0               0               0               0          7.8025          1.0421          7.6832               0          9.4199          6.7184               
         A          2        VAL           83.23          93.486          80.508          99.922          79.726               0               0               0               0               0               0          5.6192         0.87599          6.2171         0.90109          7.3359          4.6324               
         A          3        PRO          74.848          59.666          79.799           41.36          81.069         0.17567         0.43029               0               0          1.2297               0          3.2272         0.68308          3.0625         0.83328          4.2099          2.2562               
         A          4        GLU          83.783          101.53          79.115          83.034          84.851         0.13673         0.38672               0               0          1.2305               0          2.2123         0.30158          2.0285         0.23569          2.7214          1.7786               
         A          5        THR          77.658           86.13          74.835           51.64          95.848               0               0               0               0               0               0          1.5262         0.27883          1.5744         0.29806          1.9771          1.2652               
         A          6        ARG          45.403          10.561           51.95          51.306          35.368         0.23029         0.48878         0.18636         0.45649          1.3045               0          1.2378         0.29712          1.3848         0.17576          1.7065         0.61548               
         A          7        PRO          67.322          27.336          80.363          41.644          72.093               0               0               0               0               0               0          0.9822         0.28962          1.2615         0.20928          1.4232         0.61548               
         A          8        ASN          5.5002          9.6292          4.1841          4.4284          8.2086         0.95114         0.79025         0.69034         0.69854          2.2168               0         0.51136         0.22705         0.67816         0.19622         0.92961         0.24789               
         A          9        HIS          15.411          1.3476          18.765           12.93          17.153          1.0072          1.1459         0.46278         0.65447          3.3276               0         0.28358         0.11956          0.3531        0.087844           0.478        0.068705               
         A         10        THR          4.0028               0          5.3367               0          6.8011          1.5221          1.0651         0.47353         0.66967          2.7124               0        0.066224        0.026416        0.063381        0.011644         0.12042        0.036804               
         A         11        ILE       0.0098616               0        0.012014               0        0.011604          2.7109           1.242          1.8726          1.2768          3.7754               0        0.028002        0.030962        0.010791        0.011357        0.096829               0               
         A         12        TYR          21.373               0           25.37          14.105          24.867         0.79792          1.1703               0               0          3.0309               0         0.40667         0.14096         0.48454        0.098998         0.65395         0.15137               
         A         13        ILE         0.53057               0         0.64639               0         0.62432            1.96          1.3486         0.76544         0.76544          3.6416               0         0.14554         0.10351        0.049408        0.038164          0.2864               0               
         A         14        ASN          27.741               0          36.583          33.233          13.864         0.94305           1.001               0               0          2.4732               0         0.63983         0.21361         0.81724         0.15674          1.0633         0.39864               
         A         15        ASN          60.591          52.999          63.011          62.527          55.701               0               0               0               0               0               0         0.80522         0.31731          1.0629         0.24045          1.3682         0.43722               
         A         16        LEU          9.5006           43.31          1.8906          41.421          3.5979         0.19124         0.50596         0.38247         0.66246          1.5299               0         0.26598         0.16121         0.12439        0.051922         0.53233        0.041988               
         A         17        ASN          17.897          12.601          19.586          23.758          3.0879         0.34569         0.60361         0.38395         0.66501          1.5358               0         0.70752         0.20686         0.88459         0.11375         0.98474         0.40809               
         A         18        GLU          76.853           99.65          70.855          94.642          51.494               0               0               0               0               0               0          1.2957         0.30187           1.405         0.29678          1.8548         0.87746               
         A         19        LYS          77.498          48.489           83.92          79.822          76.132          0.1464         0.41409               0               0          1.3176               0          1.6791         0.67975          2.1099         0.63175           3.168         0.96601               
         A         20        ILE          11.849          31.673          7.5187          33.561          8.0117         0.19178         0.50739         0.38355         0.66433          1.5342               0         0.55733         0.12757         0.44065         0.07136         0.69429         0.36208               
         A         21        LYS          63.284          21.964          72.431          35.375          79.682         0.14609          0.4132               0               0          1.3148               0          1.4806         0.65774          2.0023         0.37254          2.4733         0.53233               
         A         22        LYS          60.606          9.8478          71.842          42.813           71.06         0.13652         0.38614               0               0          1.2287               0          1.2799          0.4471          1.5995         0.33524          1.9352         0.70818               
         A         23        ASP          70.419          8.3087          91.226          68.617          73.855               0               0               0               0               0               0          1.6562         0.62242          2.2349         0.31144          2.7214         0.96601               
         A         24        GLU          43.858          11.772          52.309          49.956          35.165         0.28375         0.53132               0               0          1.3241               0          1.2118         0.37876           1.474         0.28416          1.8944         0.68063               
         A         25        LEU          6.8117               0          8.3449               0          8.0719           1.356          1.1492         0.38201         0.66165          3.0681               0          0.2226         0.14802         0.10871        0.070702         0.52115       0.0067513               
         A         26        LYS          40.519          6.6256          48.022          59.463          29.389         0.61734         0.91117         0.30599         0.61197          2.4908               0         0.56822         0.27551         0.71976         0.28967           1.217         0.32737               
         A         27        LYS          67.701          27.266          76.652          50.504          77.805         0.14658          0.4146               0               0          1.3192               0          1.2977         0.72902          1.7812         0.65372          2.8592         0.60306               
         A         28        SER          28.296          16.973          34.511          32.136           23.77         0.20506         0.45854               0               0          1.2304               0         0.55233        0.089385         0.65177        0.084874         0.73665         0.46759               
         A         29        LEU           0.606               0         0.74241               0         0.71812           2.193         0.94779           1.631          1.0211          3.1464               0         0.13507        0.084533        0.054469        0.025709         0.24046        0.026589               
         A         30        HIS          47.111            2.25           57.81          41.286          51.203         0.40219         0.83208               0               0           2.487               0         0.54593         0.16031          0.6135         0.15625         0.87746         0.31068               
         A         31        ALA          48.427          25.683          63.842          8.1431          64.942         0.24602         0.49204               0               0          1.2301               0         0.89317         0.12924           1.084               0           1.084         0.69429               
         A         32        ILE          21.842          2.8925          25.979          3.1167          25.151         0.33931         0.59114               0               0          1.4846               0         0.49387         0.12301         0.41275          0.1169         0.65395         0.27072               
         A         33        PHE         0.32982               0         0.39621               0         0.38051          2.0077          1.1424          1.6368          1.2775          3.8075               0         0.11493          0.1439       0.0082651        0.020245          0.3445               0               
         A         34        SER          30.583          23.597          34.417          29.924          31.359         0.67038         0.98749               0               0          2.4896               0         0.71036          0.1809         0.79282        0.084639          0.9119         0.38932               
         A         35        ARG          82.794           99.93          79.574          89.652          71.135         0.12005         0.37963               0               0          1.3206               0          1.8798         0.84738          2.2901         0.79585          3.7363         0.89452               
         A         36        PHE           42.89          107.08          29.968          111.58          32.332         0.11965         0.37835               0               0          1.3161               0         0.69107         0.15162         0.61485         0.10389          1.0431         0.49926               
         A         37        GLY          30.708          30.708               0           3.129          55.233         0.32936         0.57046               0               0          1.3174               0         0.63287        0.050967               0               0         0.70818          0.5669               
         A         38        GLN           61.45           26.22          70.142          58.909          66.111         0.39238         0.76407               0               0          2.2154               0          1.5961          1.0113          2.3387         0.76272          3.3416         0.46759               
         A         39        ILE          6.1347          34.226               0          40.851               0           1.891          1.3511          3.1013         0.49901          3.8155               0         0.41246         0.21634         0.23044        0.034274         0.84423         0.18408               
         A         40        LEU          36.957          67.582          30.064          65.277          31.722         0.37775         0.65435         0.38241         0.66236          1.5297               0         0.66774         0.18258         0.61471         0.14354          1.0233         0.45733               
         A         41        ASP          57.547           13.83          72.192          67.548          38.482         0.60604         0.82469               0               0          2.2182               0         0.99164         0.51767           1.441         0.32138          1.8162         0.31897               
         A         42        ILE          9.3118          33.447          4.0408          39.921          3.9029         0.53138         0.69083         0.38237         0.66228          1.5295               0         0.37157         0.18481         0.19669         0.05428         0.61548         0.12647               
         A         43        LEU          55.816          12.589          65.546               0          66.143         0.34024         0.59297               0               0          1.4924               0         0.78208         0.25247         0.97392         0.18765          1.2652         0.41767               
         A         44        VAL          17.703          53.041          8.3211          61.448            8.52         0.43155         0.68242         0.50981         0.72099          1.5294               0         0.52605         0.19833         0.35507         0.13485         0.84423         0.19084               
         A         45        SER          45.314          34.702          51.139          45.424          45.184               0               0               0               0               0               0          0.7822         0.19456           1.024        0.039302          1.0633         0.52115               
         A         46        ARG          63.725          55.469          65.277           66.26          59.416               0               0               0               0               0               0          1.2196             0.3          1.2503         0.31977          1.9352         0.87746               
         A         47        SER          49.764          26.413           62.58          9.0292          97.763         0.20506         0.45853               0               0          1.2304               0          1.6966         0.22827          1.9034          0.1613          2.0647          1.4232               
         A         48        LEU          82.092          42.492          91.006          49.294          88.164         0.15371         0.40668               0               0          1.2297               0          2.5833         0.71805          3.2023          0.4906          3.9618          1.7421               
         A         49        LYS          84.276          48.296          92.241          80.157          86.696         0.13659         0.38632               0               0          1.2293               0          2.8821          1.7588          4.0149          1.6043          6.4428         0.94764               
         A         50        MET          27.301          2.0796          32.926          2.5617          31.599          1.2979          1.0845          1.1306          1.1748          2.7129               0         0.87823         0.22806         0.97058         0.13457           1.217         0.53233               
         A         51        ARG          54.935          32.029          59.239          62.141          42.684               0               0               0               0               0               0          1.3835         0.68336          1.8122         0.47292          2.5322         0.51013               
         A         52        GLY          14.395          14.395               0          13.815          14.907         0.30763         0.53283               0               0          1.2305               0         0.29073        0.054162               0               0         0.35323         0.20461               
         A         53        GLN          11.932          8.1643          12.861          18.434               0         0.98085         0.97016          1.2197          1.0892          2.4678               0         0.37228         0.19359         0.53041         0.10339         0.68063         0.13878               
         A         54        ALA               0               0               0               0               0          2.8687         0.38141           3.246               0           3.246           2.217         0.15008        0.037588        0.085404               0         0.19769        0.085404               
         A         55        PHE          25.697               0           30.87               0          29.647         0.86939          1.1971               0               0          3.0655               0         0.31316         0.10969         0.38348        0.068266         0.46759         0.13878               
         A         56        VAL               0               0               0               0               0          3.7299          0.4683          4.0182         0.30239          4.3759          2.9196        0.021796        0.026152               0               0        0.063253               0               
         A         57        ILE        0.013149               0        0.016019               0        0.015472          2.8513          1.4187          1.8747           1.281          4.5922               0         0.16979        0.086243         0.25047        0.029849         0.29439        0.057855               
         A         58        PHE               0               0               0               0               0          3.7656         0.72997          3.9363         0.47348          4.8674          2.4402        0.078226        0.087621        0.023759        0.031049         0.24789               0               
         A         59        LYS           59.59          38.601          64.237           73.42          51.465         0.30341         0.57118               0               0          1.5004               0          1.2315         0.81371          1.7573         0.74235           2.789         0.32737               
         A         60        GLU          60.953               0          77.007          65.765          54.094          1.0537          1.2462               0               0          3.2303               0          1.6063          1.0997          2.4063         0.84498          3.5304         0.35323               
         A         61        VAL          39.075               0          49.449               0          47.277          1.0805          1.0037               0               0          2.4933               0         0.74518         0.10445         0.82916          0.0446         0.86069         0.55521               
         A         62        SER          58.065          16.347          80.964          35.792          84.311         0.20464          0.4576               0               0          1.2279               0         0.92875         0.23259          1.2053        0.011668           1.217         0.60306               
         A         63        SER          11.684          7.4581          14.004           9.545          14.205         0.90947         0.95647               0               0          2.4108               0         0.32825         0.13071         0.32786        0.025373         0.57877         0.18408               
         A         64        ALA               0               0               0               0               0          3.2016          0.8576          4.5688               0          4.5688          2.4305         0.11471         0.01782          0.1085               0         0.14504        0.091087               
         A         65        THR          31.485          1.9871          41.314          11.679          45.331         0.38913         0.61938               0               0          1.4953               0         0.64283         0.22142          0.8506         0.14884          1.0431         0.30248               
         A         66        ASN          49.174          6.6761           62.72          54.745          35.097         0.34072         0.59401               0               0          1.4981               0         0.88146         0.29286          1.1412         0.17729          1.3954         0.55521               
         A         67        ALA               0               0               0               0               0          3.0237         0.65958          4.1952               0          4.1952          2.2143         0.23058        0.098136        0.096829               0         0.39864        0.096829               
         A         68        LEU          8.1024               0          9.9261               0          9.6014           1.647          1.0368          1.0064          1.0631          2.7008               0         0.32426         0.14345         0.21558        0.050843         0.55521          0.1326               
         A         69        ARG          79.627          64.656           82.44          91.197          59.958         0.13663         0.43207               0               0           1.503               0          1.5952         0.53921          1.8951         0.41621          2.5931         0.69429               
         A         70        SER          53.032          23.933          69.004          66.067          37.673               0               0               0               0               0               0          1.1547         0.24583          1.3779         0.29389          1.6718         0.89452               
         A         71        MET          10.358               0          12.668               0          12.158          1.1021         0.93096         0.38246         0.66244           2.433               0         0.40355         0.13571         0.28743        0.061264         0.62811         0.19084               
         A         72        GLN           48.52          43.584          49.735          42.515          59.538         0.30283            0.57               0               0          1.4956               0         0.89863          0.1858         0.85346         0.17727          1.1937         0.52115               
         A         73        GLY          34.008          34.008               0          60.731           10.23         0.37288         0.64584               0               0          1.4915               0         0.93379         0.21128               0               0          1.2652         0.69429               
         A         74        PHE          48.589          4.3383          57.497               0          56.057         0.23139         0.49121               0               0          1.3167               0          1.2089         0.55571          1.4739         0.53293          2.2562          0.5669               
         A         75        PRO          70.242          43.117          79.088          63.554          71.484         0.21062          0.5159               0               0          1.4743               0          1.1306         0.30686          1.4638        0.077913          1.5728         0.75124               
         A         76        PHE          16.773          73.455          5.3628          85.514          6.2069         0.37411         0.61126         0.39982         0.63217          1.3999               0         0.37022         0.21813         0.22101        0.088041         0.75124        0.091087               
         A         77        TYR          19.932          20.219          19.879          6.0959          26.586               0               0               0               0               0               0         0.62391         0.21321         0.50738         0.10886          1.0431         0.33588               
         A         78        ASP          99.336          101.42          98.638          104.13          90.197               0               0               0               0               0               0          2.2015         0.79268          2.8681         0.58825          3.6311          1.3155               
         A         79        LYS          51.763           21.56          58.449          47.201          54.443               0               0               0               0               0               0          1.2705         0.20208          1.3873         0.13861          1.5728         0.89452               
         A         80        PRO          74.521          11.737          94.996          8.3602          86.812               0               0               0               0               0               0          1.1111         0.29866          1.4123         0.13575          1.5728         0.72229               
         A         81        MET          3.6961          9.3594          2.4333           3.272          3.7698         0.15392         0.40723               0               0          1.2313               0         0.34005         0.15505         0.20831         0.10479         0.54369          0.1085               
         A         82        ARG          65.608          3.6221          77.256          64.971           66.69         0.24748         0.52797               0               0          1.4924               0          1.4116         0.98448          1.9561         0.83679           3.253          0.3445               
         A         83        ILE          1.3718          7.2831        0.080868          8.6928        0.078108          1.6096          1.0624          1.7543          1.1399          2.9831               0           0.203         0.13189        0.081529        0.060009         0.36208        0.031671               
         A         84        GLN          53.334          11.556          63.643          45.762           67.23         0.55763          0.8199               0               0          2.2135               0         0.52874         0.24969         0.71979         0.15632         0.94764         0.18408               
         A         85        TYR          15.219          47.753          9.1351          23.163          11.397           1.065         0.98271          1.2556          1.0493          2.4252               0         0.22978        0.068397         0.23124        0.079944         0.32737        0.091087               
         A         86        ALA          7.1495          4.1981          9.1497          3.2576          8.7453         0.54581          0.6739               0               0          1.4993               0         0.37383         0.11658         0.31897               0         0.52115         0.20461               
         A         87        LYS          85.686          20.162          100.19          75.172          91.863         0.13667         0.38656               0               0            1.23               0          1.4628         0.61583          1.8334         0.58005          2.8592         0.68063               
         A         88        THR          76.216          19.569          95.092          53.199          92.306         0.17574         0.43046               0               0          1.2301               0          1.3607          0.5757          1.9247         0.36533          2.4164         0.55521               
         A         89        ASP          67.424          54.449           71.77          75.917          51.233         0.18703         0.49484               0               0          1.4963               0         0.90959         0.17517          1.0391         0.15104          1.2652         0.70818               
         A         90        SER          15.177          23.493          10.613           18.86          10.838         0.45632         0.64606         0.71092         0.71092          1.4218               0         0.63046         0.20068         0.38729        0.059916         0.89452         0.32737               
         A         91        ASP          89.762          39.171          106.71          88.918          91.372               0               0               0               0               0               0          1.8303         0.55058          2.3497         0.21899          2.5322          1.1265               
         A         92        ILE          32.746          24.179          34.615         0.16398          38.504         0.51004         0.66312         0.38322         0.66376          1.5329               0         0.88394         0.18333          0.8301         0.23365          1.1265         0.55521               
         A         93        ILE          15.681               0          19.104               0          18.452           1.104         0.90554           0.382         0.66164          2.2189               0         0.68455         0.18557         0.55463         0.12859         0.98474         0.37104               
         A         94        ALA          34.022          15.886          46.313          1.7976          47.232         0.79151          1.0079               0               0          2.4153               0          1.1721         0.11244          1.3155               0          1.3155          1.0233               
         A         95        LYS          61.713          11.955          72.728          72.061          55.633         0.57981         0.87399               0               0          2.4598               0          1.6967         0.39171           1.882          0.4328          2.6561          1.2901               
         A         96        MET          61.264          75.888          58.003          77.831          58.386         0.18787         0.49705               0               0          1.5029               0          1.3342          0.2782          1.1432         0.15535          1.8944         0.92961               
         A         97        LYS          72.095          134.35          58.314          97.748          57.023               0               0               0               0               0               0          1.7932         0.28588          1.6645         0.12953          2.4164          1.4809               
         A         98        GLY          30.801          30.801               0               0          58.193          1.2197         0.79598               0               0          2.2322               0            2.15         0.11719               0               0          2.3079          1.9771               
         A         99        THR          79.275          53.405          87.896          74.296          82.756               0               0               0               0               0               0          2.4522         0.31488          2.7745          0.1739           2.932          2.1104               
         A        100        PHE          66.764          40.684          72.015           51.17          69.161         0.37021         0.60786               0               0          1.5206               0          2.3977         0.44662          2.4576         0.50833           3.168          1.7786               
         A        101        VAL          93.413          135.84          82.149          136.08          84.457               0               0               0               0               0               0          3.3736         0.62036          3.4618         0.53302          4.3435          2.5931               
