pdb_id: 1QFQ
analysis type: bound
radii_file: E:\PBR\111aPRBind-master\aPRBind program\Source code\Feature extraction\CX&DPX\amac_data\chothia.radii
ASA_zSice: 0.25
ASA_rSolvent: 1.4
rasa_file: E:\PBR\111aPRBind-master\aPRBind program\Source code\Feature extraction\CX&DPX\amac_data\natural_asa.asa
CX_sRadius: 10
CX_vAtom: 20.1

  chain id|    res id|  res name|     total RASA|    b-bone RASA|   s-chain RASA|     polar RASA|   n-polar RASA|    average DPX|      s_avg DPX|   s-ch avg DPX| s-ch s_avg DPX|        max DPX|        min DPX|     average CX|       s_avg CX|    s-ch avg CX|  s-ch s_avg CX|         max CX|         min CX|               
         A          1          G          107.51          50.664          115.65          117.16          100.62         0.33167         0.63072         0.36376         0.65164          2.0826               0         0.90188         0.78792         0.68943         0.37672          3.8465         0.26302               
         A          2          C          48.048          2.7091           55.34          39.744           53.35         0.84357         0.89012         0.93396         0.89039          2.4516               0         0.12093         0.17153        0.096995         0.15821         0.52115               0               
         A          3          C          29.325          2.5145          33.637          30.905          28.316          1.1614          1.0682          1.2859          1.0503          3.4783               0       0.0053069         0.02786      0.00024112       0.0012529         0.15776               0               
         A          4          C          41.941               0          48.687          36.087          45.678           1.026          1.0777          1.0028          1.0897          3.5664               0        0.018039        0.053242        0.019972        0.055676         0.21161               0               
         A          5          U          42.521           2.567          49.053          36.216          47.191         0.99053         0.99552          1.1006         0.98998          2.9308               0        0.058836         0.10387        0.054695         0.09902         0.32737               0               
         A          6          G          32.686          2.9678          36.941          46.636          22.736          1.3618          1.1142          1.4936          1.0793          3.6378               0        0.034002         0.10679       0.0044769        0.024521         0.54369               0               
         A          7          A          27.076          2.4026          30.689          27.879          26.565          1.5789          1.3865          1.7368          1.3566          4.1704               0       0.0051778        0.020432       0.0056955        0.021361        0.091087               0               
         A          8          A          14.549               0          16.679          7.8664          18.805          1.7502          1.3228          1.5603            1.23          4.2015               0      0.00050222        0.002841      0.00055244        0.002975        0.016573               0               
         A          9          A          79.425               0          91.054          54.577          95.249         0.44115         0.71802         0.35264         0.61319          2.4942               0         0.27394         0.31489         0.30134         0.31751          1.1708               0               
         A         10          A          62.174         0.32383           71.23          56.107          66.038         0.58213         0.82089         0.59056         0.83121          2.3984               0          0.1843         0.19565         0.19539         0.20092         0.66718               0               
         A         11          A          56.572          5.1958          64.094           82.53          40.042         0.73058         0.81701         0.80363         0.82192          2.4021               0         0.36541         0.38643         0.31029          0.3468          1.3682               0               
         A         12          G          53.759          0.3566          61.404          71.588          41.042         0.59252         0.74787         0.64986         0.75906          2.0667               0         0.29124          0.3672         0.22021         0.28462          1.4517               0               
         A         13          G          58.886          2.5977          66.944          78.007          45.248         0.55939         0.70183         0.61353         0.71206          2.0654               0         0.31964         0.36591         0.25786         0.31058          1.3415               0               
         A         14          G          65.801          2.0487          74.927          72.432           61.07         0.79034         0.86977         0.86682         0.87374          2.5521               0         0.47022         0.43647         0.41617         0.40974          1.4232               0               
         A         15          C          104.68          3.0466          121.03          111.62          100.26         0.25472         0.47394         0.28202          0.4909          1.3673               0         0.98413         0.56203         0.91701         0.54017          2.1104         0.11443               
         B          2        ASP          77.384               0          103.31          53.262          123.36         0.55471          0.8272         0.10788         0.32364          2.4195               0         0.21985         0.18854         0.26405         0.19119         0.51013               0               
         B          3        ALA               0               0               0               0               0          3.1415         0.61637           2.852         0.47977          4.0217          1.9965               0               0               0               0               0               0               
         B          4        GLN          15.484               0          19.305          15.529          15.402          1.8081          1.0969          1.4943          1.0179          3.8368               0               0               0               0               0               0               0               
         B          5        THR          59.235               0          78.975          3.7514          98.024          1.1093          1.1669         0.55044         0.89122          2.6944               0        0.071368        0.098959        0.099915          0.1042         0.31068               0               
         B          6        ARG          47.504               0           56.43           2.742           123.6         0.76785          1.0451         0.53719         0.97084          2.5778               0          0.1108         0.13771         0.13296         0.14075         0.48855               0               
         B          7        ARG               0               0               0               0               0          3.5441         0.71075          3.5493         0.75052          4.6977          1.9618               0               0               0               0               0               0               
         B          8        ARG          8.3851               0          9.9608               0           22.64          1.6929         0.99281          1.5341          1.0093           2.853               0               0               0               0               0               0               0               
         B          9        GLU          65.802          10.316          80.417          63.283          69.393         0.42822         0.76097         0.29423         0.66509          2.1571               0         0.12683         0.19578         0.17295         0.21045         0.69429               0               
         B         10        ARG          68.283          11.077          79.033          4.2383          177.16         0.55626         0.69478         0.48783         0.70427          1.9826               0         0.25433          0.4141          0.3052         0.43618          1.3415               0               
         B         11        ARG          2.1787               0          2.5882               0          5.8826          1.7166         0.94304          1.5472         0.93911          2.9645               0               0               0               0               0               0               0               
         B         12        ALA          53.349               0          89.505               0          75.219          1.0025          1.0559          0.3724         0.83272           2.405               0        0.020695        0.040777        0.034491        0.047911         0.12042               0               
         B         13        GLU          68.478               0          86.514          63.868          75.048         0.73264         0.95933          0.3033         0.69055          2.3069               0         0.28575         0.30156         0.38536         0.29436         0.89452               0               
         B         14        LYS          50.788               0          62.031               0          80.627          1.0532         0.98821         0.85202         0.95365          2.6464               0        0.046495         0.10331        0.056827         0.11162         0.36208               0               
         B         15        GLN            5.71               0          7.1191          8.0042          1.4998          1.7818          1.0527          1.5566          1.0881          3.2273               0               0               0               0               0               0               0               
         B         16        ALA           49.42         0.15628          82.807         0.19955          69.597          0.5657         0.92119          0.4081         0.91255          2.4486               0        0.072119        0.095118         0.11826        0.098692          0.2864               0               
         B         17        GLN          71.506          5.2054          87.867          27.952          151.43         0.49626         0.70347           0.372         0.70452          1.9971               0         0.25705         0.26776         0.33009         0.26639         0.87746               0               
         B         18        TRP          10.436               0          12.071               0          13.457          1.6577          1.0815          1.5929          1.1479          3.3872               0               0               0               0               0               0               0               
         B         19        LYS          35.998          2.4245           43.43          1.1874          56.451            1.22          1.0206          1.1659          1.0244           2.563               0       0.0035861         0.01158        0.004383        0.012665        0.047224               0               
         B         20        ALA          76.706           32.18          106.88          44.724          89.822         0.65261         0.85767         0.35754         0.79949          2.1453               0          0.1444         0.13006         0.19668         0.14147         0.43722               0               
         B         21        ALA          78.162          17.698          119.14          24.596          100.12          0.6738         0.89545         0.39038         0.87291          2.3423               0         0.17314         0.16119          0.2537         0.16212         0.52115               0               
         B         22        ASN          17.543               0          23.134          11.126          33.759          1.9318         0.98257          1.6778          1.0523          3.2519               0       0.0056986        0.020546        0.007978        0.023934         0.07978               0               
         B         23        PRO          22.142               0          29.364               0          26.256          1.0518         0.89991         0.67794          0.7195          2.6185               0       0.0075199        0.014443        0.010528        0.016136        0.036804               0               
         B         24        LEU          63.099          29.957          70.559          35.266          68.251          0.6973         0.79145         0.58948         0.76674          2.1154               0         0.19624         0.19082         0.23158         0.19771         0.64093               0               
         B         25        LEU          53.198          20.938          60.459          17.464          59.811         0.68728         0.95343         0.65746         0.96967          2.5133               0         0.11889         0.13079          0.1506         0.12997         0.42738               0               
         B         26        VAL          24.689         0.29907          31.164         0.36164          29.796         0.87974          0.8546         0.73506         0.79933          2.2002               0       0.0039589        0.010474               0               0        0.031671               0               
         B         27        GLY          83.932         0.18587               0               0          158.57         0.31346         0.49951               0               0          1.2134               0         0.36291         0.16327         0.37832          0.1916         0.59082         0.12042               
         B         28        VAL          102.64          19.643          124.68          23.751           119.2         0.27226         0.47343        0.090053         0.29867          1.2155               0         0.93025         0.28294         0.99259         0.29537           1.605         0.49926               
         B         29        SER          84.705          38.262           110.2           32.49          146.23         0.57052         0.81135         0.44009         0.73867          2.1182               0          1.1522         0.42586          1.3627         0.40059          1.8944         0.68063               
         B         30        ALA          49.004            6.44           77.85          5.2759           66.93         0.72048         0.76582         0.80369         0.84816          1.9789               0         0.41155         0.12671         0.43746         0.10944         0.60306         0.16423               
         B         31        LYS          66.955           20.52          77.234          8.6502          101.21         0.53568         0.69005         0.51498         0.69509          2.1496               0         0.40637         0.18216         0.39768         0.19117         0.84423         0.11443               
         B         32        PRO          92.124          17.486          116.47          27.447          104.14         0.48861         0.56735         0.32371         0.49448          1.3104               0          0.6191         0.22782         0.61429         0.26226          1.0038         0.25541               
         B         33        VAL          72.235          20.097          86.077           22.46          82.683         0.19617         0.40887        0.090022         0.29857          1.0803               0         0.99257         0.17132         0.96101         0.13582          1.3682         0.79653               
         B         34        ASN          107.08          27.451          132.46          26.038          311.88         0.31098         0.49376         0.10794         0.32382          1.2158               0            1.74         0.28745          1.8023         0.30061          2.3613          1.3415               
         B         35        ARG          94.241          11.682          109.76          7.6655          241.42         0.34477          0.5534         0.25001         0.51727          1.7631               0          2.0976         0.49162          2.1489         0.52066           3.434          1.5108               
         B         36        PRO          154.89          198.63          140.63          285.75          130.58         0.45829         0.66167         0.32363         0.48365          2.1013               0          2.4071         0.27619          2.1414         0.32521          2.8592          2.0203               
