pdb_id: 1QFQ
analysis type: unbound
radii_file: E:\PBR\111aPRBind-master\aPRBind program\Source code\Feature extraction\CX&DPX\amac_data\chothia.radii
ASA_zSice: 0.25
ASA_rSolvent: 1.4
rasa_file: E:\PBR\111aPRBind-master\aPRBind program\Source code\Feature extraction\CX&DPX\amac_data\natural_asa.asa
CX_sRadius: 10
CX_vAtom: 20.1

  chain id|    res id|  res name|     total RASA|    b-bone RASA|   s-chain RASA|     polar RASA|   n-polar RASA|    average DPX|      s_avg DPX|   s-ch avg DPX| s-ch s_avg DPX|        max DPX|        min DPX|     average CX|       s_avg CX|    s-ch avg CX|  s-ch s_avg CX|         max CX|         min CX|               
         A          1          G           114.3          50.664          123.41          117.16          112.26         0.26062         0.53637         0.28584         0.55527          2.0788               0          1.5141          1.1458          1.2264         0.66919          5.5124         0.39864               
         A          2          C          64.663          2.7091          74.628          70.022          61.242         0.57529         0.72054         0.63693         0.73181          2.2665               0          0.6052         0.39455         0.52433         0.31977          1.5728        0.063253               
         A          3          C          65.089          2.9676          75.081          68.941           62.63         0.55456         0.74663         0.61397         0.76204          2.2664               0         0.36611         0.37297         0.27886         0.26366          1.4809               0               
         A          4          C          62.821         0.45979          72.851          70.507          57.913         0.48879          0.7018         0.54116           0.719          2.2665               0         0.29598         0.29917          0.2437         0.24513           1.217               0               
         A          5          U          63.317          5.6817           72.74          70.768          57.789          0.6014         0.81311         0.66822         0.83064          2.4781               0         0.29772          0.3202         0.24261          0.2765          1.1484               0               
         A          6          G           46.36          2.9678          52.572           70.75          28.962         0.74604         0.83284         0.81823         0.83766          2.9097               0         0.15164          0.2455        0.084495         0.11771         0.94764               0               
         A          7          A          95.901          2.4026          109.59          78.294          107.11          0.3913         0.66965         0.43043         0.69024          2.0784               0         0.54664         0.16241         0.53407         0.16258         0.89452         0.21161               
         A          8          A          34.576               0          39.638          41.319          30.282         0.80107         0.95821         0.83172         0.97504           3.284               0          0.1515         0.11926         0.16013         0.12056         0.42738               0               
         A          9          A          116.41          0.4922          133.38          86.305          135.58         0.28113         0.56221         0.25978         0.54199          2.0204               0          1.0696         0.44272          1.1166         0.43724          2.4164         0.40809               
         A         10          A          65.163         0.32383          74.657          63.529          66.204          0.5818         0.82017          0.5902         0.83043          2.3876               0         0.26859         0.21571          0.2571         0.21433         0.66718               0               
         A         11          A          60.677          5.1958            68.8          82.996          46.464         0.69992         0.82484         0.76992         0.83337          2.4021               0         0.39376          0.3906         0.33294          0.3454          1.3954               0               
         A         12          G          56.513          0.3566          64.553          78.203          41.042         0.59252         0.74787         0.64986         0.75906          2.0667               0         0.31003         0.36827         0.24037         0.29043          1.4517               0               
         A         13          G          58.891          2.5977           66.95          78.019          45.248         0.55939         0.70183         0.61353         0.71206          2.0654               0         0.32628         0.36236         0.26467         0.30668          1.3415               0               
         A         14          G          65.801          2.0487          74.927          72.432           61.07         0.79034         0.86977         0.86682         0.87374          2.5521               0          0.4805         0.42619         0.42743          0.3992          1.4232               0               
         A         15          C          104.68          3.0466          121.03          111.62          100.26         0.25472         0.47394         0.28202          0.4909          1.3673               0         0.99471         0.54866         0.92871         0.52622          2.1104         0.23312               
         B          2        ASP          105.87          7.4716          138.83          57.607          197.87         0.22818         0.43701         0.10788         0.32364          1.0788               0          1.2251         0.33364          1.3101         0.33378          1.8548         0.73665               
         B          3        ALA          71.285               0           119.6               0          100.51         0.66297         0.91421               0               0          2.5853               0         0.55395         0.25862         0.68641         0.18146         0.98474          0.1085               
         B          4        GLN           59.41               0          74.072           21.49             129          0.6245         0.83232         0.30115         0.57126          2.5123               0         0.39046          0.2233         0.46248         0.20336          0.9119        0.063253               
         B          5        THR          61.595               0           82.12          3.7514          102.03          1.1093          1.1669         0.55044         0.89122          2.6944               0          0.3513         0.18322         0.43954         0.13613         0.66718        0.057855               
         B          6        ARG          62.701               0          74.483           2.742          164.63         0.76269          1.0367         0.53099         0.95851          2.5778               0         0.42127          0.2622         0.49194         0.22829         0.89452        0.011638               
         B          7        ARG          24.975               0          29.668         0.28839          66.942           1.171          1.1307         0.84582         0.92662          3.4189               0        0.064817        0.056487        0.076702        0.054442         0.19084               0               
         B          8        ARG          46.206               0          54.889          1.3759          122.42         0.86935          1.0582         0.54594         0.83847           2.853               0         0.14804         0.19392         0.17765         0.19966         0.68063               0               
         B          9        GLU          65.802          10.316          80.417          63.283          69.393         0.42822         0.76097         0.29423         0.66509          2.1571               0         0.17307         0.21229         0.23449         0.21746         0.70818               0               
         B         10        ARG          74.893          11.077          86.885          4.2508          194.99         0.43741         0.64903         0.34521          0.6319          1.9826               0         0.42848         0.55494         0.51181         0.57254          1.9352               0               
         B         11        ARG          36.883               0          43.814          1.2257            97.5         0.89414         0.98939         0.60063         0.80569          2.6493               0        0.075075          0.1246         0.09009         0.13144         0.44721               0               
         B         12        ALA          53.349               0          89.505               0          75.219          1.0025          1.0559          0.3724         0.83272           2.405               0        0.077046        0.086047         0.11245        0.092702         0.26302               0               
         B         13        GLU          68.478               0          86.514          63.868          75.048         0.73264         0.95933          0.3033         0.69055          2.3069               0         0.34992         0.26945         0.43431         0.26638         0.89452        0.016573               
         B         14        LYS           77.99               0          95.255               0          123.81         0.78467         0.88127         0.52384         0.71659          2.4694               0          0.2745         0.31741         0.33338         0.32257          1.0431               0               
         B         15        GLN          25.811               0          32.181          18.371          39.465         0.92345         0.95927         0.62363         0.86684          2.5949               0               0               0               0               0               0               0               
         B         16        ALA           49.42         0.15628          82.807         0.19955          69.597          0.5657         0.92119          0.4081         0.91255          2.4486               0         0.16587         0.12021         0.22202         0.12208         0.38932       0.0067513               
         B         17        GLN          71.506          5.2054          87.867          27.952          151.43         0.49626         0.70347           0.372         0.70452          1.9971               0         0.36807         0.23977         0.43664         0.23362         0.89452        0.091087               
         B         18        TRP          42.084               0          48.674          2.4438          53.558         0.46938         0.86437         0.16683         0.53544          2.5647               0        0.067053        0.084545        0.078943        0.087778          0.2864               0               
         B         19        LYS            58.2          2.4245          70.547          1.1874          91.697         0.96448          0.9813         0.85352         0.94949          2.5047               0        0.097229         0.16091         0.11884         0.17053         0.59082               0               
         B         20        ALA          76.706           32.18          106.88          44.724          89.822         0.65261         0.85767         0.35754         0.79949          2.1453               0         0.17869         0.12247         0.23178         0.13186         0.43722        0.041988               
         B         21        ALA          78.162          17.698          119.14          24.596          100.12          0.6738         0.89545         0.39038         0.87291          2.3423               0         0.25971         0.15514         0.33451          0.1595          0.5669        0.085404               
         B         22        ASN          17.543               0          23.134          11.126          33.759          1.8616         0.91643          1.5795         0.93746          2.7054               0        0.095212         0.08839         0.12489        0.087592         0.31897               0               
         B         23        PRO          22.142               0          29.364               0          26.256          1.0518         0.89991         0.67794          0.7195          2.6185               0       0.0085372        0.015979        0.011761        0.017911        0.047224               0               
         B         24        LEU          63.099          29.957          70.559          35.266          68.251          0.6973         0.79145         0.58948         0.76674          2.1154               0         0.27064         0.21779         0.31138         0.22415         0.75124       0.0067513               
         B         25        LEU          73.982           27.53          84.438          25.224          83.004         0.50717         0.81242         0.42931         0.77478          2.5133               0         0.44685         0.30108         0.53719         0.27522         0.98474        0.036804               
         B         26        VAL          31.549         0.29907          39.846         0.36164          38.096         0.87972         0.85458         0.73504          0.7993          2.2002               0        0.031452        0.039194        0.017241        0.028033         0.12647               0               
         B         27        GLY          84.694         0.18587               0               0          160.01         0.31346         0.49951               0               0          1.2134               0         0.46042         0.14756         0.51915         0.17402         0.73665         0.24046               
         B         28        VAL          102.64          19.643          124.68          23.751           119.2         0.27226         0.47343        0.090053         0.29867          1.2155               0         0.93278         0.28067         0.99487         0.29301           1.605         0.49926               
         B         29        SER          84.705          38.262           110.2           32.49          146.23         0.57052         0.81135         0.44009         0.73867          2.1182               0          1.1522         0.42586          1.3627         0.40059          1.8944         0.68063               
         B         30        ALA          49.004            6.44           77.85          5.2759           66.93         0.72048         0.76582         0.80369         0.84816          1.9789               0         0.41624          0.1268         0.44528         0.10762         0.61548         0.16423               
         B         31        LYS          66.955           20.52          77.234          8.6502          101.21         0.53568         0.69005         0.51498         0.69509          2.1496               0         0.40637         0.18216         0.39768         0.19117         0.84423         0.11443               
         B         32        PRO          92.124          17.486          116.47          27.447          104.14         0.48861         0.56735         0.32371         0.49448          1.3104               0          0.6191         0.22782         0.61429         0.26226          1.0038         0.25541               
         B         33        VAL          72.235          20.097          86.077           22.46          82.683         0.19617         0.40887        0.090022         0.29857          1.0803               0         0.99257         0.17132         0.96101         0.13582          1.3682         0.79653               
         B         34        ASN          107.08          27.451          132.46          26.038          311.88         0.31098         0.49376         0.10794         0.32382          1.2158               0            1.74         0.28745          1.8023         0.30061          2.3613          1.3415               
         B         35        ARG          94.241          11.682          109.76          7.6655          241.42         0.34477          0.5534         0.25001         0.51727          1.7631               0          2.0976         0.49162          2.1489         0.52066           3.434          1.5108               
         B         36        PRO          154.89          198.63          140.63          285.75          130.58         0.45829         0.66167         0.32363         0.48365          2.1013               0          2.4071         0.27619          2.1414         0.32521          2.8592          2.0203               
