pdb_id: 2ERR
analysis type: bound
radii_file: E:\PBR\111aPRBind-master\aPRBind program\Source code\Feature extraction\CX&DPX\amac_data\chothia.radii
ASA_zSice: 0.25
ASA_rSolvent: 1.4
rasa_file: E:\PBR\111aPRBind-master\aPRBind program\Source code\Feature extraction\CX&DPX\amac_data\natural_asa.asa
CX_sRadius: 10
CX_vAtom: 20.1

  chain id|    res id|  res name|     total RASA|    b-bone RASA|   s-chain RASA|     polar RASA|   n-polar RASA|    average DPX|      s_avg DPX|   s-ch avg DPX| s-ch s_avg DPX|        max DPX|        min DPX|     average CX|       s_avg CX|    s-ch avg CX|  s-ch s_avg CX|         max CX|         min CX|               
         B        197          U          47.204               0          54.923          13.603          72.108         0.49119         0.69766         0.46289          0.7113          2.3217               0           0.219         0.32988         0.16629         0.29405          1.1484               0               
         B        198          G          51.823          1.0823          59.088          71.717          37.633          1.0988          1.2156          1.2052          1.2217          4.2475               0         0.16868         0.21926         0.13336          0.1932         0.65395               0               
         B        199          C          49.034          1.3528          56.703          88.613          23.764         0.81505         0.87603         0.90237         0.87798           2.656               0         0.16844         0.28158          0.0892         0.14615          1.0431               0               
         B        200          A          54.088          2.5713           61.63          62.187           48.93         0.41917         0.61656         0.46108         0.63154          2.0259               0         0.18166         0.24514         0.12107         0.15419         0.89452               0               
         B        201          U          32.385        0.048735          37.673          50.789          18.742          1.0773         0.97646           1.197         0.95715          2.6537               0        0.035219         0.10686               0               0         0.41767               0               
         B        202          G          17.287          0.3658           19.71          29.507          8.5713          1.1185          0.8701          1.2268         0.83519          2.5198               0               0               0               0               0               0               0               
         B        203          U            83.7           1.517          97.138          98.263          72.901         0.46496         0.72254         0.51477         0.74321          2.2959               0         0.20119         0.25091         0.21641         0.25799         0.98474               0               
         A        109        ASN          119.22          100.16           125.3          43.598          310.33         0.15574         0.38149         0.10898         0.32694          1.0906               0          2.1639         0.82564          1.9257         0.81856          4.2099          1.1708               
         A        110        THR          118.75           58.22          138.92          45.242          170.14         0.22831          0.4375         0.10912         0.32737          1.0912               0          2.8215          0.5998          3.0845         0.48819          3.7363          1.8548               
         A        111        GLU          76.974          9.1625          94.835          47.175          119.45         0.29509         0.49111         0.19114         0.40579          1.2346               0          1.2085         0.18185           1.221         0.16714          1.5108          0.9119               
         A        112        ASN          63.417          7.1229           81.36          4.6782          211.85         0.24416         0.46856         0.10903         0.32709          1.2341               0         0.76621         0.12432         0.77475         0.12466         0.98474         0.59082               
         A        113        LYS          116.74          42.971          133.07          19.919          173.63          0.3401         0.49828         0.29877         0.48206           1.094               0          1.7366          1.0429          1.9624          1.0238          4.3435         0.65395               
         A        114        SER          50.604               0          78.381           13.04          94.868         0.82094         0.96914         0.28605         0.70067          2.5959               0         0.43432         0.19199         0.50648         0.15061         0.73665        0.068705               
         A        115        GLN          61.404          3.3096          75.741          22.633          132.56         0.45416         0.76092         0.25625         0.64198          2.2413               0         0.26275         0.15962         0.31338         0.14419         0.69429               0               
         A        116        PRO          13.364               0          17.722               0          15.846         0.87677         0.83421         0.50564         0.64815          2.1568               0               0               0               0               0               0               0               
         A        117        LYS          39.975               0          48.824               0          63.461         0.96588         0.93124         0.72025         0.79123           3.002               0       0.0092929        0.027123        0.011358        0.029592         0.12042               0               
         A        118        ARG          39.836               0          47.322          3.8216          101.06          1.3105          1.3509         0.95397          1.1834          3.7457               0        0.012864        0.040423        0.015437         0.04383         0.18408               0               
         A        119        LEU          1.3246               0          1.6228               0          1.5697          3.1736          1.4197          2.6916          1.1921          5.4083               0               0               0               0               0               0               0               
         A        120        HIS           1.146               0          1.4193               0          1.9512          3.4145          1.4771          2.9281           1.352          5.6562               0               0               0               0               0               0               0               
         A        121        VAL               0               0               0               0               0          4.3977         0.84478          4.1892         0.84378          5.6076          2.3874               0               0               0               0               0               0               
         A        122        SER          7.0997               0          10.997               0          15.466          1.8767          1.1443          1.3945          1.1496          3.1753               0               0               0               0               0               0               0               
         A        123        ASN          28.824               0          38.011          15.967          61.313          1.3738          1.2898         0.83738          1.1234          3.1759               0               0               0               0               0               0               0               
         A        124        ILE               0               0               0               0               0          5.0397         0.56479          5.1227         0.55632          6.0848          4.0098               0               0               0               0               0               0               
         A        125        PRO        0.012857               0         0.01705               0        0.015246          2.3821         0.91429          2.1461         0.94354           3.333               0               0               0               0               0               0               0               
         A        126        PHE          6.2126         0.85001          7.2921          1.0691          7.0032          1.5504          1.1501          1.5664          1.1875          3.8316               0               0               0               0               0               0               0               
         A        127        ARG          89.505          16.396          103.24          8.1913          227.74         0.41921         0.70876         0.28124          0.6133          2.3529               0         0.39191         0.48532         0.47029         0.49576          1.6379               0               
         A        128        PHE          6.6397         0.44431          7.8869         0.55883          7.5744           1.397          1.1789          1.4704          1.2541          3.4156               0               0               0               0               0               0               0               
         A        129        ARG          72.242               0          85.818          4.0834          188.11         0.74382          1.0182         0.41161         0.75688          2.6934               0          0.3097         0.35504         0.37164         0.35811           1.084               0               
         A        130        ASP          25.571               0          34.137           25.18          26.314          1.5863          1.0561          1.1197         0.98877          2.9519               0               0               0               0               0               0               0               
         A        131        PRO          51.261        0.024012          67.971               0          60.784         0.86397         0.81599         0.71958         0.78542          2.1492               0         0.14109         0.15372         0.19753         0.14811         0.40809               0               
         A        132        ASP          34.855               0          46.531          42.326          20.613         0.84082         0.92098         0.39049         0.71728          2.4248               0               0               0               0               0               0               0               
         A        133        LEU          2.6492               0          3.2455               0          3.1394          2.1316          0.9723          1.9778          1.0201          3.2107               0               0               0               0               0               0               0               
         A        134        ARG          64.426         0.21649          76.492          2.3855          169.89         0.86343          1.0702         0.69944          0.9535          3.3602               0         0.25198         0.40602         0.30238          0.4273          1.5414               0               
         A        135        GLN          81.772          5.4191          100.61          29.301          178.06         0.63741         0.83224         0.49335         0.80417          2.4629               0         0.28022         0.32718         0.36644         0.32922          1.0233               0               
         A        136        MET           13.13               0          16.058               0          15.411          1.7547          1.0407          1.6929          1.1475          3.6979               0               0               0               0               0               0               0               
         A        137        PHE               0               0               0               0               0          3.3066         0.58744          3.3247         0.62185          4.2857          2.2622               0               0               0               0               0               0               
         A        138        GLY          30.742          18.214               0          33.024          28.704         0.76585         0.94178          0.7262           1.027          2.1786               0        0.025245        0.050113               0               0         0.14504               0               
         A        139        GLN          66.428          54.654          69.329          33.901          126.12         0.42812          0.5987         0.38095         0.59537          1.7575               0         0.10066         0.12036        0.089516         0.13002         0.38932               0               
         A        140        PHE          20.123          28.647          18.407          34.709          17.881          1.2029          1.1863          1.3062          1.2329          3.2315               0        0.005348        0.018956       0.0013473        0.005218        0.085404               0               
         A        141        GLY          62.173          28.394               0          59.015          64.968         0.63188         0.77157         0.66538         0.94099          1.9961               0        0.046309        0.075654        0.065896        0.093191         0.19769               0               
         A        142        LYS           43.36               0          52.959               0          68.835         0.89368         0.82933         0.70482         0.75423          2.5952               0        0.031669        0.077493        0.038707        0.084066         0.35323               0               
         A        143        ILE          18.585          57.016          10.192          68.051          9.8441          1.3318         0.97146          1.3925           1.009          2.9833               0               0               0               0               0               0               0               
         A        144        LEU          65.128          56.457           67.08          66.463          64.886         0.74747         0.89408         0.65176         0.90564          2.9856               0         0.13444         0.18852         0.15712         0.20197         0.60306               0               
         A        145        ASP          59.251               0            79.1          62.144          53.736         0.86061          1.0765           0.324         0.85721           2.592               0        0.088003         0.15433           0.132         0.17297         0.41767               0               
         A        146        VAL          12.775          30.135          8.1667          36.439          7.8081          1.5804          1.0802          1.7427          1.1221          2.9919               0               0               0               0               0               0               0               
         A        147        GLU          20.279               0          25.621          16.809          25.227           1.131          1.0783         0.78653         0.97653          3.1153               0               0               0               0               0               0               0               
         A        148        ILE         0.02722               0        0.033162               0         0.03203            2.33          1.1471          2.4247          1.2245          4.2596               0               0               0               0               0               0               0               
         A        149        ILE               0               0               0               0               0           3.004         0.68739          2.9557         0.72989          4.3837          1.9765               0               0               0               0               0               0               
         A        150        PHE          31.363               0          37.676               0          36.184         0.82573          1.0846         0.45984          0.8901          2.9429               0               0               0               0               0               0               0               
         A        151        ASN          40.039          10.273          49.526          10.385          114.97         0.56366         0.80914         0.57822         0.89687          2.1443               0        0.045917         0.08083        0.060603        0.091052         0.25541               0               
         A        152        GLU          103.06          63.268          113.54           82.35          132.57         0.36295          0.6271          0.2742         0.60833          1.9258               0          0.8594         0.50606          1.0391         0.47248          1.9771         0.23312               
         A        153        ARG          61.771          27.468          68.217          8.2938          152.68         0.52303         0.86975         0.50599          0.9113          2.5154               0         0.40788         0.25774         0.47432         0.22822         0.79653               0               
         A        154        GLY          22.354               0               0               0          42.234         0.87345         0.84061               0               0           2.135               0               0               0               0               0               0               0               
         A        155        SER               0               0               0               0               0          3.3796         0.81681          3.2099         0.80175          4.7121          2.1523               0               0               0               0               0               0               
         A        156        LYS          19.307               0          23.581               0          30.651          1.8775          1.4014          1.4572          1.1939          3.8635               0               0               0               0               0               0               0               
         A        157        GLY               0               0               0               0               0          3.9608         0.65815          4.2255         0.76102          4.9675          3.1794               0               0               0               0               0               0               
         A        158        PHE         0.59638               0         0.71643               0         0.68805          3.4998          1.4415           3.127          1.3232          5.8645               0               0               0               0               0               0               0               
         A        159        GLY               0               0               0               0               0           5.585         0.86976          5.1365         0.91561          6.7868          4.4335               0               0               0               0               0               0               
         A        160        PHE               0               0               0               0               0          3.9489         0.74186          3.7686         0.68916           5.952          2.8203               0               0               0               0               0               0               
         A        161        VAL          3.1554               0          3.9931               0          3.8177          2.4867          1.2881          2.1706          1.3093          4.8002               0               0               0               0               0               0               0               
         A        162        THR           14.18               0          18.905        0.090747           24.03          1.6768          1.2653          1.1171         0.99327          3.8089               0               0               0               0               0               0               0               
         A        163        PHE          1.1726               0          1.4086               0          1.3528          3.0084          1.0255          2.8942          1.1052          4.2992               0               0               0               0               0               0               0               
         A        164        GLU          5.6285               0          7.1109         0.32348          13.191          1.7853          1.2549           1.425          1.2671          3.8016               0               0               0               0               0               0               0               
         A        165        ASN          47.068           53.33          45.072          37.828          70.416         0.81574         0.90944         0.83196           0.935          2.6807               0        0.043074        0.073589        0.053433        0.082776         0.24789               0               
         A        166        SER          39.745         0.50808          61.281         0.08177          86.481         0.77581         0.75388         0.69661         0.84387          2.0118               0        0.087377        0.084544         0.12077        0.087629         0.23312               0               
         A        167        ALA          92.251         0.98869           154.1          1.3741          129.51         0.56312         0.91929               0               0          2.5186               0         0.45707         0.28134         0.63546         0.21938         0.84423        0.085404               
         A        168        ASP          19.698               0          26.297          1.1188          55.113         0.75777         0.86412         0.29302         0.50913          2.5149               0         0.12672         0.10622         0.16913         0.10158         0.39864               0               
         A        169        ALA               0               0               0               0               0          3.2284         0.53886          3.2427         0.49442          4.2256          2.7069               0               0               0               0               0               0               
         A        170        ASP          32.557               0          43.463          28.897          39.532         0.86023          1.0713         0.31567         0.83518          2.5253               0        0.050688        0.072756        0.076033        0.077544          0.2187               0               
         A        171        ARG          67.931               0          80.697          2.3498          179.42         0.83663         0.90764         0.61562         0.80143          2.4756               0         0.25889         0.31421         0.31067         0.31998          1.1484               0               
         A        172        ALA               0               0               0               0               0          3.7183         0.56935            3.56         0.56506          4.6241          2.8415               0               0               0               0               0               0               
         A        173        ARG          18.258               0          21.689          1.7248          46.364          1.5172          1.3795          1.1919          1.2633          4.0198               0               0               0               0               0               0               0               
         A        174        GLU          59.965          34.837          66.585          59.045          61.276         0.63803         0.85639         0.58288         0.84718          2.4991               0        0.091068         0.15695         0.12418         0.17169         0.60306               0               
         A        175        LYS          73.444          7.7274          87.991          3.7844          114.37         0.66295         0.70487         0.60688         0.72539          2.0419               0         0.20755         0.29039         0.25368         0.30227         0.96601               0               
         A        176        LEU       0.0025299               0       0.0030994               0        0.002998          2.6645          1.0028          2.6284          1.1107          4.2467               0               0               0               0               0               0               0               
         A        177        HIS          35.918          36.414          35.799          27.083          42.125         0.67747         0.96828         0.57803          0.9184          2.5582               0               0               0               0               0               0               0               
         A        178        GLY           38.42           9.757               0          16.685          57.744         0.14514         0.35553         0.33867         0.47895           1.016               0        0.010545        0.017561       0.0088629        0.012534        0.047224               0               
         A        179        THR          20.006               0          26.672          3.3379          31.658           1.097         0.90244         0.83441         0.87449          2.5694               0               0               0               0               0               0               0               
         A        180        VAL           58.42          44.322          62.162          53.594          59.433         0.52194         0.61313         0.41908         0.61656          1.7672               0         0.24904         0.19347         0.31998         0.16989         0.61548               0               
         A        181        VAL          29.482               0          37.309               0          35.671         0.73364         0.89828         0.35596         0.66009          2.2618               0        0.008024        0.030587        0.010699        0.034911         0.12647               0               
         A        182        GLU          63.819          23.957          74.319          63.404           64.41         0.32808         0.56503         0.25678         0.56226          1.7391               0          0.2343         0.17228         0.23503         0.19807         0.57877               0               
         A        183        GLY          78.104           18.66               0          36.414          115.17               0               0               0               0               0               0         0.41244         0.12551          0.5131        0.098493         0.61548         0.21161               
         A        184        ARG           36.87               0          43.798          2.6865          94.981         0.83088          1.0529         0.67693          1.0612          2.9845               0        0.021422        0.044617        0.023346        0.047781         0.18408               0               
         A        185        LYS          72.834               0          88.957               0          115.63         0.87644         0.92129         0.63602         0.78752          2.8741               0         0.34209         0.41392          0.4181         0.42145          1.3682               0               
         A        186        ILE               0               0               0               0               0          3.9512         0.88613          4.0568         0.93029          5.5198           2.377               0               0               0               0               0               0               
         A        187        GLU          39.239               0          49.575          51.719           21.45          1.5608          1.3543          1.0217          1.1641          3.4997               0        0.012272        0.045917        0.016734        0.052918         0.18408               0               
         A        188        VAL               0               0               0               0               0          3.7581           0.839          3.9882         0.77137          5.4139          2.3653               0               0               0               0               0               0               
         A        189        ASN          25.449               0           33.56          10.454           63.34          1.0833          1.1061         0.68567         0.97822          3.1021               0               0               0               0               0               0               0               
         A        190        ASN          68.225          3.3615          88.899          21.329          186.73         0.42428         0.70904         0.21542         0.64625          2.1542               0        0.090108         0.13961         0.12615          0.1508         0.44721               0               
         A        191        ALA          12.347          29.782         0.53145          37.179          2.1726          1.5369          1.0896          2.0308         0.92836          2.7646               0               0               0               0               0               0               0               
         A        192        THR          35.519               0          47.355               0          60.349           1.566         0.96772          1.4917           1.076           2.778               0        0.040124        0.069803        0.056174         0.07694         0.25541               0               
         A        193        ALA          71.983          56.554           82.44          77.519          69.724         0.46544         0.75216         0.35129         0.78551          2.1078               0        0.091891         0.11105        0.067986         0.07115         0.35323               0               
         A        194        ARG           62.09         0.28106          73.706          2.3456          163.66         0.60603         0.78195         0.50775          0.7478          2.3605               0          0.2222         0.26586         0.22937          0.2898         0.96601               0               
         A        195        VAL           104.6           24.13          125.96          29.177          120.43         0.27617         0.48012        0.090796         0.30114          1.2345               0          1.0301         0.37578          1.1588          0.3424          1.7421         0.43722               
         A        196        MET          88.774          182.04          67.976          209.33          67.828          0.3552         0.57065         0.30274         0.56729          1.7618               0         0.89458          0.5024         0.61252         0.22179          2.2562         0.32737               
