pdb_id: 2ERR
analysis type: unbound
radii_file: E:\PBR\111aPRBind-master\aPRBind program\Source code\Feature extraction\CX&DPX\amac_data\chothia.radii
ASA_zSice: 0.25
ASA_rSolvent: 1.4
rasa_file: E:\PBR\111aPRBind-master\aPRBind program\Source code\Feature extraction\CX&DPX\amac_data\natural_asa.asa
CX_sRadius: 10
CX_vAtom: 20.1

  chain id|    res id|  res name|     total RASA|    b-bone RASA|   s-chain RASA|     polar RASA|   n-polar RASA|    average DPX|      s_avg DPX|   s-ch avg DPX| s-ch s_avg DPX|        max DPX|        min DPX|     average CX|       s_avg CX|    s-ch avg CX|  s-ch s_avg CX|         max CX|         min CX|               
         B        197          U          114.77               0          133.53          81.975          139.06         0.15573         0.38146         0.08718         0.29564          1.0917               0          1.6825         0.50328          1.6343         0.48212          2.8592          1.0038               
         B        198          G          101.78          1.0823          116.19          113.24          93.599         0.27764         0.56738         0.30451         0.58728          2.0491               0          1.0596         0.24353          1.0464         0.25023          1.8162         0.70818               
         B        199          C          94.614          1.3528          109.61           128.2          73.169         0.39036         0.63758         0.43219         0.65726          2.0795               0         0.87185         0.16909         0.84424         0.15194          1.3415         0.60306               
         B        200          A          82.354          2.5713          94.035          78.995          84.493         0.21366         0.46039         0.23503         0.47763          1.5987               0         0.97315         0.20736         0.93938         0.18406          1.4232         0.64093               
         B        201          U          104.48         0.59262          121.47          122.17          91.367         0.33472         0.56699         0.37191         0.58597          1.6133               0          1.5199         0.49277           1.527         0.51525           3.168         0.84423               
         B        202          G          103.58          1.4213          118.21          128.08          86.114         0.25344         0.50918         0.27797         0.52682          1.6103               0          1.4644         0.41563          1.4888         0.42268          2.5322         0.70818               
         B        203          U          141.62          2.5827          164.35          147.06          137.58         0.22055          0.4527         0.24418         0.47024          1.3813               0          2.8722         0.98681          3.0306         0.90264          5.3151          1.1265               
         A        109        ASN          119.22          100.16           125.3          43.598          310.33         0.15574         0.38149         0.10898         0.32694          1.0906               0          2.1639         0.82564          1.9257         0.81856          4.2099          1.1708               
         A        110        THR          118.75           58.22          138.92          45.242          170.14         0.22831          0.4375         0.10912         0.32737          1.0912               0          2.8215          0.5998          3.0845         0.48819          3.7363          1.8548               
         A        111        GLU          76.974          9.1625          94.835          47.175          119.45         0.29509         0.49111         0.19114         0.40579          1.2346               0          1.2085         0.18185           1.221         0.16714          1.5108          0.9119               
         A        112        ASN          63.417          7.1229           81.36          4.6782          211.85         0.24416         0.46856         0.10903         0.32709          1.2341               0         0.76621         0.12432         0.77475         0.12466         0.98474         0.59082               
         A        113        LYS          116.74          42.971          133.07          19.919          173.63          0.3401         0.49828         0.29877         0.48206           1.094               0          1.7366          1.0429          1.9624          1.0238          4.3435         0.65395               
         A        114        SER          50.604               0          78.381           13.04          94.868         0.82094         0.96914         0.28605         0.70067          2.5959               0         0.43432         0.19199         0.50648         0.15061         0.73665        0.068705               
         A        115        GLN          61.404          3.3096          75.741          22.633          132.56         0.45416         0.76092         0.25625         0.64198          2.2413               0         0.26275         0.15962         0.31338         0.14419         0.69429               0               
         A        116        PRO          13.364               0          17.722               0          15.846         0.87677         0.83421         0.50564         0.64815          2.1568               0               0               0               0               0               0               0               
         A        117        LYS          39.975               0          48.824               0          63.461         0.96588         0.93124         0.72025         0.79123           3.002               0        0.011287        0.031242        0.013795        0.034035          0.1326               0               
         A        118        ARG          43.461               0          51.628          4.3017          110.03          1.2194           1.353         0.84466           1.152          3.7457               0        0.081205         0.15925        0.097446         0.16986         0.60306               0               
         A        119        LEU          1.3246               0          1.6228               0          1.5697          2.8531          1.0935          2.6176          1.1064          4.2669               0               0               0               0               0               0               0               
         A        120        HIS          20.988               0          25.994          3.8659          33.018            1.03          1.1921         0.52695         0.86479          3.0451               0               0               0               0               0               0               0               
         A        121        VAL               0               0               0               0               0          4.0085         0.67287          3.9932         0.72453          4.9831          2.3874               0               0               0               0               0               0               
         A        122        SER          19.959               0          30.915               0          43.479          1.7649          1.0765          1.3001          1.0388          3.1162               0               0               0               0               0               0               0               
         A        123        ASN          41.725         0.33681          54.917          23.509          87.758         0.35437         0.58368         0.28574         0.59117          1.7671               0         0.01137        0.034308        0.015918        0.039692          0.1326               0               
         A        124        ILE          1.1075          6.1789               0          7.3748               0          3.1799          1.3139           3.697         0.85137           4.909               0               0               0               0               0               0               0               
         A        125        PRO        0.012857               0         0.01705               0        0.015246          2.2051         0.83596          2.1319         0.94147          3.3121               0               0               0               0               0               0               0               
         A        126        PHE          64.548          1.4116          77.257          1.7755          74.196         0.45799          0.7762         0.29814         0.69303          2.5973               0        0.054062        0.095134        0.067578         0.10198         0.35323               0               
         A        127        ARG          94.998          16.396          109.77          8.1913          242.57         0.41921         0.70876         0.28124          0.6133          2.3529               0         0.57697         0.63871         0.69237         0.64003          2.1104               0               
         A        128        PHE          6.6397         0.44431          7.8869         0.55883          7.5744           1.397          1.1789          1.4704          1.2541          3.4156               0               0               0               0               0               0               0               
         A        129        ARG          72.242               0          85.818          4.0834          188.11         0.74382          1.0182         0.41161         0.75688          2.6934               0         0.31788         0.36602         0.38145         0.36948          1.1265               0               
         A        130        ASP          25.571               0          34.137           25.18          26.314          1.5863          1.0561          1.1197         0.98877          2.9519               0               0               0               0               0               0               0               
         A        131        PRO          51.261        0.024012          67.971               0          60.784         0.86397         0.81599         0.71958         0.78542          2.1492               0          0.1415         0.15357         0.19809         0.14767         0.40809               0               
         A        132        ASP          34.855               0          46.531          42.326          20.613         0.84082         0.92098         0.39049         0.71728          2.4248               0               0               0               0               0               0               0               
         A        133        LEU          2.6492               0          3.2455               0          3.1394          2.1316          0.9723          1.9778          1.0201          3.2107               0               0               0               0               0               0               0               
         A        134        ARG          64.426         0.21649          76.492          2.3855          169.89         0.86343          1.0702         0.69944          0.9535          3.3602               0         0.25198         0.40602         0.30238          0.4273          1.5414               0               
         A        135        GLN          81.772          5.4191          100.61          29.301          178.06         0.63741         0.83224         0.49335         0.80417          2.4629               0         0.28022         0.32718         0.36644         0.32922          1.0233               0               
         A        136        MET           13.13               0          16.058               0          15.411          1.7547          1.0407          1.6929          1.1475          3.6979               0               0               0               0               0               0               0               
         A        137        PHE               0               0               0               0               0          3.3066         0.58744          3.3247         0.62185          4.2857          2.2622               0               0               0               0               0               0               
         A        138        GLY          30.742          18.214               0          33.024          28.704         0.76585         0.94178          0.7262           1.027          2.1786               0        0.025245        0.050113               0               0         0.14504               0               
         A        139        GLN          66.428          54.654          69.329          33.901          126.12         0.42812          0.5987         0.38095         0.59537          1.7575               0         0.10066         0.12036        0.089516         0.13002         0.38932               0               
         A        140        PHE          20.123          28.647          18.407          34.709          17.881          1.2029          1.1863          1.3062          1.2329          3.2315               0        0.005348        0.018956       0.0013473        0.005218        0.085404               0               
         A        141        GLY          62.173          28.394               0          59.015          64.968         0.63188         0.77157         0.66538         0.94099          1.9961               0        0.046309        0.075654        0.065896        0.093191         0.19769               0               
         A        142        LYS           43.36               0          52.959               0          68.835         0.89368         0.82933         0.70482         0.75423          2.5952               0        0.031669        0.077493        0.038707        0.084066         0.35323               0               
         A        143        ILE          18.585          57.016          10.192          68.051          9.8441          1.3318         0.97146          1.3925           1.009          2.9833               0               0               0               0               0               0               0               
         A        144        LEU          65.128          56.457           67.08          66.463          64.886         0.74747         0.89408         0.65176         0.90564          2.9856               0         0.13444         0.18852         0.15712         0.20197         0.60306               0               
         A        145        ASP          59.251               0            79.1          62.144          53.736         0.86061          1.0765           0.324         0.85721           2.592               0        0.088162         0.15424         0.13224         0.17279         0.41767               0               
         A        146        VAL          12.775          30.135          8.1667          36.439          7.8081          1.5804          1.0802          1.7427          1.1221          2.9919               0               0               0               0               0               0               0               
         A        147        GLU          37.935               0          47.927          24.861          56.572         0.97335          1.0309         0.62544         0.94665          2.9556               0        0.013179        0.049312        0.017972        0.056831         0.19769               0               
         A        148        ILE          4.3347          23.656          0.1153          28.234         0.11136          2.1457          1.2641          2.4247          1.2245          4.2596               0               0               0               0               0               0               0               
         A        149        ILE           25.12          18.335            26.6          21.826          25.702          1.1289          1.0651          1.2185          1.0943          2.9129               0       0.0092234        0.023379       0.0059894        0.016673        0.085404               0               
         A        150        PHE          42.606          13.572           48.45           17.07          46.531         0.55161         0.80195          0.3938         0.72782          2.2473               0        0.019366        0.050815       0.0067811        0.026263         0.20461               0               
         A        151        ASN          48.839          10.273          61.132          10.385          146.01         0.35441         0.58331         0.28527         0.59005          1.7628               0         0.39248         0.24145         0.44935         0.25787         0.87746               0               
         A        152        GLU          106.15          63.268          117.45          87.614          132.57         0.36295          0.6271          0.2742         0.60833          1.9258               0          1.3004         0.50201          1.4879         0.45237          2.3079         0.61548               
         A        153        ARG          106.04          40.224          118.41          12.602          264.88          0.2753         0.56015         0.20872         0.52381          1.9972               0          1.0909         0.52679          1.2325         0.45628          1.9771          0.2187               
         A        154        GLY           24.09               0               0               0          45.513         0.87345         0.84061               0               0           2.135               0        0.022098        0.036459        0.032276        0.045646        0.096829               0               
         A        155        SER               0               0               0               0               0          2.8419         0.63523          3.0522         0.64905          4.0177          1.9419               0               0               0               0               0               0               
         A        156        LYS          58.075          25.736          65.234          12.604          84.791         0.74996         0.85443         0.73175         0.91535          2.5636               0         0.16329         0.18126         0.19958         0.18142         0.65395               0               
         A        157        GLY          16.735               0               0               0          31.618          1.4477          1.0049         0.80126          1.1332          2.4302               0               0               0               0               0               0               0               
         A        158        PHE           30.47               0          36.603               0          35.153          1.4017          1.3426         0.97552          1.0922          4.1766               0       0.0061709        0.021588       0.0077136        0.023889        0.096829               0               
         A        159        GLY               0               0               0               0               0          3.8523         0.39944          3.8502         0.45143          4.4335          3.3338               0               0               0               0               0               0               
         A        160        PHE           10.27               0          12.338               0          11.849          1.0662          1.2199         0.62025         0.88629           3.595               0               0               0               0               0               0               0               
         A        161        VAL          3.1554               0          3.9931               0          3.8177           2.417          1.1872          2.0776           1.149          4.1182               0               0               0               0               0               0               0               
         A        162        THR           14.18               0          18.905        0.090747           24.03          1.6768          1.2653          1.1171         0.99327          3.8089               0               0               0               0               0               0               0               
         A        163        PHE          1.1726               0          1.4086               0          1.3528          3.0084          1.0255          2.8942          1.1052          4.2992               0               0               0               0               0               0               0               
         A        164        GLU          5.6285               0          7.1109         0.32348          13.191          1.7853          1.2549           1.425          1.2671          3.8016               0               0               0               0               0               0               0               
         A        165        ASN          47.068           53.33          45.072          37.828          70.416         0.81574         0.90944         0.83196           0.935          2.6807               0        0.043074        0.073589        0.053433        0.082776         0.24789               0               
         A        166        SER          39.745         0.50808          61.281         0.08177          86.481         0.77581         0.75388         0.69661         0.84387          2.0118               0        0.087377        0.084544         0.12077        0.087629         0.23312               0               
         A        167        ALA          92.251         0.98869           154.1          1.3741          129.51         0.56312         0.91929               0               0          2.5186               0         0.45707         0.28134         0.63546         0.21938         0.84423        0.085404               
         A        168        ASP          19.698               0          26.297          1.1188          55.113         0.75777         0.86412         0.29302         0.50913          2.5149               0         0.12672         0.10622         0.16913         0.10158         0.39864               0               
         A        169        ALA               0               0               0               0               0          3.2284         0.53886          3.2427         0.49442          4.2256          2.7069               0               0               0               0               0               0               
         A        170        ASP          32.557               0          43.463          28.897          39.532         0.86023          1.0713         0.31567         0.83518          2.5253               0        0.050688        0.072756        0.076033        0.077544          0.2187               0               
         A        171        ARG          67.931               0          80.697          2.3498          179.42         0.83663         0.90764         0.61562         0.80143          2.4756               0         0.25889         0.31421         0.31067         0.31998          1.1484               0               
         A        172        ALA               0               0               0               0               0          3.7183         0.56935            3.56         0.56506          4.6241          2.8415               0               0               0               0               0               0               
         A        173        ARG          18.258               0          21.689          1.7248          46.364          1.5172          1.3795          1.1919          1.2633          4.0198               0               0               0               0               0               0               0               
         A        174        GLU          59.965          34.837          66.585          59.045          61.276         0.63803         0.85639         0.58288         0.84718          2.4991               0        0.091068         0.15695         0.12418         0.17169         0.60306               0               
         A        175        LYS          73.444          7.7274          87.991          3.7844          114.37         0.66295         0.70487         0.60688         0.72539          2.0419               0         0.20755         0.29039         0.25368         0.30227         0.96601               0               
         A        176        LEU       0.0025299               0       0.0030994               0        0.002998          2.6645          1.0028          2.6284          1.1107          4.2467               0               0               0               0               0               0               0               
         A        177        HIS          35.918          36.414          35.799          27.083          42.125         0.67747         0.96828         0.57803          0.9184          2.5582               0               0               0               0               0               0               0               
         A        178        GLY           38.42           9.757               0          16.685          57.744         0.14514         0.35553         0.33867         0.47895           1.016               0        0.010545        0.017561       0.0088629        0.012534        0.047224               0               
         A        179        THR          20.006               0          26.672          3.3379          31.658           1.097         0.90244         0.83441         0.87449          2.5694               0               0               0               0               0               0               0               
         A        180        VAL           58.42          44.322          62.162          53.594          59.433         0.52194         0.61313         0.41908         0.61656          1.7672               0         0.24904         0.19347         0.31998         0.16989         0.61548               0               
         A        181        VAL          29.482               0          37.309               0          35.671         0.73364         0.89828         0.35596         0.66009          2.2618               0        0.008446         0.03052        0.010699        0.034911         0.12647               0               
         A        182        GLU          63.819          23.957          74.319          63.404           64.41         0.32808         0.56503         0.25678         0.56226          1.7391               0         0.25277         0.17123         0.24903         0.19548         0.59082               0               
         A        183        GLY          78.104           18.66               0          36.414          115.17               0               0               0               0               0               0         0.44968         0.11862         0.53282         0.10919         0.65395         0.26302               
         A        184        ARG          44.072               0          52.354          2.6865          114.43         0.83088          1.0529         0.67693          1.0612          2.9845               0        0.071807         0.10121        0.081232         0.10683         0.35323               0               
         A        185        LYS          72.834               0          88.957               0          115.63         0.87644         0.92129         0.63602         0.78752          2.8741               0         0.34217         0.41385         0.41821         0.42134          1.3682               0               
         A        186        ILE               0               0               0               0               0          3.9363         0.86719           4.038         0.90956          5.5198           2.377               0               0               0               0               0               0               
         A        187        GLU          39.239               0          49.575          51.719           21.45          1.5608          1.3543          1.0217          1.1641          3.4997               0        0.043365        0.097202        0.059134         0.10932         0.35323               0               
         A        188        VAL               0               0               0               0               0          3.7581           0.839          3.9882         0.77137          5.4139          2.3653               0               0               0               0               0               0               
         A        189        ASN          34.656               0          45.702          12.133          91.572         0.82353          1.0369         0.36677         0.80581          2.6542               0        0.004269         0.01487       0.0059767        0.017302        0.057855               0               
         A        190        ASN          70.267          11.809          88.899          24.179          186.73         0.42428         0.70904         0.21542         0.64625          2.1542               0         0.13606         0.20322         0.19048         0.21783         0.62811               0               
         A        191        ALA          15.146          29.782          5.2268          37.179          6.1186          1.5234          1.0796          2.0083         0.92076          2.7646               0       0.0080344        0.020519               0               0        0.068705               0               
         A        192        THR          52.348               0          69.792               0          88.944          1.0564         0.91188         0.81361         0.89237          2.5193               0         0.28027          0.2102         0.35854         0.19668         0.72229               0               
         A        193        ALA          72.232          56.554          82.857          77.519          70.075         0.20971         0.41977               0               0          1.0869               0          0.3429         0.16888         0.28119         0.12707         0.66718        0.085404               
         A        194        ARG          100.37          4.6894          118.35          5.2936          261.99         0.36624         0.68469            0.22         0.56361          2.2273               0          0.9801         0.71898          1.0255         0.77853          3.0076         0.35323               
         A        195        VAL           104.6           24.13          125.97          29.177          120.43         0.27617         0.48012        0.090796         0.30114          1.2345               0          1.5431         0.24313           1.627         0.21242          1.8944          1.0633               
         A        196        MET          98.389          182.04          79.735          209.33          79.114          0.3552         0.57065         0.30274         0.56729          1.7618               0            1.71         0.45903          1.4491          0.3847          2.6561          1.1265               
