pdb_id: 2M8D
analysis type: bound
radii_file: E:\PBR\111aPRBind-master\aPRBind program\Source code\Feature extraction\CX&DPX\amac_data\chothia.radii
ASA_zSice: 0.25
ASA_rSolvent: 1.4
rasa_file: E:\PBR\111aPRBind-master\aPRBind program\Source code\Feature extraction\CX&DPX\amac_data\natural_asa.asa
CX_sRadius: 10
CX_vAtom: 20.1

  chain id|    res id|  res name|     total RASA|    b-bone RASA|   s-chain RASA|     polar RASA|   n-polar RASA|    average DPX|      s_avg DPX|   s-ch avg DPX| s-ch s_avg DPX|        max DPX|        min DPX|     average CX|       s_avg CX|    s-ch avg CX|  s-ch s_avg CX|         max CX|         min CX|               
         A          1          U          79.264               0          92.224          38.236          109.67         0.30492         0.55667          0.2543         0.53987          2.0788               0         0.56456         0.21923         0.54649         0.22433          1.0431         0.10263               
         A          2          G          86.458               0          98.836          70.799          97.628         0.53673         0.77134         0.54096         0.77801          2.1474               0          1.3784         0.93657          1.4912         0.90398          3.5304        0.096829               
         A          3          A          70.939          2.0541          81.025          81.721          64.074         0.47276         0.76828         0.52003         0.79038          2.3787               0         0.49792         0.40808         0.47174         0.41835          1.6379               0               
         A          4          A          31.696               0          36.336          30.054          32.741         0.69906         0.89133         0.71965         0.90588          2.6285               0        0.010291        0.036426               0               0         0.15776               0               
         A          5          G          9.0232               0          10.315          3.6901          12.827          2.1411          1.5305          2.1353          1.5975          5.0076               0               0               0               0               0               0               0               
         A          6          G           44.49         0.09145          50.847           44.78          44.284         0.64065         0.89664         0.65488         0.91232          2.6944               0        0.042205        0.079885        0.040567        0.079323         0.31068               0               
         A          7          A          47.566          5.8946          53.667          70.969          32.663          1.0059          1.0686          1.1065          1.0699          3.2907               0         0.20693         0.24714         0.16233         0.20971         0.81215               0               
         A          8          C          103.04          3.4279          119.07          94.544          108.47         0.37148         0.61722         0.40991         0.63609          2.0554               0         0.63776         0.38344         0.57384         0.33686          1.5108         0.19769               
         B        106        MET           64.96               0          79.445               0          76.245         0.76632         0.91523         0.49123         0.71834          3.0658               0         0.18058           0.138         0.19535         0.14689         0.46759               0               
         B        107        ALA          80.522          2.8338          133.17          3.9384          111.92         0.33332         0.51167               0               0          1.2335               0         0.48388         0.21217         0.59239         0.18308         0.79653         0.11443               
         B        108        PRO           73.46          38.473           84.87           60.39          75.888         0.79047         0.87549         0.55931         0.76402          2.3249               0          0.4039         0.23574         0.45837         0.25288         0.81215       0.0067513               
         B        109        ARG          37.513          3.5912          43.887               0          101.28          1.3843          1.0982          1.4412          1.1482          3.2097               0         0.13686         0.16129        0.096209         0.12937         0.55521               0               
         B        110        GLY          65.627          16.531               0          35.111          92.756         0.47578         0.55265         0.33636         0.47569           1.231               0         0.34135         0.15042         0.33098         0.21013         0.61548         0.11443               
         B        111        ARG           85.59               0          101.67          4.0821          224.15         0.53699         0.92524         0.22612         0.58488          3.1416               0          1.1167         0.96601          1.3114         0.94368           3.253               0               
         B        112        TYR          93.788          24.611          106.72          27.463          125.68         0.28178         0.61002         0.12619         0.50477          2.1453               0         0.39122         0.32264         0.44431         0.33677          1.2901        0.021556               
         B        113        GLY          12.843          1.6343               0         0.44277           23.87         0.30013         0.47501               0               0            1.09               0         0.10344         0.12322         0.18015         0.14757         0.37104               0               
         B        114        PRO          66.057               0          87.601               0           78.33         0.74103         0.83852         0.32686         0.49929          2.5004               0         0.22031          0.2098         0.30475         0.19122          0.5669               0               
         B        115        PRO          16.504               0          21.887               0           19.57          1.9293           1.337          1.3681          1.0328           4.261               0               0               0               0               0               0               0               
         B        116        SER          2.7721          7.8223               0          5.1246               0          2.8891          1.2473          3.5087         0.60276          4.2481               0               0               0               0               0               0               0               
         B        117        ARG          19.177          16.241          19.729          5.1827          42.968           1.318          1.0476           1.361          1.0934          2.9929               0               0               0               0               0               0               0               
         B        118        ARG          48.983               0          58.188         0.13605          132.02         0.80839         0.89111         0.58388          0.7726          2.5027               0         0.10767         0.13896         0.12921         0.14279         0.44721               0               
         B        119        SER          22.537          33.273          16.645          20.645          24.767         0.84768         0.87682           1.032          0.9781          2.5735               0        0.017972        0.056831               0               0         0.19769               0               
         B        120        GLU          88.215          64.639          94.429          84.608          93.355         0.36877         0.64195         0.28216         0.63015           2.014               0          0.1806         0.19297         0.22859         0.20294         0.70818               0               
         B        121        ASN          8.1208               0          10.709               0          28.642          1.2883         0.98586          1.0454         0.94962          3.1385               0               0               0               0               0               0               0               
         B        122        ARG          41.521          1.6972          49.005          2.9898          107.02         0.65737          0.8566          0.5708         0.84934          2.8066               0               0               0               0               0               0               0               
         B        123        VAL               0               0               0               0               0          3.4945         0.87088          3.5402         0.88834          5.0952          2.1576               0               0               0               0               0               0               
         B        124        VAL          9.0305               0          11.428               0          10.926          2.0424          1.3404          1.5128          1.0791          4.3245               0               0               0               0               0               0               0               
         B        125        VAL               0               0               0               0               0          4.5029         0.91777          4.7689         0.88458          6.0324          2.7483               0               0               0               0               0               0               
         B        126        SER          27.265               0          42.231          11.998          45.255          1.1582          1.0816         0.61433         0.97143          2.4444               0               0               0               0               0               0               0               
         B        127        GLY          52.358          12.026               0          24.897          76.773         0.14426         0.35336               0               0          1.0098               0               0               0               0               0               0               0               
         B        128        LEU          1.8421          9.1937         0.18741          10.823         0.18128          2.2017          1.1221          2.4585          1.0442          4.2715               0               0               0               0               0               0               0               
         B        129        PRO          8.2403          0.8383          10.654          1.3158          9.5268          1.6852          1.1002           1.917          1.1327          3.4143               0               0               0               0               0               0               0               
         B        130        PRO          97.044          41.761          115.07          65.551           102.9         0.54803         0.67598         0.32693          0.4994          2.0823               0         0.24024         0.22892         0.33317         0.20752         0.82805               0               
         B        131        SER          8.6201         0.97969          12.814          2.8134          15.462          1.1358         0.94776           1.155          1.0466          2.5604               0       0.0016804       0.0047412       0.0026406       0.0057261        0.016573               0               
         B        132        GLY          5.2304          4.8832               0          10.366         0.66151         0.55196         0.67457         0.58765         0.83106          1.7629               0               0               0               0               0               0               0               
         B        133        SER          10.236               0          15.855        0.084175          22.199          1.1512          1.0273         0.70031         0.84942          3.1664               0               0               0               0               0               0               0               
         B        134        TRP          2.5366               0          2.9338               0          3.2708          2.8904          1.3603          2.6719          1.3327          5.1253               0               0               0               0               0               0               0               
         B        135        GLN         0.56155               0         0.70013               0          1.5921          2.6066         0.99624          2.4149         0.99702          4.0698               0               0               0               0               0               0               0               
         B        136        ASP          4.1641               0          5.5591          2.6822          6.9889          1.2462          1.0292         0.88066          1.0186          2.9383               0               0               0               0               0               0               0               
         B        137        LEU               0               0               0               0               0          5.2143          1.0304          5.4326         0.99603          7.1064          3.2438               0               0               0               0               0               0               
         B        138        LYS          23.752               0           29.01               0          37.707          1.8639          1.2832          1.5921          1.2399          4.0522               0               0               0               0               0               0               0               
         B        139        ASP          48.521          38.661          51.824          41.788          61.356         0.84317         0.95672         0.71416          1.0239           2.856               0               0               0               0               0               0               0               
         B        140        HIS          20.774               0          25.728          10.244          28.171          1.4064          1.0669          1.2395          1.1346          3.2442               0               0               0               0               0               0               0               
         B        141        MET               0               0               0               0               0          5.0861         0.99649          5.4589         0.80568          6.9931          3.3138               0               0               0               0               0               0               
         B        142        ARG          82.325          14.152          95.136           7.811             209         0.62732         0.95995         0.44931         0.84122          2.6871               0         0.44663         0.59393         0.53595         0.61272          2.0647               0               
         B        143        GLU          73.245          35.044           83.31          75.107          70.591         0.64839         0.86007         0.48145         0.83665          2.4326               0         0.11349         0.19401         0.15476         0.21199          0.5669               0               
         B        144        ALA           4.595          11.375               0          15.193          0.2523          2.0152          1.1288          2.7297         0.45751          3.4201               0               0               0               0               0               0               0               
         B        145        GLY          29.327         0.89037               0               0          55.407          1.0672         0.73985          1.2741         0.90712          2.0405               0               0               0               0               0               0               0               
         B        146        ASP          45.004               0           60.08          31.358          71.014          0.8565          1.0164         0.35918         0.64579          3.1793               0        0.059691         0.10246        0.089537         0.11434         0.35323               0               
         B        147        VAL               0               0               0               0               0          3.7749         0.94858          4.1308          0.7102           5.013          1.8501               0               0               0               0               0               0               
         B        148        CYS          33.035               0           45.55               0          41.729          1.0556          1.0717         0.54146         0.95844          2.7012               0               0               0               0               0               0               0               
         B        149        TYR          1.8314               0          2.1739               0          2.7122          3.4173          1.3302          3.1209          1.2305          5.5872               0               0               0               0               0               0               0               
         B        150        ALA               0               0               0               0               0          5.7486           0.806          6.2073         0.44632          6.8229          4.1474               0               0               0               0               0               0               
         B        151        ASP          14.518               0          19.381          20.715          2.7055          2.1869          1.4984          1.5873          1.4519          4.3919               0               0               0               0               0               0               0               
         B        152        VAL          2.7518         0.12352          3.4496         0.14936          3.2981          1.1183         0.99644         0.96559         0.92528          2.6806               0               0               0               0               0               0               0               
         B        153        TYR          28.653               0          34.011          1.6715          41.629         0.64237         0.97665         0.33913         0.79699           2.901               0       0.0081337         0.02507       0.0050238        0.020095        0.085404               0               
         B        154        ARG          55.765          33.585          59.933          11.265          131.41         0.56297         0.77799         0.45544         0.73978          2.2812               0         0.10762         0.11463         0.11716         0.11789          0.3445               0               
         B        155        ASP          70.647          37.042          81.904           79.94          52.932         0.53528         0.81374         0.40761         0.75602          2.1712               0         0.32984         0.28276         0.43713         0.28719         0.89452               0               
         B        156        GLY           22.73          0.3227               0         0.17669          42.785         0.49766         0.79553               0               0          1.9608               0       0.0016626       0.0040726       0.0038795       0.0054864        0.011638               0               
         B        157        THR          37.795               0           50.39               0          64.217          1.4343          1.0909         0.97022         0.92459           3.188               0        0.012061         0.03157        0.016886        0.036248         0.12042               0               
         B        158        GLY               0               0               0               0               0          3.0151         0.49229          3.0736         0.64221          3.9803          2.5662               0               0               0               0               0               0               
         B        159        VAL         0.93699               0          1.1857               0          1.1337          2.1182          1.1308          1.7829          1.0165          4.2747               0               0               0               0               0               0               0               
         B        160        VAL               0               0               0               0               0          5.9222          1.1438          6.3272          1.0113          7.4875          3.5761               0               0               0               0               0               0               
         B        161        GLU         0.74022               0         0.93518            1.24        0.027856          2.5925          1.4261          2.1629          1.4068          4.8509               0               0               0               0               0               0               0               
         B        162        PHE               0               0               0               0               0          4.2569          1.1773          4.5887          1.0268          6.2405          1.9186               0               0               0               0               0               0               
         B        163        VAL          48.249          13.851          57.381          16.749          54.862         0.87781         0.88593         0.80386         0.91788          2.8308               0         0.05259         0.07926        0.066621        0.086479         0.22587               0               
         B        164        ARG          78.139               0          92.823          5.1554          202.21         0.68019           0.995         0.39883         0.77936          3.1434               0          0.5723         0.64982         0.68676          0.6543          2.2562               0               
         B        165        LYS          89.027               0          108.74               0          141.33         0.73187         0.92397         0.43273         0.67745          2.6228               0         0.46304         0.53985         0.56594         0.54587          1.8162               0               
         B        166        GLU          60.458         0.96112          76.129          51.134           73.75         0.59551         0.80113         0.41254         0.74261          2.3588               0         0.13968         0.19857         0.19047         0.20999         0.57877               0               
         B        167        ASP          17.544               0          23.421          24.802          3.7083          1.3386          1.0151          1.0116           1.032          2.6467               0               0               0               0               0               0               0               
         B        168        MET          10.842               0          13.259               0          12.725          2.9468           1.446          2.6364          1.5047          4.8489               0               0               0               0               0               0               0               
         B        169        THR          56.821               0          75.756               0          96.544          1.2181          1.1665         0.70602         0.98387          2.6925               0       0.0096076        0.034114        0.013451        0.039719          0.1326               0               
         B        170        TYR          41.813               0          49.632           10.42          56.909         0.93797          1.1776         0.51557         0.86151          3.1121               0        0.066961         0.13022        0.082717         0.14016         0.46759               0               
         B        171        ALA               0               0               0               0               0          4.6652         0.65455          4.8768         0.73399          5.8967          3.8309               0               0               0               0               0               0               
         B        172        VAL           18.65          16.635          19.185          20.114          18.343          1.4308          1.1501          1.3178          1.0771          3.4398               0               0               0               0               0               0               0               
         B        173        ARG          78.678          44.938          85.018          14.231          188.24         0.75318         0.97881         0.68419          1.0062          2.9501               0         0.38196         0.48324         0.45203         0.50017          1.7065               0               
         B        174        LYS          49.731          4.0661           59.84          1.9913          77.779          0.7409         0.85169         0.66037         0.85315          2.9964               0         0.19833         0.20467          0.2424         0.20129         0.69429               0               
         B        175        LEU          5.5622               0          6.8142               0          6.5913           2.049          1.1602          1.8356          1.1994          3.4404               0               0               0               0               0               0               0               
         B        176        ASP          21.485          6.1552          26.621          29.024           7.116          1.1506          1.0724         0.98378          1.0769          2.7781               0               0               0               0               0               0               0               
         B        177        ASN          51.439          3.0203          66.872          25.054          118.11         0.69758         0.98288         0.47487         0.95571          2.6127               0         0.21281         0.24377          0.2859         0.25182         0.78118               0               
         B        178        THR          40.162               0          53.545               0          68.238          1.1967          1.1611         0.73879          1.0504          2.9391               0        0.012809        0.040583        0.017932        0.047052         0.15776               0               
         B        179        LYS          61.206         0.10633          74.732        0.052073          97.137         0.62177         0.74395         0.51797         0.70077          2.1771               0          0.2135         0.19481         0.26094          0.1844         0.62811               0               
         B        180        PHE               0               0               0               0               0          3.3262         0.53635          3.4253         0.51602          4.6053          2.1532               0               0               0               0               0               0               
         B        181        ARG          64.982         0.80521          77.042          2.8196          170.66         0.84427         0.99899         0.71912         0.95721           2.507               0          0.2619         0.38213         0.31428         0.39846          1.1708               0               
         B        182        SER          1.6838         0.28585          2.4511               0          3.6679          1.7305         0.95784          2.0885          0.8793          2.7844               0               0               0               0               0               0               0               
         B        183        HIS          28.478          42.285          25.186          19.732          34.623         0.93601         0.94998          1.0379          1.0085          2.5924               0        0.019597        0.056282        0.004269         0.01487         0.24046               0               
         B        184        GLU          42.965           55.69          39.617          41.949          44.412          0.7476         0.86512         0.73111         0.86388          2.3665               0         0.17379         0.15099         0.14097         0.11238         0.54369               0               
         B        185        GLY           66.47          28.332               0          59.998          72.211         0.63658         0.77985         0.67657         0.95682          2.0297               0         0.50093          0.1909          0.5133         0.25118         0.76608         0.17077               
         B        186        GLU          50.087               0          63.279          42.322          61.156           1.098          1.0096         0.81369         0.93502          3.0604               0         0.17544         0.12625         0.20757         0.12283         0.41767               0               
         B        187        THR          36.775          30.263          38.945          18.384          49.632          1.1092         0.98499          1.1166           1.063          2.9746               0        0.092004          0.1067         0.12697         0.10794         0.29439               0               
         B        188        ALA          31.932               0          53.572               0          45.022          1.4107          1.1103         0.95958          1.0934           3.139               0               0               0               0               0               0               0               
         B        189        TYR          41.685          0.9607            49.3          13.366          55.303         0.51685         0.79948         0.38081         0.74591          2.5448               0         0.20646         0.28489         0.25503         0.29643          1.0233               0               
         B        190        ILE               0               0               0               0               0          3.8121         0.88748          4.0132         0.84596          5.7275          2.2582               0               0               0               0               0               0               
         B        191        ARG          58.223               0          69.164          1.4279          154.77         0.89788          1.0129         0.59292         0.81373          2.6559               0         0.15112         0.22914         0.18135         0.23985         0.73665               0               
         B        192        VAL          3.1387          14.961               0          18.091               0          3.1964          1.2872          3.7307         0.82509          5.0105               0               0               0               0               0               0               0               
         B        193        LYS          68.885               0          84.134               0          109.36         0.90398         0.96174         0.65546         0.83726          2.8839               0         0.28861         0.35626         0.35274         0.36402          1.2408               0               
         B        194        VAL          63.348         0.77306           79.96         0.93477          76.449         0.34399         0.51168         0.18151         0.40587          1.2247               0          0.1687         0.16685         0.22493         0.15642         0.53233               0               
         B        195        ASP          35.718          6.1123          45.636          37.772          31.803         0.77639          0.9553         0.53616         0.92866          2.2612               0        0.058823        0.084826        0.050925        0.081337         0.24046               0               
         B        196        GLY          115.51           81.46               0          148.35          86.264         0.14427         0.35338               0               0          1.0099               0         0.34121         0.22479          0.2242         0.26503         0.64093        0.031671               
