pdb_id: 2M8D
analysis type: unbound
radii_file: E:\PBR\111aPRBind-master\aPRBind program\Source code\Feature extraction\CX&DPX\amac_data\chothia.radii
ASA_zSice: 0.25
ASA_rSolvent: 1.4
rasa_file: E:\PBR\111aPRBind-master\aPRBind program\Source code\Feature extraction\CX&DPX\amac_data\natural_asa.asa
CX_sRadius: 10
CX_vAtom: 20.1

  chain id|    res id|  res name|     total RASA|    b-bone RASA|   s-chain RASA|     polar RASA|   n-polar RASA|    average DPX|      s_avg DPX|   s-ch avg DPX| s-ch s_avg DPX|        max DPX|        min DPX|     average CX|       s_avg CX|    s-ch avg CX|  s-ch s_avg CX|         max CX|         min CX|               
         A          1          U           113.3               0          131.82          81.936          136.53         0.19464         0.41745         0.13078         0.35415          1.0907               0          2.2161          1.3929          2.3307          1.4316          5.5124         0.87746               
         A          2          G          93.883               0          107.32          88.266           97.89         0.53673         0.77134         0.54096         0.77801          2.1474               0          1.5584         0.80178          1.6379         0.79586          3.5304         0.69429               
         A          3          A          92.309          2.0541          105.52          92.137          92.419         0.27564         0.55528          0.3032         0.57517          2.0381               0          1.0517         0.25487          1.0364         0.25785          1.7065         0.66718               
         A          4          A          80.321               0          92.081          77.118          82.361         0.35351          0.6019         0.33955         0.58969           2.047               0         0.88619         0.21248         0.87893         0.21632          1.3415         0.55521               
         A          5          G          110.47          4.9946          125.57          122.88          101.62         0.16024         0.38591         0.17575         0.40077          1.0902               0           1.165          0.4611          1.1118         0.44627          2.3079          0.5669               
         A          6          G          105.11          1.4237          119.96          125.21          90.778         0.27731         0.56634         0.30415         0.58619          2.0414               0          1.2147         0.63065          1.2315         0.65739          3.0862         0.46759               
         A          7          A          89.476          5.8946          101.71          87.684          90.617         0.38672         0.66669          0.4254         0.68737          2.0729               0         0.96013         0.21342         0.94321         0.21537          1.4232         0.49926               
         A          8          C          127.32          3.4279          147.25          117.87          133.36         0.37148         0.61722         0.40991         0.63609          2.0554               0          1.7152         0.36928          1.7252         0.38142          2.4733           1.217               
         B        106        MET           86.45         0.28743          105.66         0.35407          101.41         0.38285         0.58162         0.26315         0.54526          1.7665               0         0.72805          0.3048         0.73105         0.32858          1.3155         0.38932               
         B        107        ALA          80.621          3.0794          133.17          4.2798          111.92         0.33332         0.51167               0               0          1.2335               0         0.87741         0.24523         0.95569         0.24462          1.2408         0.44721               
         B        108        PRO          90.884          38.473          107.98           60.39          96.549          0.5486         0.67704         0.32682         0.49923          2.0878               0          1.0227         0.35506          1.1401         0.35139          1.7421         0.41767               
         B        109        ARG          40.722          3.5912            47.7               0          109.95         0.77616         0.71136         0.76495         0.74772          2.0265               0         0.44416         0.27332          0.3648         0.20264          1.1708         0.07978               
         B        110        GLY          103.33          26.243               0          50.079          150.67         0.15577         0.38156               0               0          1.0904               0          1.1924         0.31012          1.1325          0.3761          1.5728         0.65395               
         B        111        ARG          94.929          23.869          108.28           8.279          242.24        0.090812         0.30119         0.10897         0.32692            1.09               0          1.6863         0.77577          1.8642         0.72593          3.3416         0.54369               
         B        112        TYR           118.5          25.694          135.85          27.988          162.03         0.11044          0.3411               0               0          1.2303               0          1.2822         0.37339          1.3975         0.31778          2.0203         0.70818               
         B        113        GLY          15.401          1.9219               0          1.0535          28.159         0.30013         0.47501               0               0            1.09               0         0.50609         0.13749         0.59993        0.089688         0.70818          0.2864               
         B        114        PRO          66.057               0          87.601               0           78.33         0.74103         0.83852         0.32686         0.49929          2.5004               0         0.36183         0.19043         0.43954         0.15292         0.72229        0.047224               
         B        115        PRO          57.843           7.121          74.386          11.177          66.513         0.67439         0.72471         0.50616         0.64911            2.06               0       0.0049075        0.017694       0.0068705        0.020612        0.068705               0               
         B        116        SER           13.31          7.8223          16.322          5.3075          22.739           1.202           0.993           1.088          1.0254          2.4347               0       0.0064197        0.019704      0.00027302      0.00066877        0.068705               0               
         B        117        ARG          27.071          16.241          29.106          5.1827          64.282         0.95745         0.88097         0.92834         0.90316          2.2292               0        0.031204        0.077242        0.037445        0.083222         0.26302               0               
         B        118        ARG          48.983               0          58.188         0.13605          132.02         0.80839         0.89111         0.58388          0.7726          2.5027               0         0.16327         0.14666         0.19592         0.13933         0.46759               0               
         B        119        SER          22.537          33.273          16.645          20.645          24.767         0.84768         0.87682           1.032          0.9781          2.5735               0        0.017972        0.056831               0               0         0.19769               0               
         B        120        GLU          88.215          64.639          94.429          84.608          93.355         0.36877         0.64195         0.28216         0.63015           2.014               0          0.1806         0.19297         0.22859         0.20294         0.70818               0               
         B        121        ASN          8.1208               0          10.709               0          28.642          1.2883         0.98586          1.0454         0.94962          3.1385               0               0               0               0               0               0               0               
         B        122        ARG          41.521          1.6972          49.005          2.9898          107.02         0.65737          0.8566          0.5708         0.84934          2.8066               0      7.9632e-05       0.0003819      9.5558e-05      0.00041653       0.0019112               0               
         B        123        VAL               0               0               0               0               0          3.4945         0.87088          3.5402         0.88834          5.0952          2.1576               0               0               0               0               0               0               
         B        124        VAL          9.0305               0          11.428               0          10.926          2.0424          1.3404          1.5128          1.0791          4.3245               0               0               0               0               0               0               0               
         B        125        VAL               0               0               0               0               0          4.5029         0.91777          4.7689         0.88458          6.0324          2.7483               0               0               0               0               0               0               
         B        126        SER          27.265               0          42.231          11.998          45.255          1.1582          1.0816         0.61433         0.97143          2.4444               0               0               0               0               0               0               0               
         B        127        GLY          52.358          12.026               0          24.897          76.773         0.14426         0.35336               0               0          1.0098               0               0               0               0               0               0               0               
         B        128        LEU          1.8421          9.1937         0.18741          10.823         0.18128          2.2017          1.1221          2.4585          1.0442          4.2715               0               0               0               0               0               0               0               
         B        129        PRO          8.2403          0.8383          10.654          1.3158          9.5268          1.6852          1.1002           1.917          1.1327          3.4143               0               0               0               0               0               0               0               
         B        130        PRO          97.044          41.761          115.07          65.551           102.9         0.54803         0.67598         0.32693          0.4994          2.0823               0         0.25136         0.22912           0.345         0.20646         0.82805               0               
         B        131        SER          8.6201         0.97969          12.814          2.8134          15.462          1.1358         0.94776           1.155          1.0466          2.5604               0        0.015057        0.029409        0.023662        0.033993         0.07978               0               
         B        132        GLY          5.2304          4.8832               0          10.366         0.66151         0.55196         0.67457         0.58765         0.83106          1.7629               0               0               0               0               0               0               0               
         B        133        SER          26.103               0          40.431        0.084175          56.763         0.98901          1.0551         0.44544         0.74764          3.1664               0        0.001058       0.0033458       0.0016626       0.0040726        0.011638               0               
         B        134        TRP          29.595               0          34.229          1.4907          37.729          1.0605          1.1849         0.73695          1.0274          3.4439               0        0.013099          0.0386        0.015719        0.041794         0.13878               0               
         B        135        GLN           56.01          2.0834          69.318          2.0904          154.96         0.59948         0.78487         0.44405          0.7294          2.3663               0         0.14373          0.1881         0.18796         0.19482         0.54369               0               
         B        136        ASP          7.2902               0          9.7324          7.4482          6.9889           1.242          1.0225          0.8745          1.0062          2.8889               0               0               0               0               0               0               0               
         B        137        LEU               0               0               0               0               0          5.0223         0.98769          5.2706         0.92623          6.7476          3.2438               0               0               0               0               0               0               
         B        138        LYS          27.351               0          33.406               0          43.421          1.2683          1.0332         0.98098         0.91623          3.0598               0      0.00075333       0.0034522      0.00092074       0.0037963        0.016573               0               
         B        139        ASP          66.306          38.661          75.568          67.765          63.526         0.83195         0.93357         0.69733         0.98913          2.7214               0        0.013869        0.043427        0.020803        0.051813         0.15776               0               
         B        140        HIS          20.774               0          25.728          10.244          28.171          1.4064          1.0669          1.2395          1.1346          3.2442               0               0               0               0               0               0               0               
         B        141        MET               0               0               0               0               0          5.0861         0.99649          5.4589         0.80568          6.9931          3.3138               0               0               0               0               0               0               
         B        142        ARG          82.325          14.152          95.136           7.811             209         0.62732         0.95995         0.44931         0.84122          2.6871               0         0.46334         0.59141         0.55601         0.60679          2.0647               0               
         B        143        GLU          73.245          35.044           83.31          75.107          70.591         0.64839         0.86007         0.48145         0.83665          2.4326               0         0.11349         0.19401         0.15476         0.21199          0.5669               0               
         B        144        ALA           4.595          11.375               0          15.193          0.2523          2.0152          1.1288          2.7297         0.45751          3.4201               0               0               0               0               0               0               0               
         B        145        GLY          29.327         0.89037               0               0          55.407          1.0672         0.73985          1.2741         0.90712          2.0405               0               0               0               0               0               0               0               
         B        146        ASP          45.004               0           60.08          31.358          71.014          0.8565          1.0164         0.35918         0.64579          3.1793               0        0.060136         0.10244        0.090205         0.11414         0.35323               0               
         B        147        VAL               0               0               0               0               0          3.7566          0.9308          4.1063         0.69074           5.013          1.8501               0               0               0               0               0               0               
         B        148        CYS          33.035               0           45.55               0          41.729          1.0556          1.0717         0.54146         0.95844          2.7012               0               0               0               0               0               0               0               
         B        149        TYR          1.9836               0          2.3546               0          2.9376          2.0575          1.0491          1.8976          1.0812          3.3781               0               0               0               0               0               0               0               
         B        150        ALA          1.6886          3.3165         0.58542          4.6092         0.49198          2.0157          1.3011          2.6353           1.219           3.727               0               0               0               0               0               0               0               
         B        151        ASP          24.348               0          32.505          33.747          6.4321          1.4355          1.1389          1.0935           1.149          3.1838               0               0               0               0               0               0               0               
         B        152        VAL          8.1423          17.007          5.7889          20.564          5.5347          1.1111          0.9855         0.96559         0.92528          2.6072               0               0               0               0               0               0               0               
         B        153        TYR          40.588          9.3814          46.423          6.2219          57.115         0.48346          0.8401         0.33913         0.79699           2.901               0         0.06873         0.11417        0.051191        0.099246         0.38012               0               
         B        154        ARG          103.56          33.585           116.7          13.463          256.71         0.48887         0.74259         0.36653         0.67988          2.2812               0         0.85876         0.79328         0.99875         0.79664          2.8592               0               
         B        155        ASP          78.167          37.042          91.944          80.881          72.993         0.44447         0.80759         0.27141         0.71807          2.1712               0         0.47571          0.3581         0.61442         0.36362          1.1708               0               
         B        156        GLY           22.73          0.3227               0         0.17669          42.785         0.49766         0.79553               0               0          1.9608               0       0.0045244        0.011083        0.010557         0.01493        0.031671               0               
         B        157        THR          38.268               0          51.021               0          65.021          1.4343          1.0909         0.97022         0.92459           3.188               0        0.023064        0.050498        0.032289        0.057203         0.19084               0               
         B        158        GLY               0               0               0               0               0          3.0151         0.49229          3.0736         0.64221          3.9803          2.5662               0               0               0               0               0               0               
         B        159        VAL         0.93699               0          1.1857               0          1.1337          2.1182          1.1308          1.7829          1.0165          4.2747               0               0               0               0               0               0               0               
         B        160        VAL               0               0               0               0               0          5.5966          1.0406          5.8932          1.0133          7.4875          3.5761               0               0               0               0               0               0               
         B        161        GLU         0.74022               0         0.93518            1.24        0.027856          2.5925          1.4261          2.1629          1.4068          4.8509               0               0               0               0               0               0               0               
         B        162        PHE               0               0               0               0               0          4.2569          1.1773          4.5887          1.0268          6.2405          1.9186               0               0               0               0               0               0               
         B        163        VAL          48.249          13.851          57.381          16.749          54.862         0.87781         0.88593         0.80386         0.91788          2.8308               0         0.05259         0.07926        0.066621        0.086479         0.22587               0               
         B        164        ARG          78.139               0          92.823          5.1554          202.21         0.68019           0.995         0.39883         0.77936          3.1434               0          0.5723         0.64982         0.68676          0.6543          2.2562               0               
         B        165        LYS          89.027               0          108.74               0          141.33         0.73187         0.92397         0.43273         0.67745          2.6228               0         0.46304         0.53985         0.56594         0.54587          1.8162               0               
         B        166        GLU          60.458         0.96112          76.129          51.134           73.75         0.59551         0.80113         0.41254         0.74261          2.3588               0         0.13968         0.19857         0.19047         0.20999         0.57877               0               
         B        167        ASP          17.544               0          23.421          24.802          3.7083          1.3386          1.0151          1.0116           1.032          2.6467               0               0               0               0               0               0               0               
         B        168        MET          10.842               0          13.259               0          12.725          2.9468           1.446          2.6364          1.5047          4.8489               0               0               0               0               0               0               0               
         B        169        THR          56.821               0          75.756               0          96.544          1.2181          1.1665         0.70602         0.98387          2.6925               0       0.0096076        0.034114        0.013451        0.039719          0.1326               0               
         B        170        TYR          41.813               0          49.632           10.42          56.909         0.93797          1.1776         0.51557         0.86151          3.1121               0        0.066961         0.13022        0.082717         0.14016         0.46759               0               
         B        171        ALA               0               0               0               0               0          4.6652         0.65455          4.8768         0.73399          5.8967          3.8309               0               0               0               0               0               0               
         B        172        VAL           18.65          16.635          19.185          20.114          18.343          1.4308          1.1501          1.3178          1.0771          3.4398               0               0               0               0               0               0               0               
         B        173        ARG          78.678          44.938          85.018          14.231          188.24         0.75318         0.97881         0.68419          1.0062          2.9501               0         0.38196         0.48324         0.45203         0.50017          1.7065               0               
         B        174        LYS          49.731          4.0661           59.84          1.9913          77.779          0.7409         0.85169         0.66037         0.85315          2.9964               0         0.19833         0.20467          0.2424         0.20129         0.69429               0               
         B        175        LEU          5.5622               0          6.8142               0          6.5913           2.049          1.1602          1.8356          1.1994          3.4404               0               0               0               0               0               0               0               
         B        176        ASP          21.485          6.1552          26.621          29.024           7.116          1.1506          1.0724         0.98378          1.0769          2.7781               0               0               0               0               0               0               0               
         B        177        ASN          51.439          3.0203          66.872          25.054          118.11         0.69758         0.98288         0.47487         0.95571          2.6127               0         0.21281         0.24377          0.2859         0.25182         0.78118               0               
         B        178        THR          40.162               0          53.545               0          68.238          1.1967          1.1611         0.73879          1.0504          2.9391               0        0.012809        0.040583        0.017932        0.047052         0.15776               0               
         B        179        LYS          61.206         0.10633          74.732        0.052073          97.137         0.62177         0.74395         0.51797         0.70077          2.1771               0          0.2135         0.19481         0.26094          0.1844         0.62811               0               
         B        180        PHE               0               0               0               0               0          3.3262         0.53635          3.4253         0.51602          4.6053          2.1532               0               0               0               0               0               0               
         B        181        ARG          64.982         0.80521          77.042          2.8196          170.66         0.84427         0.99899         0.71912         0.95721           2.507               0         0.27191         0.38981         0.32629         0.40571          1.1937               0               
         B        182        SER          1.6838         0.28585          2.4511               0          3.6679          1.7305         0.95784          2.0885          0.8793          2.7844               0       0.0028792       0.0091047               0               0        0.031671               0               
         B        183        HIS          67.712          46.898          72.675          25.436          97.412         0.18928         0.42409        0.077789         0.28047          1.2283               0         0.21867         0.19475         0.19605         0.17299         0.65395               0               
         B        184        GLU          55.276           55.69          55.171          61.284          46.712          0.7476         0.86512         0.73111         0.86388          2.3665               0         0.40957         0.21511         0.39103         0.22535         0.84423        0.074214               
         B        185        GLY           66.47          28.332               0          59.998          72.211         0.63658         0.77985         0.67657         0.95682          2.0297               0          0.5674         0.16337         0.60022          0.2244         0.84423         0.30248               
         B        186        GLU          50.087               0          63.279          42.322          61.156           1.098          1.0096         0.81369         0.93502          3.0604               0         0.18045          0.1253         0.21378         0.11976         0.42738               0               
         B        187        THR          36.775          30.263          38.945          18.384          49.632          1.1092         0.98499          1.1166           1.063          2.9746               0        0.092004          0.1067         0.12697         0.10794         0.29439               0               
         B        188        ALA          31.932               0          53.572               0          45.022          1.4107          1.1103         0.95958          1.0934           3.139               0               0               0               0               0               0               0               
         B        189        TYR          41.685          0.9607            49.3          13.366          55.303         0.51685         0.79948         0.38081         0.74591          2.5448               0         0.20646         0.28489         0.25503         0.29643          1.0233               0               
         B        190        ILE               0               0               0               0               0          3.8121         0.88748          4.0132         0.84596          5.7275          2.2582               0               0               0               0               0               0               
         B        191        ARG          58.223               0          69.164          1.4279          154.77         0.89788          1.0129         0.59292         0.81373          2.6559               0         0.15112         0.22914         0.18135         0.23985         0.73665               0               
         B        192        VAL          3.1387          14.961               0          18.091               0          3.1964          1.2872          3.7307         0.82509          5.0105               0               0               0               0               0               0               0               
         B        193        LYS          68.885               0          84.134               0          109.36         0.90398         0.96174         0.65546         0.83726          2.8839               0         0.28861         0.35626         0.35274         0.36402          1.2408               0               
         B        194        VAL          63.348         0.77306           79.96         0.93477          76.449         0.34399         0.51168         0.18151         0.40587          1.2247               0          0.1687         0.16685         0.22493         0.15642         0.53233               0               
         B        195        ASP          35.718          6.1123          45.636          37.772          31.803         0.77639          0.9553         0.53616         0.92866          2.2612               0        0.058823        0.084826        0.050925        0.081337         0.24046               0               
         B        196        GLY          115.51           81.46               0          148.35          86.264         0.14427         0.35338               0               0          1.0099               0         0.34121         0.22479          0.2242         0.26503         0.64093        0.031671               
