pdb_id: 2PJP
analysis type: unbound
radii_file: E:\PBR\111aPRBind-master\aPRBind program\Source code\Feature extraction\CX&DPX\amac_data\chothia.radii
ASA_zSice: 0.25
ASA_rSolvent: 1.4
rasa_file: E:\PBR\111aPRBind-master\aPRBind program\Source code\Feature extraction\CX&DPX\amac_data\natural_asa.asa
CX_sRadius: 10
CX_vAtom: 20.1

  chain id|    res id|  res name|     total RASA|    b-bone RASA|   s-chain RASA|     polar RASA|   n-polar RASA|    average DPX|      s_avg DPX|   s-ch avg DPX| s-ch s_avg DPX|        max DPX|        min DPX|     average CX|       s_avg CX|    s-ch avg CX|  s-ch s_avg CX|         max CX|         min CX|               
         B         12          G          99.748          68.644           104.2          168.64          50.612         0.12443         0.40321          0.1431         0.42929          1.4334               0          2.2692         0.87868          2.0977         0.78481          4.0829          1.0633               
         B         13          G          58.621          1.9746          66.731          120.46          14.513         0.64236          0.7539         0.73872         0.76318           2.264               0          1.1723         0.53713          1.0588         0.47298          2.2061         0.45733               
         B         14          C          65.289          4.0448           75.14          136.92          19.553         0.45604         0.72096         0.53652         0.75388          2.2647               0           1.137         0.64673         0.97731         0.51842           2.789         0.38012               
         B         15          G          58.375          4.3206          66.113          125.18          10.727         0.36157         0.60875          0.4158          0.6353          1.4126               0         0.92082         0.65544         0.74593         0.42538          3.0862         0.25541               
         B         16          G          54.445          7.5906          61.153          107.96          16.275         0.29503         0.55984         0.33929         0.58772          1.3728               0         0.77005         0.48178         0.63334         0.33112          2.1104         0.25541               
         B         17          U          129.06          7.1672          148.99          212.26          67.381               0               0               0               0               0               0          3.6731          1.9796          3.9999          1.9738          8.0608          1.6718               
         B         18          U          59.525         0.89499          69.111          118.91          15.507         0.33876         0.58798         0.39854         0.61879          1.4238               0         0.87902         0.42893         0.78485         0.38748          1.6379          0.2864               
         B         19          G          53.017               0          60.607           106.4          14.937         0.70305          0.7557         0.73449         0.75902          2.2522               0         0.87457         0.56501         0.77753         0.52851          1.9352         0.15137               
         B         20          C          62.177          3.0761          71.683          123.48          23.035          0.6034         0.76494         0.70988         0.78282          2.3032               0          1.0426         0.62575         0.88016         0.49635          2.5931         0.22587               
         B         21          A          54.885          2.3115          62.583          113.07          17.835         0.43683         0.63958          0.5058         0.66239          1.4109               0         0.89955         0.55946         0.78222         0.48464          2.2061         0.22587               
         B         22          G          66.389          1.5384          75.674          131.43          19.999         0.47419         0.65023         0.54532          0.6689          1.4498               0          1.0721         0.66826         0.93047         0.56585          2.7214         0.37104               
         B         23          G          100.33          4.7779          114.01          174.58          47.364         0.12136         0.39339         0.13956         0.41884          1.4322               0          1.9555         0.61357          1.9257         0.62894          3.9618          1.1484               
         B         24          U          60.747          4.2041          69.992          125.01          13.109         0.54809         0.77649         0.64481         0.80435          2.4204               0          1.1442         0.25797          1.0975         0.24005          1.6718         0.79653               
         B         25          C          79.999          3.9209          92.236          127.68          49.559         0.26611         0.53274         0.31308         0.56497          1.3893               0          1.4006         0.57663          1.2634         0.50434          2.4733         0.60306               
         B         26          U          73.924          4.2948          85.309           138.4          26.132         0.33899         0.58821         0.39881         0.61902          1.4127               0          1.2452         0.79811         0.98241         0.52982          3.0076         0.40809               
         B         27          G          61.258          2.3425          69.692          125.99          15.087         0.63801         0.74957         0.73372         0.75889          2.2625               0         0.91906         0.56937         0.81798         0.52741          2.0203         0.17739               
         B         28          C          62.276          3.8303          71.677          126.86          21.044         0.59522         0.75247         0.70026         0.76979          2.2483               0         0.96637         0.52937         0.83867         0.43527          2.2562         0.24789               
         B         29          A           53.22          2.9747          60.577           112.7          15.343         0.43646         0.63907         0.50537         0.66187          1.4039               0         0.82487         0.52912         0.70673         0.44051          2.1575         0.17077               
         B         30          C          63.621          2.0123          73.531          129.67          21.454         0.52692         0.74179          0.6199         0.76793          2.2479               0          0.9756         0.53446         0.83027         0.41398          2.3079         0.31897               
         B         31          C          64.327           4.522          73.946          131.77          21.264         0.34082         0.59124         0.40097          0.6222          1.4341               0         0.94836         0.56391         0.78858         0.39342          2.5931         0.27851               
         B         32          G           59.49          2.1199          67.703          122.85          14.295         0.51407         0.72674         0.59118         0.74953          2.2667               0         0.86278         0.58454         0.72539         0.45831          2.4733         0.27072               
         B         33          C          63.168          3.4139          72.779          127.29           22.23         0.52248         0.73349         0.61469         0.75913          2.1935               0          1.2451          0.6236          1.1045         0.52969          2.7214         0.51013               
         B         34          C          93.193          4.7984          107.41          169.81          44.273        0.069305         0.30209        0.081535         0.32614          1.3861               0          1.7596         0.77191          1.5935         0.66246          3.6311         0.92961               
         A        487        PHE          41.263          168.21          15.709          198.48          17.098          0.6849         0.95416          1.0763          1.0047          2.3835               0         0.78623         0.53916         0.43543         0.18871          1.9352         0.21161               
         A        488        SER          57.021          50.419          60.645          16.951          104.24               0               0               0               0               0               0          1.7624          0.2378          1.8187         0.24593          2.0647          1.4809               
         A        489        GLU          52.293          57.479          50.931          13.758          107.22               0               0               0               0               0               0             2.4         0.51801          3.3416               0          3.3416          1.8162               
         A        490        GLU          41.438          36.973          42.617           5.116          93.215         0.24351         0.48703               0               0          1.2176               0          1.4223         0.53383          1.8162               0          2.0647         0.68063               
         A        491        GLN          14.269               0           17.79          13.089          16.435          1.2712          1.1795         0.30224         0.60448           2.728               0         0.59014         0.12813         0.61653        0.040959         0.86069         0.38012               
         A        492        GLN          16.414          2.1856          19.925               0          46.536         0.53383         0.65752               0               0          1.4449               0         0.98435         0.20112          1.3682               0          1.3682         0.78118               
         A        493        ALA          55.415           18.56          80.391          15.572           71.75         0.24802         0.49605               0               0          1.2401               0          1.0689         0.27271          1.5414               0          1.5414         0.73665               
         A        494        ILE          14.819               0          18.054               0          17.438          1.7994          1.2038         0.77738         0.77775          3.3189               0         0.32963         0.12298         0.31334         0.10918          0.5669         0.18408               
         A        495        TRP          7.7299               0          8.9403          11.845          6.5387          1.7207          1.2928          1.1386           1.014          3.8216               0         0.27285         0.14531         0.24017         0.14679         0.48855        0.036804               
         A        496        GLN          75.816          47.053          82.911          70.126          86.258          0.1636         0.46273               0               0          1.4724               0          1.2969         0.32596          1.5459          0.1689          1.8548         0.73665               
         A        497        LYS          52.977          28.882          58.311          49.338          55.115         0.28579         0.53524               0               0          1.3388               0         0.90286         0.44384            1.15         0.45324          1.8162         0.44721               
         A        498        ALA               0               0               0               0               0          2.9418         0.71295          4.2976               0          4.2976          2.2519          0.2633         0.13416        0.031671               0         0.41767        0.031671               
         A        499        GLU          50.059          11.992          60.086          59.905          36.025         0.47383         0.67397         0.30688         0.61377          1.5344               0         0.85352         0.26232         0.99782         0.20858          1.1937         0.39864               
         A        500        PRO           75.97           118.5          62.099          129.04          66.111         0.21102         0.51688               0               0          1.4771               0          1.3902         0.23825          1.4482         0.29807          1.8548          1.1484               
         A        501        LEU           36.88           35.79          37.125          31.566          37.865         0.35723         0.62047         0.38039         0.65885          1.5216               0          0.7882         0.19589         0.86026         0.24215          1.2652         0.60306               
         A        502        PHE          10.196          43.499          3.4916          53.487          3.5414         0.86952         0.84169         0.95607         0.89175          2.4313               0         0.22868         0.22136        0.071539         0.08746          0.5669               0               
         A        503        GLY          45.015          45.015               0          11.018          75.244         0.31014         0.53717               0               0          1.2406               0         0.69324        0.063249               0               0         0.76608         0.60306               
         A        504        ASP          42.945          14.307          52.539          52.995          23.787         0.33658         0.58609               0               0           1.467               0          1.0625         0.45616          1.4145         0.38423          2.0647         0.48855               
         A        505        GLU          67.456          3.8425          84.211          52.964          88.114         0.13888         0.39281               0               0          1.2499               0          1.0596         0.53974           1.483         0.31039          1.8548         0.31897               
         A        506        PRO          21.124           43.94          13.683           68.97          12.235         0.93913         0.87688         0.48855         0.69091          2.3777               0          0.2652        0.098996         0.24372        0.084035         0.43722         0.13878               
         A        507        TRP           21.26          2.9637          24.125          5.7032          25.763         0.66941         0.79894         0.43367         0.66356          2.2343               0         0.30229         0.17981         0.35934         0.18367         0.65395         0.10263               
         A        508        TRP          36.648          3.7278          41.803          31.085          38.258          0.4757          0.9504               0               0          2.8291               0         0.51567         0.22603         0.64159         0.12387         0.84423         0.13878               
         A        509        VAL         0.30421               0         0.38497               0         0.36806          1.5476         0.74984          1.0489         0.74336          2.5499               0         0.09004         0.03919        0.080476        0.027439         0.14504        0.047224               
         A        510        ARG          56.918          2.6061          67.124          61.778          48.657         0.11407         0.36073               0               0          1.2548               0           1.062         0.60845          1.4299           0.451          2.2061         0.27072               
         A        511        ASP          40.337          6.3032          51.739          45.718           30.08          0.3304         0.57524               0               0          1.4384               0         0.67687         0.24264         0.86947         0.19523          1.1265         0.39864               
         A        512        LEU               0               0               0               0               0          3.3564         0.71158          4.0212         0.23352          4.2722          2.2288         0.14373         0.11626         0.04235        0.054226         0.33588               0               
         A        513        ALA          5.1813          5.3749          5.0501          4.6397          5.4039         0.79542          1.0163               0               0          2.4464               0         0.37318         0.15211         0.30248               0         0.60306         0.17739               
         A        514        LYS           76.56          96.716          72.098          90.799          68.194               0               0               0               0               0               0          1.5022         0.61846          1.7989          0.6501           2.789         0.69429               
         A        515        GLU          64.127          78.362          60.383          95.123          19.942               0               0               0               0               0               0          1.3855         0.46969          1.5931         0.51184          2.2562         0.87746               
         A        516        THR          12.454          35.333          4.8295          1.0434          20.431         0.39459         0.62441         0.47605         0.67323          1.4281               0         0.73938         0.28476         0.43235        0.049737          1.1265         0.38012               
         A        517        GLY          91.935          91.935               0           92.57           91.35               0               0               0               0               0               0          1.4711         0.17646               0               0          1.7421          1.2901               
         A        518        THR          13.667          40.771          4.6347          12.404           14.55          0.2024         0.49578         0.47227         0.66789          1.4168               0           0.646          0.2108         0.41275        0.079774         0.87746         0.30248               
         A        519        ASP          67.865          50.411          73.713           55.37          91.684         0.44633         0.80653               0               0          2.2451               0           1.347         0.62997          1.8715         0.42645          2.5931         0.49926               
         A        520        GLU          29.162          17.582          32.214          24.408          35.939         0.56585         0.83383               0               0          2.2651               0         0.70486          0.1494         0.80103        0.091853         0.96601         0.40809               
         A        521        GLN          50.656          2.5119          62.536          30.047          88.476         0.30244         0.56849               0               0          1.4779               0           1.216         0.39418          1.5584          0.1081          1.7421         0.66718               
         A        522        ALA          37.139          27.272          43.826          9.0154          48.669         0.24071         0.48142               0               0          1.2036               0         0.60389         0.22138         0.82805               0         0.82805         0.27851               
         A        523        MET               0               0               0               0               0          3.5799         0.87734          4.3648         0.42651          5.0537          2.2193        0.056153        0.077181        0.013128        0.022739         0.24046               0               
         A        524        ARG          13.174         0.21649          15.609          11.921          15.303         0.77941          1.1563         0.21704         0.53164          3.4597               0          0.5087         0.20075         0.64571         0.10105         0.75124         0.20461               
         A        525        LEU          45.126         0.81212            55.1         0.14625          53.448         0.34299         0.59761               0               0          1.5016               0         0.72187         0.39674          1.0658         0.26746          1.3155         0.31068               
         A        526        THR         0.13156               0          0.1754               0         0.22354          2.0958         0.98627          1.3014         0.99669           3.211               0        0.098107        0.056886        0.057651        0.040481         0.20461       0.0019112               
         A        527        LEU               0               0               0               0               0           3.845         0.85762          4.5854         0.31815          4.9136          2.4656        0.019512        0.033789               0               0        0.096829               0               
         A        528        ARG          42.152          2.5838          49.588          33.731          56.468         0.24744          0.5274               0               0          1.4812               0           0.735         0.34572         0.95432         0.20614          1.1937         0.13878               
         A        529        GLN          35.441           0.334          44.105          49.835          9.0266         0.59709         0.87887               0               0          2.3873               0         0.71263         0.29707          0.8835         0.29456          1.1937         0.39864               
         A        530        ALA               0               0               0               0               0          3.3459         0.51155          3.8652               0          3.8652          2.4563         0.32362         0.11068         0.13878               0           0.478         0.13878               
         A        531        ALA          35.643          43.799          30.115          56.325          27.171         0.80469          1.0337               0               0          2.5048               0         0.58701         0.23883         0.35323               0         0.92961         0.35323               
         A        532        GLN            86.6          100.12          83.257          105.44           52.02               0               0               0               0               0               0          1.9142         0.80096          2.3877         0.74539           3.253         0.86069               
         A        533        GLN          56.134           108.6           43.18           67.39          35.478         0.16716         0.47281         0.30089         0.60178          1.5045               0          1.2555          0.3008          1.0949         0.15344          1.9352         0.92961               
         A        534        GLY          57.453          57.453               0          53.712          60.768               0               0               0               0               0               0          1.2939        0.091847               0               0          1.3954          1.1484               
         A        535        ILE          37.374          38.463          37.134           23.18          39.883         0.52051         0.67615         0.38917         0.67406          1.5567               0         0.59258         0.13939         0.63368         0.11917         0.75124         0.38932               
         A        536        ILE          1.7502          5.2098         0.99466          6.2181         0.96071          1.6663          1.1082          1.8423          1.2043          3.1644               0          0.1879         0.13691        0.060131        0.030903         0.40809       0.0067513               
         A        537        THR          16.587          2.8682          21.159               0          28.183          0.9315         0.85384          0.4784         0.67656           2.264               0         0.25149        0.098739         0.34161        0.061073         0.38932        0.085404               
         A        538        ALA          33.465              37          31.069          51.422           26.11         0.53947         0.66537               0               0           1.473               0         0.30613        0.069246         0.32737               0         0.41767         0.20461               
         A        539        ILE         0.19988          1.1152               0               0         0.23521          2.3826          1.3488          3.5071         0.66815          4.3325               0         0.14393         0.10285        0.056688        0.039785         0.31897       0.0019112               
         A        540        VAL          29.741            27.1          30.442         0.07912          35.967         0.39078         0.62064         0.49241         0.69637          1.4772               0         0.55787         0.11943         0.57968        0.087328         0.73665         0.36208               
         A        541        LYS          73.039           63.46          75.159          39.261          92.884         0.13674         0.38677               0               0          1.2307               0          1.3055         0.48749          1.6857         0.30593          2.0647         0.68063               
         A        542        ASP          14.748          4.5715          18.157           17.25          9.9772         0.86519          1.1766               0               0          2.9058               0          0.3552         0.15616         0.44114        0.098584         0.60306         0.11443               
         A        543        ARG          14.947               0          17.756           23.47         0.45736          1.9744          1.5416         0.99056         0.94941           4.387               0         0.35874         0.15525         0.43937         0.13961         0.65395         0.19084               
         A        544        TYR          5.9604               0           7.075          18.251        0.048204          2.6328          1.5924          1.7777          1.2567          4.5059               0        0.048783        0.057377        0.048525        0.059425         0.18408               0               
         A        545        TYR          1.4335               0          1.7015          4.1368         0.13308          1.6424          1.1273           1.252          1.0522          3.6549               0        0.042515        0.049501        0.041742        0.054735         0.15137               0               
         A        546        ARG          24.239         0.78974          28.646          20.048          31.364         0.59514         0.81537          0.2182         0.53447          2.2324               0         0.49034         0.34869          0.6722         0.31506          1.1937          0.1085               
         A        547        ASN          32.099          7.7883          39.848          23.274            54.4         0.62721         0.84623         0.89123         0.94715          2.2359               0         0.58516         0.13955          0.6583         0.13138         0.79653         0.37104               
         A        548        ASP          53.607          13.945          66.894          36.178          86.829         0.30873         0.53476         0.31132         0.53923          1.2453               0         0.89843         0.25347          1.0884         0.22325          1.3682         0.62811               
         A        549        ARG          17.356               0          20.618          27.566               0          2.2917          1.2644          1.9629          1.4533          3.8981               0         0.46899         0.13949         0.51874         0.14295         0.78118         0.29439               
         A        550        ILE           8.302               0          10.114               0           9.769          1.3562          1.1303         0.37248         0.64515          2.7748               0         0.20624        0.063136          0.1843        0.064013         0.31068        0.085404               
         A        551        VAL          60.613           3.443           75.79               0          73.336         0.77672         0.93908               0               0          2.4117               0         0.77886         0.24952          1.0321         0.13584           1.217         0.42738               
         A        552        GLU            39.8          13.551          46.714          32.662          49.975         0.29925          0.5627               0               0          1.4666               0         0.78321         0.25656         0.97481         0.18017          1.2652         0.43722               
         A        553        PHE          1.1581               0          1.3912               0          1.3361          2.0722          1.1857          1.6372          1.2699          3.7673               0         0.13757        0.085967        0.084632         0.04541         0.31897               0               
         A        554        ALA          11.506               0          19.303               0          16.222          1.9478          1.1201               0               0          3.2531               0         0.34313        0.085127         0.38932               0         0.42738         0.22587               
         A        555        ASN          46.662          3.1528          60.529          37.516          69.774          0.5108         0.91733               0               0           2.528               0         0.94304         0.30453          1.2258         0.14252          1.4517         0.60306               
         A        556        MET          26.571          5.9389          31.172           3.038           30.66         0.15415         0.40785               0               0          1.2332               0         0.37989        0.086069         0.43451        0.056972         0.52115         0.24789               
         A        557        ILE        0.030104               0        0.036675               0        0.035423          2.1631         0.92225          1.8313          1.2032          3.1514               0        0.062548        0.059257        0.017119        0.017215         0.16423               0               
         A        558        ARG          45.298          16.356          50.736          45.786          44.467         0.27169         0.57654         0.21871         0.53573           1.531               0          0.8385         0.37527          1.0353         0.31194          1.4517         0.24046               
         A        559        ASP          55.574          16.928          68.521          66.263            35.2         0.32391         0.56162               0               0          1.3469               0         0.94307         0.21948          1.1078         0.16279          1.2901         0.64093               
         A        560        LEU          2.7995               0          3.4296               0          3.3175          1.7992          1.2126         0.75751         0.75757            3.36               0          0.3901         0.13943          0.2709        0.086488         0.60306         0.14504               
         A        561        ASP          21.485          10.443          25.184          31.896          1.6375         0.81092         0.88356         0.31564          0.5467          2.4598               0         0.57713         0.20133         0.48757         0.10533         0.96601         0.38932               
         A        562        GLN          84.945          86.016          84.675          93.262          69.683          0.1609         0.45508               0               0          1.4481               0          1.8913         0.56706          2.2188         0.48546          2.7214          1.0038               
         A        563        GLU          63.155          110.46          50.705          55.175          74.531         0.14701         0.41581               0               0          1.3231               0          1.5809         0.22834          1.4629          0.1141          2.1104          1.3155               
         A        564        CYS          57.244           116.7          34.718          113.94          42.313         0.22181         0.49599               0               0          1.3309               0          1.3658         0.28245          1.0463        0.080245          1.8548         0.96601               
         A        565        GLY          68.978          68.978               0          52.384          83.723               0               0               0               0               0               0           1.143         0.10923               0               0          1.2901         0.98474               
         A        566        SER          12.046          4.7734          16.038          16.812          6.4296         0.24213         0.54141               0               0          1.4528               0          0.5358         0.14556         0.55833        0.069776         0.81215         0.38932               
         A        567        THR               0               0               0               0               0          2.5391          0.9139          3.4988        0.029487          3.5268          1.3124          0.1129        0.084403        0.022859        0.017343         0.23312               0               
         A        568        CYS          22.552          1.2093          30.638          1.5942          28.068         0.84565         0.89623               0               0          2.2813               0         0.36669         0.18436         0.61466        0.093513         0.70818          0.2187               
         A        569        ALA          9.4519          2.0129          14.493          2.7976           12.18          1.0129         0.88321               0               0          2.2459               0         0.32095        0.050861         0.38012               0         0.38012         0.24046               
         A        570        ALA          36.516           1.578          60.194          2.1931          50.587          1.3273           1.163               0               0          2.7296               0         0.79564         0.20182          1.1708               0          1.1708         0.59082               
         A        571        ASP          33.836          6.5842          42.965          42.846           16.66         0.33632         0.58462               0               0          1.4442               0          0.6461         0.17765          0.7445         0.18278          1.0233         0.39864               
         A        572        PHE       0.0023391               0         0.00281               0       0.0026987          2.3305          1.0201          2.0253          1.1302          3.7935               0        0.085444         0.11302       0.0030795       0.0075432         0.30248               0               
         A        573        ARG          30.514          2.7816          35.726          39.101          15.917          1.0187          1.2464         0.57948         0.95312          3.5634               0         0.85758          0.3861          1.0241         0.36436          1.7065         0.30248               
         A        574        ASP          68.249          75.624          65.779          67.555          69.573          0.1852         0.48999               0               0          1.4816               0          1.2313         0.22712          1.3623         0.18861          1.6718         0.82805               
         A        575        ARG           49.55          67.541          46.169          52.873          43.901         0.11145         0.35242               0               0          1.2259               0         0.93739         0.17479         0.93763         0.21147          1.1265         0.53233               
         A        576        LEU          19.344          86.834          4.1537          92.463          5.8229         0.56108          0.7246         0.75832         0.75839          1.5309               0         0.53244         0.30217         0.26601        0.093752          1.0038         0.14504               
         A        577        GLY          82.441          82.441               0          83.212          81.736         0.33229         0.57555               0               0          1.3292               0          1.5368         0.36405               0               0          2.1104          1.1484               
         A        578        VAL          34.751          36.895          34.182           16.75           38.53         0.58397         0.96503          1.3626          1.0545          2.5688               0         0.84414         0.24695         0.58359         0.13982          1.1265         0.39864               
         A        579        GLY          62.496          62.496               0          32.301          89.341         0.87877         0.93232               0               0           2.198               0         0.88061         0.25696               0               0          1.1484         0.53233               
         A        580        ARG          55.142          13.383          62.989          56.024          53.643         0.45397         0.76984               0               0          2.2214               0          1.1011         0.35054           1.343         0.16859          1.5414          0.5669               
         A        581        LYS          67.566          25.599          76.856           65.24          68.933         0.13621         0.38526               0               0          1.2259               0          1.3768         0.67626          1.8601         0.52697          2.8592         0.60306               
         A        582        LEU          11.274          5.2928           12.62          6.2309          12.208          1.1024          1.2244         0.38441         0.66582          3.3158               0         0.34312         0.12347         0.33332        0.071428         0.61548         0.19084               
         A        583        ALA               0               0               0               0               0          3.3238          0.7757           4.537               0           4.537          2.5133         0.16058        0.068659         0.19084               0         0.26302        0.052513               
         A        584        ILE          27.165        0.060489          33.081               0          31.965          0.8685         0.91597         0.35852         0.62098          2.4455               0         0.41215         0.14026         0.53924        0.078972         0.62811         0.24046               
         A        585        GLN          13.745          2.9291          16.413          11.789          17.333          1.1687         0.89379          1.0244         0.88934          2.4165               0         0.40908         0.18013         0.52663         0.14977         0.76608         0.18408               
         A        586        ILE         0.04902               0         0.05972               0        0.057682          1.7758          1.1688         0.76477         0.76478          3.2584               0        0.022592        0.028568               0               0         0.07978               0               
         A        587        LEU       0.0068589               0       0.0084028               0       0.0081279           2.053         0.93404          1.6813          1.0589          3.1863               0         0.02602        0.029273       0.0041433       0.0071764        0.074214               0               
         A        588        GLU          39.299          3.1541          48.819          48.354          26.391            0.58         0.87546               0               0          2.4652               0         0.56071         0.27026         0.74547          0.2084         0.96601         0.15776               
         A        589        TYR          13.558               0          16.093          25.101          8.0046           1.524           1.244         0.83991         0.90798          3.4384               0         0.31729         0.11085         0.30014         0.11857         0.48855         0.14504               
         A        590        PHE          1.3457               0          1.6166               0          1.5526          2.4882          1.1237          2.0175          1.1277          3.9764               0         0.13372         0.12102        0.051518        0.046621         0.38012       0.0019112               
         A        591        ASP          22.762          41.615          16.447          19.302          29.359         0.93082         0.99224         0.86826         0.93249          2.4448               0         0.34593          0.1644         0.24255         0.10723         0.64093        0.091087               
         A        592        ARG          62.352          95.122          56.194          51.392          80.984         0.12114         0.38309               0               0          1.3326               0          1.0749         0.25036          1.0564          0.1827          1.5728         0.65395               
         A        593        ILE          60.442          116.36          48.227          108.62          51.929         0.35528         0.61675           0.376         0.65124           1.504               0          1.0062         0.20168         0.88946         0.19625          1.3155         0.66718               
         A        594        GLY          23.758          23.758               0           3.581          41.701               0               0               0               0               0               0         0.86991        0.095949               0               0         0.98474         0.72229               
         A        595        PHE          11.528          10.082          11.819           1.771          13.028          0.8324          0.9656         0.74374         0.91165          2.4145               0          0.3452         0.14904         0.28613         0.14883         0.54369        0.068705               
         A        596        THR         0.26891          1.0759               0         0.65356               0          2.4048          1.2809          3.5804         0.24804          3.9295               0         0.18389         0.13999        0.040479        0.030671         0.40809               0               
         A        597        ARG          45.279          7.8633           52.31          48.617          39.604         0.45959         0.77904               0               0          2.2445               0          1.0254          0.5824          1.3945         0.39637          1.9771         0.31068               
         A        598        ARG           65.07          80.861          62.103          78.856          41.635         0.13162         0.41621               0               0          1.4478               0          1.1651         0.47809          1.3278         0.47188          1.9771         0.52115               
         A        599        ARG          24.405          39.835          21.506           3.995          59.102         0.26708         0.53416               0               0          1.3354               0           1.498         0.22969           1.605               0          1.7786           1.084               
         A        600        GLY          69.419          69.419               0          41.746          94.019         0.30921         0.53556               0               0          1.2368               0          1.8501         0.30645               0               0          2.2061          1.4232               
         A        601        ASN          81.466          31.322          97.449          86.716            68.2               0               0               0               0               0               0          1.5821         0.67384          2.0781          0.5286          2.8592         0.64093               
         A        602        ASP           36.14               0          48.246           52.59          4.7813          1.0508           1.167               0               0          3.1225               0         0.83362         0.21789         0.94091         0.22808          1.3155         0.55521               
         A        603        HIS          4.7417         0.12629          5.8424          11.128         0.25492          1.4676          1.1417          1.3428          1.1293          3.1624               0         0.15322        0.066018         0.12526        0.056699         0.27851        0.041988               
         A        604        LEU          30.022          0.6276          36.639               0          35.577         0.81651         0.85521         0.37888         0.65624           2.245               0         0.57356          0.2862          0.8343         0.16656           1.105         0.29439               
         A        605        LEU          28.617          49.148          23.996          56.041          23.547         0.37202         0.64448         0.37836         0.65534          1.5134               0         0.49344         0.18769         0.39278        0.069717          0.9119         0.31068               
         A        606        ARG          61.478          72.177          59.468          83.727          23.656         0.39891         0.65338         0.21652         0.53037          1.5455               0          1.4479         0.51915           1.577          0.5477          2.7214         0.70818               
         A        607        ASP          65.633          165.46          32.192          39.829          114.82         0.19257         0.47169               0               0           1.348               0          1.5127         0.29731          1.4796         0.33928          1.8944          1.0633               
