pdb_id: 2Y8W
analysis type: unbound
radii_file: E:\PBR\111aPRBind-master\aPRBind program\Source code\Feature extraction\CX&DPX\amac_data\chothia.radii
ASA_zSice: 0.25
ASA_rSolvent: 1.4
rasa_file: E:\PBR\111aPRBind-master\aPRBind program\Source code\Feature extraction\CX&DPX\amac_data\natural_asa.asa
CX_sRadius: 10
CX_vAtom: 20.1

  chain id|    res id|  res name|     total RASA|    b-bone RASA|   s-chain RASA|     polar RASA|   n-polar RASA|    average DPX|      s_avg DPX|   s-ch avg DPX| s-ch s_avg DPX|        max DPX|        min DPX|     average CX|       s_avg CX|    s-ch avg CX|  s-ch s_avg CX|         max CX|         min CX|               
         A         -3        GLY          128.54          128.54               0          156.79          103.38               0               0               0               0               0               0          1.4947         0.47067               0               0          2.2562          1.0633               
         A         -2        THR          67.079          14.064          84.746          48.623          79.982         0.17507         0.42883               0               0          1.2255               0          1.5289         0.61476          2.1618         0.24534          2.3613         0.64093               
         A         -1        GLY          20.101          20.101               0          13.218          26.218               0               0               0               0               0               0         0.89504         0.09574               0               0          1.0233         0.78118               
         A          0        ALA          45.563          12.865          67.722          15.765           57.78         0.28975         0.57949               0               0          1.4487               0         0.57191         0.17991         0.89452               0         0.89452         0.38012               
         A          1        MET          1.4046          6.3984         0.29102          2.2495          1.2578         0.73237         0.98161          1.4647         0.92434          2.5439               0         0.21484         0.11092         0.11171        0.043765         0.37104        0.047224               
         A          2        TRP          22.144         0.72039          25.499          32.606          19.116          0.5006         0.67281         0.41648         0.63626          1.5219               0         0.46713         0.29081          0.6022         0.23215         0.96601        0.074214               
         A          3        LEU          24.142          11.852          26.908          11.421          26.496         0.54527         0.70602         0.37991         0.65803          1.5196               0         0.22981        0.078718          0.2626        0.094626         0.38012          0.1326               
         A          4        THR          1.2546          1.4602          1.1861          2.0897         0.67085         0.39211         0.62446         0.50399         0.71275           1.512               0         0.12766        0.047784         0.10062           0.045         0.19769        0.041988               
         A          5        LYS          45.746          9.6267          53.742          70.739          31.062         0.92438          1.1108         0.30536         0.61073           2.898               0          0.6465         0.35963         0.87838         0.33235          1.4517         0.32737               
         A          6        LEU               0               0               0               0               0          4.2561         0.68438          4.6186         0.67759          5.3329          3.4193         0.13605        0.076575        0.065503        0.038314         0.23312               0               
         A          7        VAL           12.64          4.9732          14.676          6.0135          14.031          1.1499          1.1174         0.50862         0.71929          2.9064               0         0.51872         0.16638         0.69664        0.063508         0.78118          0.2864               
         A          8        LEU            1.06          5.7693               0          5.4488         0.24837          2.2914          1.6016          3.6418         0.72892          4.5657               0          0.1996         0.16321        0.051891         0.05288         0.46759               0               
         A          9        ASN           35.47          7.2457          44.466          34.071          39.006         0.65781         0.89625               0               0          2.4053               0         0.70439         0.19164         0.84713         0.13908         0.98474         0.36208               
         A         10        PRO          53.644          15.702          66.018          17.629          60.335         0.20942         0.51296               0               0          1.4659               0          1.0374         0.21176          1.0287         0.18775          1.3415         0.75124               
         A         11        ALA          79.739          77.467          81.278          73.718          82.216               0               0               0               0               0               0          1.7078         0.27822          2.1104               0          2.1104          1.2901               
         A         12        SER          17.644          20.587          16.028          11.066          25.395         0.81567         0.87057               0               0          2.2399               0         0.75908         0.16852         0.59231         0.04862           1.084         0.54369               
         A         13        ARG          66.773          17.344          76.061          63.922          71.619         0.45768         0.77691               0               0           2.248               0          1.4647         0.50092          1.8262         0.16267          2.0203         0.68063               
         A         14        ALA          14.129          7.3186          18.744            9.23          16.138         0.78757           1.003               0               0          2.4035               0         0.43542         0.15546         0.43722               0         0.70818         0.25541               
         A         15        ALA               0               0               0               0               0          2.9876         0.57946          3.8231               0          3.8231          2.4173         0.27301        0.054496         0.24046               0         0.36208         0.20461               
         A         16        ARG          50.184           15.15          56.767          42.262           63.65         0.13274         0.41975               0               0          1.4601               0           1.206         0.62798          1.5785         0.48639          2.3079         0.46759               
         A         17        ARG          30.854          28.591          31.279          30.608          31.272         0.37222         0.61116         0.40806         0.64746          1.5294               0         0.56655         0.11433          0.5615         0.13464         0.81215         0.36208               
         A         18        ASP         0.79897           3.184               0          1.2181               0          2.2419          1.0524          3.0126         0.31755          3.2802               0         0.21351        0.072429         0.15596        0.058393         0.30248        0.068705               
         A         19        LEU          24.997              57          17.794          59.695          18.581         0.37204          0.6445         0.37802         0.65475          1.5121               0          0.3716         0.18056         0.27364        0.079077         0.70818         0.19084               
         A         20        ALA          79.382          77.028          80.977          73.875          81.649               0               0               0               0               0               0         0.83356         0.12849          1.0431               0          1.0431         0.68063               
         A         21        ASN          16.234         0.88014          21.128          13.086           24.19         0.80983          0.8726         0.30747         0.53255          2.3944               0         0.30953        0.098223         0.29363        0.064819         0.51013         0.18408               
         A         22        PRO            11.5          0.6231          15.047               0          13.636         0.76507         0.92513               0               0          2.3779               0         0.13769         0.07015         0.17627        0.062491         0.25541        0.057855               
         A         23        TYR          4.2513               0          5.0463          7.2001          2.8325          1.8876          1.2716          1.2539          1.0529          3.7485               0          0.2821         0.13177         0.34397         0.11926         0.57877         0.12042               
         A         24        GLU          18.202          1.1138          22.702          23.445          10.727         0.91958            1.14         0.30685         0.61369           3.111               0          0.2876         0.11509         0.37538        0.077741         0.49926         0.15776               
         A         25        MET          0.3977               0         0.48638               0         0.46679          2.2901         0.97642           2.009          1.3022          3.4629               0        0.049837        0.055051       0.0066472        0.011513         0.17077               0               
         A         26        HIS          30.076          1.7902          36.822          43.312          20.777         0.55986          0.6894         0.48281         0.68484          1.5399               0         0.29362         0.11273         0.35484        0.099794         0.48855         0.12042               
         A         27        ARG          39.433          27.614          41.654          42.802          33.706         0.13233         0.41846               0               0          1.4556               0         0.52977         0.19429         0.60243         0.20427          1.0233          0.2864               
         A         28        THR          10.869          6.7006          12.258          6.8206            13.7         0.76674         0.93019         0.47958         0.67823          2.4034               0          0.1944        0.055362         0.14398        0.034568         0.27072          0.1085               
         A         29        LEU        0.081295               0        0.099594               0        0.096336          1.7608         0.80631          1.6369          1.0268          2.5204               0        0.058128        0.059712               0               0         0.13878               0               
         A         30        SER          18.951          1.5791          28.487          4.6473          35.806         0.44522         0.63317               0               0          1.4512               0         0.31422        0.052977         0.34954        0.030572         0.38012         0.23312               
         A         31        LYS          55.031          25.873          61.486          57.954          53.313         0.13656         0.38626               0               0          1.2291               0         0.66716         0.21098         0.81518         0.17048          1.0633         0.40809               
         A         32        ALA          4.5939          11.372               0          13.606         0.90126          1.2577          1.0756           2.511               0           2.511               0         0.30406        0.064364         0.20461               0         0.39864         0.20461               
         A         33        VAL          4.0138           18.77        0.096178               0          4.8564          0.9477          0.9106          1.3601           1.045          2.5409               0         0.19285         0.08327         0.10099         0.01817         0.29439        0.085404               
         A         34        SER          42.414          10.477          59.944          37.674          47.999         0.59576         0.88371               0               0          2.2491               0         0.85486         0.26839           1.128         0.16203          1.2901         0.41767               
         A         35        ARG          73.273          9.6264          85.233          81.941          58.535         0.32414         0.71452               0               0          2.2384               0          2.0652          1.0822          2.6416         0.95191          4.3435         0.76608               
         A         36        ALA          6.5886          5.9097          7.0487          8.2133          5.9236          1.3361          1.1733               0               0          2.7769               0         0.69466         0.15695           0.478               0         0.96601           0.478               
         A         37        LEU          35.781          51.044          32.345          56.107          32.024         0.37192         0.64437         0.37966         0.65758          1.5186               0         0.68984         0.32782          0.4476        0.091271          1.2652         0.37104               
         A         38        GLU          80.873          109.99          73.211          80.239          81.778          0.1474         0.41691               0               0          1.3266               0            1.88         0.31777          2.0343         0.20853          2.3613           1.217               
         A         39        GLU          55.353          92.648          45.536          47.865          66.027         0.14751         0.41722               0               0          1.3276               0           1.894         0.22633          1.8614         0.20292          2.3079          1.5728               
         A         40        GLY          82.535          82.535               0          85.007          80.316               0               0               0               0               0               0          1.6563         0.15909               0               0          1.8162          1.3954               
         A         41        ARG          56.235          44.489          58.442          43.586          77.738         0.12081         0.38204               0               0          1.3289               0           1.217         0.29747          1.3711         0.23256          1.7421         0.70818               
         A         42        GLU          13.694          65.703               0           22.25          1.4965          1.8485          1.4261          3.0356         0.41368          3.6388               0         0.34963          0.1977         0.19943         0.09786         0.70818          0.1326               
         A         43        ARG          31.399          3.1755          36.703          33.455          27.904         0.35439         0.57916         0.19023         0.46596          1.3316               0         0.40076         0.15999         0.47533         0.13525         0.79653         0.14504               
         A         44        LEU           6.194          2.9458          6.9251          3.4679          6.6986         0.83644         0.90319         0.99955          1.0576          2.4877               0        0.052701        0.049601        0.013128        0.022739         0.12647               0               
         A         45        LEU               0               0               0               0               0          3.3782         0.54045          3.6367         0.21014          3.9571          2.2538         0.03647        0.043265        0.066292        0.042807          0.1326               0               
         A         46        TRP          4.3531          0.3076          4.9866          1.3931          5.2099           1.189         0.99963          1.0299         0.92413          2.7081               0        0.010102        0.014703         0.01162        0.016677        0.041988               0               
         A         47        ARG          2.3126               0          2.7472          2.8853           1.339          1.2716         0.85379         0.94684         0.86893          2.3036               0         0.13101        0.044282         0.14879        0.034562         0.19084        0.041988               
         A         48        LEU          29.341          1.6074          35.583          1.8923          34.419         0.81919           1.107               0               0          2.7134               0         0.28774        0.088923         0.33946        0.070131         0.44721         0.11443               
         A         49        GLU          17.914          19.781          17.424          17.544          18.442         0.72044         0.87251         0.25053         0.50106          2.4683               0         0.46185        0.082541         0.42447        0.036993         0.61548         0.35323               
         A         50        PRO          29.643          60.717          19.509          61.206          23.779         0.42389         0.67033         0.50171         0.70953          1.5051               0         0.66561         0.13886         0.59296        0.097267         0.87746         0.45733               
         A         51        ALA          59.426          75.675          48.414           96.56          44.216               0               0               0               0               0               0          1.2997         0.20275          1.4517               0          1.4809         0.92961               
         A         52        ARG          87.382           111.8          82.794          84.329          92.572               0               0               0               0               0               0          2.7075         0.58805          2.5824         0.41083          3.9618          1.8548               
         A         53        GLY           58.49           58.49               0          40.209          74.737               0               0               0               0               0               0          3.0386         0.21587               0               0           3.253           2.789               
         A         54        LEU          102.12          102.48          102.04          81.162             106               0               0               0               0               0               0          4.2464           1.257          5.2341          1.0443          7.0153           2.932               
         A         55        GLU          46.159          38.896          48.075          35.679          61.097               0               0               0               0               0               0          1.9136         0.37511          1.8831         0.24458          2.6561          1.4517               
         A         56        PRO          47.157          15.378          57.522          4.1675          55.144         0.17689         0.43329               0               0          1.2382               0          1.0673         0.30442          1.2519         0.24895          1.5728         0.68063               
         A         57        PRO           20.46          16.998          21.589         0.89074          24.095          0.5141         0.85045               0               0          2.2672               0         0.45791          0.0972         0.44569        0.087743         0.59082          0.3445               
         A         58        VAL          22.324            6.21          26.602          7.5091          25.434         0.95497          1.1653               0               0          2.8239               0         0.39153        0.070482         0.45536        0.045535         0.51013         0.30248               
         A         59        VAL               0               0               0               0               0           4.085         0.50803           4.418         0.44614          4.8043          3.2952         0.11063        0.048428        0.058019        0.013157         0.17077        0.041988               
         A         60        LEU          13.679               0          16.757               0          16.209          1.3796          1.1655         0.38177         0.66124          3.0262               0         0.23653        0.054828         0.28458        0.014074         0.30248          0.1326               
         A         61        VAL         0.45902           2.188               0          2.6457               0          2.4886          1.3559          3.6581         0.52498          4.2888               0        0.032284         0.03558       0.0038795       0.0054864        0.096829               0               
         A         62        GLN          2.5662               0          3.1995          3.9405        0.044122          1.7817          1.1284         0.99679         0.87855          3.3075               0       0.0065031       0.0084754       0.0093779       0.0095071        0.026589               0               
         A         63        THR           1.067               0          1.4225          1.4256         0.81627          1.8576          1.2945         0.47831         0.67643          3.2801               0        0.032758         0.03602       0.0088629        0.012534        0.096829               0               
         A         64        LEU           16.84          50.761          9.2044          59.758          8.9033         0.84049         0.90104         0.38058         0.65919          2.4491               0         0.31046        0.087009         0.33113        0.046917         0.44721         0.14504               
         A         65        THR          16.485          10.628          18.437          2.0322          26.589         0.71877         0.87195               0               0          2.2495               0         0.33531         0.10886         0.40262         0.07376           0.478         0.14504               
         A         66        GLU          68.086          62.434           69.58          88.657          38.763         0.29718         0.55855               0               0           1.451               0         0.97939         0.56121          1.3773         0.45722          2.0647         0.42738               
         A         67        PRO          6.9009          27.714          0.1132          41.289         0.51214         0.96741         0.87227          1.0034         0.70959          2.2491               0         0.28112         0.11731         0.19503         0.07193         0.49926         0.12647               
         A         68        ASP          53.558           14.59          66.612          41.655          76.248         0.61333         0.83489               0               0           2.247               0         0.97045          0.3666          1.2969         0.20328          1.5108         0.43722               
         A         69        TRP          9.5142          44.689          4.0061          21.635           6.006          1.0336         0.98958          1.3008         0.98017          2.8407               0         0.25054         0.25901         0.10277          0.1211         0.72229               0               
         A         70        SER          82.441          97.672          74.082          62.575          105.85               0               0               0               0               0               0          1.7532         0.45165          2.3621        0.054228          2.4164          1.1937               
         A         71        VAL          31.979          61.877          24.042          39.531          30.394         0.19051         0.46665               0               0          1.3336               0         0.93263         0.15731         0.85817         0.15946          1.1708         0.65395               
         A         72        LEU          13.223          50.904          4.7416          55.102          5.4786         0.66687         0.91455          1.0023          1.0575          2.4813               0         0.49596         0.31862         0.22177          0.1053           1.084         0.13878               
         A         73        ASP          59.562          34.032          68.114          55.414          67.468          0.1549         0.40982               0               0          1.2392               0          1.1279         0.18009          1.2059         0.16847          1.4809         0.87746               
         A         74        GLU          105.14          108.91          104.16          107.93          101.17         0.13708         0.38773               0               0          1.2337               0          3.9652          2.4149          5.6893          1.9383          7.6832          1.5414               
         A         75        GLY          50.963          50.963               0           24.52          74.472               0               0               0               0               0               0         0.96333          0.1993               0               0          1.1937         0.73665               
         A         76        TYR         0.98865         0.55255          1.0702         0.24217          1.3476          1.0556         0.96129          1.1358         0.95565          2.4035               0          0.2117         0.19645         0.10755         0.10414         0.69429               0               
         A         77        ALA          19.765          48.929               0          58.602          3.8518          0.3092          0.6184           1.546               0           1.546               0         0.40685         0.18644         0.14504               0         0.65395         0.14504               
         A         78        GLN          71.791          17.484          85.191          66.394          81.696         0.39829         0.77672               0               0          2.2574               0          1.0493         0.51161          1.4308         0.35256          2.0647         0.40809               
         A         79        VAL            39.2          102.02          22.522          118.57          22.539         0.20769         0.50873               0               0          1.4538               0          0.6764         0.27351         0.43702        0.065561          1.1708          0.3445               
         A         80        PHE          50.462          3.6481          59.886               0          58.219          0.4459         0.76208               0               0          2.2439               0          1.2149         0.46861          1.4396         0.43889          2.2562         0.59082               
         A         81        PRO           79.74           37.45          93.532          33.039          88.416         0.17471         0.42795               0               0           1.223               0          1.2963         0.50157          1.8018          0.2604          2.1575         0.66718               
         A         82        PRO          25.836          34.021          23.167          53.401          20.715         0.60529         0.70384               0               0          1.5299               0         0.51416         0.16724         0.42277         0.08673         0.87746          0.3445               
         A         83        LYS          65.133         0.33193          79.478          50.025           74.01         0.55798         0.82749               0               0          2.2599               0          1.1587         0.70141          1.6551         0.56573          2.3079         0.39864               
         A         84        PRO          40.585           20.67           47.08          32.445          42.098         0.60473         0.70372               0               0          1.5364               0         0.93056         0.20218          1.0384        0.062816          1.2408         0.66718               
         A         85        PHE          29.908          6.3015           34.66               0          34.505         0.70796            0.81         0.39507         0.62466           2.247               0         0.55561         0.15691         0.48601         0.13805         0.79653         0.31897               
         A         86        HIS          61.292          62.114          61.097          59.476          62.569         0.26912         0.54054               0               0          1.4568               0          1.2201         0.24753          1.4006         0.11228          1.5728         0.79653               
         A         87        PRO          1.7261          4.7106         0.75278         0.88359          1.8826         0.93907         0.88037          1.2935         0.98764          2.3966               0         0.52958         0.12049         0.42154         0.10284         0.65395          0.3445               
         A         88        ALA          68.316           41.03          86.809          33.561          82.568         0.24677         0.49355               0               0          1.2339               0         0.68966         0.24173           1.084               0           1.084         0.41767               
         A         89        LEU          2.7054          9.5658          1.1612          11.187          1.1369         0.37212         0.64468         0.37917         0.65674          1.5167               0          0.2948         0.20193         0.11425        0.070207         0.60306        0.031671               
         A         90        LYS          66.651               0          81.406          58.393          71.504         0.91133          1.1048               0               0           2.837               0          1.5654         0.85351          2.1937         0.64347           3.253         0.62811               
         A         91        PRO           67.45          71.391          66.165          105.99           60.29         0.42819         0.67715               0               0          1.5238               0          1.2648         0.21409          1.4454        0.090743          1.5728         0.96601               
         A         92        GLY          57.239          57.239               0          41.252          71.446               0               0               0               0               0               0         0.90155         0.11729               0               0           1.084         0.76608               
         A         93        GLN          31.089           23.69          32.914           25.85          40.704         0.53443         0.80022         0.24743         0.49486          2.2451               0         0.67893         0.23283         0.77846         0.22261          1.1265         0.27851               
         A         94        ARG          63.196            57.3          64.304          67.837          55.307         0.13281         0.41997               0               0          1.4609               0         0.92013         0.40655          1.1267         0.37326          1.8548           0.478               
         A         95        LEU          3.2182        0.022338          3.9375               0          3.8136          1.0354          0.8546          0.7637          0.7637          2.3882               0         0.30413        0.093768         0.28352         0.10943         0.45733         0.15776               
         A         96        ARG          49.816          3.4482          58.529          59.343          33.618         0.35573         0.77742               0               0          2.3948               0         0.95738         0.47045          1.2498         0.33134          1.7786         0.37104               
         A         97        PHE          4.3128          25.737               0          14.146          2.8014          2.0009          1.6448          3.1443         0.80982           4.191               0        0.092341        0.091105         0.02607        0.028646         0.22587               0               
         A         98        ARG          25.858          1.2865          30.476           32.67          14.278         0.86803          1.0177         0.42684         0.67511          2.7261               0         0.31892         0.20631         0.41216         0.20259         0.79653          0.1085               
         A         99        LEU               0               0               0               0               0          2.9912         0.85088          3.6426         0.27211          4.1065          1.3273        0.026639        0.037228        0.011806        0.020448         0.10263               0               
         A        100        ARG          10.058          2.2474          11.526          6.4242          16.237          0.3835          0.6299         0.21965         0.53802          1.5375               0         0.09733         0.10849         0.15198         0.10137         0.27072               0               
         A        101        ALA               0               0               0               0               0          3.1072         0.52495          3.5989               0          3.6193          2.2561       0.0073607        0.014721        0.036804               0        0.036804               0               
         A        102        ASN          3.7311               0          4.9204          5.2076               0          1.9529          1.2876         0.89946         0.98751           3.539               0         0.11377        0.077567         0.17202        0.058846         0.26302        0.011638               
         A        103        PRO         0.16221         0.58267        0.025079          0.9146        0.022425          1.2859         0.91267          1.2932         0.98094          2.4052               0        0.040549        0.051163               0               0         0.13878               0               
         A        104        ALA          12.922          28.494          2.3676          34.952          3.8951         0.28869         0.57738               0               0          1.4435               0         0.30988        0.098046         0.31068               0         0.42738         0.17739               
         A        105        LYS          44.531          21.857          49.551          53.415          39.311         0.45385         0.64529         0.30342         0.60683          1.5171               0         0.90225          0.2857          1.0698         0.26936          1.4809         0.49926               
         A        106        ARG          60.565          74.049          58.031          57.642          65.533         0.24305         0.51809               0               0           1.456               0          1.6205         0.34586          1.8183         0.22985          2.2562         0.98474               
         A        107        LEU          30.537          9.2999          35.317          4.2738          35.396         0.37219          0.6448         0.37938         0.65711          1.5175               0          1.5708         0.24235           1.435         0.10684          1.9771          1.3155               
         A        108        ALA          106.43          105.38          107.15          106.02          106.62               0               0               0               0               0               0          2.8819         0.44371          3.3416               0           3.434          2.2562               
         A        109        ALA          89.097          99.635          81.955          101.25          84.128               0               0               0               0               0               0          3.4303         0.46617          3.8465               0          3.9618          2.6561               
         A        110        THR           58.63          83.013          50.505          31.396          77.669         0.19031         0.46615               0               0          1.3321               0          2.4309         0.21176          2.3549           0.306          2.6561          1.9352               
         A        111        GLY          50.354          50.354               0          28.485          69.795               0               0               0               0               0               0          2.0628         0.16931               0               0          2.2562          1.8944               
         A        112        LYS           70.18          3.6422          84.909           59.84          76.255         0.54391         0.80894               0               0          2.2451               0          2.2512         0.98531          2.8426         0.96318          4.3435          1.3155               
         A        113        ARG          56.892          67.638          54.873          73.711          28.302          0.2511          0.5333         0.18852         0.46178          1.4424               0          1.0167         0.33568          1.1105         0.36028          1.7065         0.66718               
         A        114        VAL          30.443          23.816          32.202               0          36.833         0.36538          0.5783               0               0          1.3276               0         0.65371         0.17407         0.84452        0.023291         0.87746         0.41767               
         A        115        ALA          13.424          16.199          11.544          22.513          9.7013          1.3364          1.1734               0               0          2.7602               0         0.47537         0.12301          0.3445               0         0.68063          0.3445               
         A        116        LEU          11.906          2.2638          14.076           2.665          13.616          1.2999          1.1101          1.0056          1.0632          2.7425               0         0.41959         0.10006         0.38278        0.084662         0.61548         0.30248               
         A        117        LYS          72.086          69.927          72.564          51.242          84.333               0               0               0               0               0               0          1.3305         0.24609          1.4617         0.22304          1.7421          0.9119               
         A        118        THR           44.65          2.1954          58.797          4.8351          72.484         0.75149         0.92025               0               0          2.4053               0          1.5674         0.54127          2.1229         0.30117          2.5322         0.86069               
         A        119        PRO          66.929         0.81611           88.49               0          79.363          0.6035         0.70167               0               0          1.5182               0          1.2219         0.37937           1.593         0.15669          1.7786         0.62811               
         A        120        ALA           71.22          36.889          94.487          20.707           91.93               0               0               0               0               0               0          1.3503         0.35769          1.9771               0          1.9771         0.94764               
         A        121        GLU          37.771          9.0691          45.331          27.023          53.092         0.28497         0.53355               0               0          1.3273               0         0.95883         0.35078          1.2106         0.18729          1.4517         0.41767               
         A        122        LYS          2.7467               0          3.3547          4.2412          1.8686          1.7078          1.2965         0.80888          1.0386          3.3602               0         0.24213        0.098008         0.25203        0.073566         0.42738         0.10263               
         A        123        VAL          17.351               0          21.958               0          20.994          1.0859           1.007               0               0          2.4811               0          0.3771         0.08173         0.46493        0.033415         0.48855         0.27851               
         A        124        ALA          52.037          17.554          75.407            12.5          68.247               0               0               0               0               0               0         0.63568         0.15193         0.92961               0         0.92961         0.51013               
         A        125        TRP          3.5627          12.452          2.1707          8.5278          2.1256          1.6105          1.4242          1.8598           1.481          4.1039               0         0.20863         0.11174         0.15386        0.080206         0.38932        0.011638               
         A        126        LEU               0               0               0               0               0          3.7796          1.0803          4.7082         0.53932          5.5895          2.4239        0.078861        0.084435               0               0          0.2187               0               
         A        127        GLU          39.902          11.798          47.304          44.291          33.645         0.16177         0.45756               0               0          1.4559               0         0.45874         0.15677         0.54836          0.1465         0.76608         0.25541               
         A        128        ARG          51.389          23.508          56.628          40.308          70.226         0.11209         0.35447               0               0           1.233               0         0.90201         0.23713          1.0541         0.15321          1.3155         0.57877               
         A        129        ARG          29.984          8.4938          34.022          43.967          6.2122         0.90553          1.0516          0.5844          0.9631          2.5535               0         0.39995        0.093674         0.43306        0.096693         0.53233         0.23312               
         A        130        LEU               0               0               0               0               0          3.6164         0.95532          4.4723         0.49289          5.0074           2.236        0.077662        0.078994       0.0053891       0.0093342         0.19084               0               
         A        131        GLU          55.744          25.192          63.792          63.091           45.27         0.58282          0.8798               0               0           2.481               0         0.78704         0.38678          1.0619         0.29375          1.5108          0.2864               
         A        132        GLU          50.216          34.026          54.483          48.337          52.895         0.16131         0.45624               0               0          1.4518               0          1.1114         0.41173          1.4292         0.26421          1.8548         0.59082               
         A        133        GLY          4.9842          4.9842               0               0          9.4166          1.2295         0.80389               0               0          2.2554               0         0.29709         0.07992               0               0         0.42738          0.2187               
         A        134        GLY          6.7221          6.7221               0         0.50237          12.253         0.97659          1.0243               0               0          2.3903               0         0.23791        0.060594               0               0         0.30248         0.17739               
         A        135        PHE        0.097546         0.58212               0         0.73216               0          3.2924          1.5477           4.311         0.58604          5.2902               0        0.059647         0.10442               0               0         0.32737               0               
         A        136        ARG          44.424         0.33939          52.708          42.591          47.539         0.59159         0.81186         0.21357         0.52315          2.2376               0          0.6594         0.49138         0.95219         0.37583          1.5414        0.085404               
         A        137        LEU          7.4234          37.308         0.69688           43.92         0.67408         0.52739         0.68516         0.38294         0.66326          1.5317               0         0.16329         0.08875         0.11595         0.04041         0.35323        0.047224               
         A        138        LEU          11.583          3.6943          13.358         0.60987          13.613         0.52595          0.6832         0.37904         0.65651          1.5161               0         0.40365        0.097749         0.43123         0.07416         0.51013         0.19084               
         A        139        GLU          82.651          98.106          78.588          105.57           49.98         0.16033         0.45347               0               0          1.4429               0          1.4752         0.59068          1.8839          0.4754          2.5322         0.72229               
         A        140        GLY          27.321          27.321               0           5.414          46.801         0.33138         0.57396               0               0          1.3255               0          1.6261         0.33797               0               0          2.0203          1.1484               
         A        141        GLU          99.493          83.309          103.76          92.339          109.69               0               0               0               0               0               0          4.0186          1.8629          5.2509          1.6782          8.0608          2.3079               
         A        142        ARG             107           143.9          100.07          108.25          104.87               0               0               0               0               0               0          3.6258           2.232          4.4282          2.4512          9.9683          1.8162               
         A        143        GLY          28.784          28.784               0          21.018          35.685               0               0               0               0               0               0          1.4647         0.29602               0               0          1.8944          1.1265               
         A        144        PRO            37.6          32.484          39.268          50.989          35.112         0.58588         0.68119               0               0            1.53               0         0.75101          0.2131         0.74766         0.26864           1.105         0.45733               
         A        145        TRP          53.615          18.688          59.084          16.881          64.247         0.29623         0.56952         0.14704         0.44111          1.4704               0          0.7471         0.34506         0.88711         0.30617          1.3954         0.27851               
         A        146        VAL          15.075          60.752          2.9487          70.936           3.349          0.5742         0.94519          1.3398           1.029          2.5016               0         0.29599         0.12598         0.18392        0.049783         0.51013         0.12647               
         A        147        GLN          68.321          15.131          81.446            76.4          53.495         0.54429         0.80929               0               0           2.245               0          1.0335         0.55351          1.4478         0.39804          2.0647         0.41767               
         A        148        ILE          29.886          93.842          15.918             112          15.375         0.33628         0.58501               0               0          1.4545               0         0.58199         0.21495         0.42008          0.0844          1.0233          0.3445               
         A        149        LEU          50.661          99.946          39.568          103.49          40.893         0.18251         0.48287               0               0            1.46               0         0.89291         0.24435         0.91212          0.3066          1.4232         0.66718               
         A        150        GLN          37.184          19.488          41.549          31.419          47.762         0.28426         0.53238               0               0           1.332               0         0.80677         0.12307         0.83438         0.10854          1.0038         0.57877               
         A        151        ASP          43.733          75.007          33.257          47.337          36.865         0.49197         0.63818         0.31122         0.53904          1.4558               0          0.6807         0.27234         0.48198         0.10057          1.2408         0.36208               
         A        152        THR          34.375            12.7          41.598           3.439          56.002         0.72231          0.8762               0               0          2.2601               0         0.93762         0.25562          1.1106         0.23013          1.3415         0.57877               
         A        153        PHE          52.875          76.654          48.088          96.411          46.183         0.24504          0.5221               0               0          1.4624               0          1.1169         0.15742          1.1323         0.17483          1.3155         0.86069               
         A        154        LEU          26.752          3.9663           31.88               0          31.701         0.81914         0.85723         0.37964         0.65755           2.245               0         0.53495         0.22074         0.32794        0.094381         0.79653         0.19084               
         A        155        GLU          64.216          86.297          58.406          89.649          27.961         0.29843         0.56079               0               0          1.4548               0          1.4149         0.57724          1.8534         0.40541          2.3613         0.78118               
         A        156        VAL          6.8538          9.7673          6.0803               0          8.2926         0.71819         0.87079               0               0           2.245               0         0.44669         0.13232         0.30377        0.041352         0.64093         0.27072               
         A        157        ARG          55.848          13.994          63.713          45.953          72.669         0.24342         0.51839               0               0          1.4458               0           1.035         0.41749          1.3091         0.24936          1.5414         0.40809               
         A        158        ARG          29.576               0          35.133          42.732          7.2094         0.88161          1.0115          0.2113         0.51758          2.4013               0         0.65264         0.23051         0.72878         0.25819           1.105         0.44721               
         A        159        LYS          30.891         0.98987           37.51          23.379          35.304          0.4663          0.6632         0.30327         0.60654          1.5163               0         0.89923          0.3457          1.1469         0.26677          1.5414         0.44721               
         A        160        LYS          46.835          1.3466          56.905          63.767          36.887         0.29885         0.56159               0               0          1.4569               0          1.3939         0.51529          1.6105         0.57727          2.5931         0.82805               
         A        161        ASP          85.411          63.045          92.904          84.346          87.442               0               0               0               0               0               0          2.6773         0.61289          3.1695         0.43245          3.8465          1.7065               
         A        162        GLY          110.24          110.24               0          111.53          109.07               0               0               0               0               0               0          2.8104         0.12381               0               0           2.932          2.6561               
         A        163        GLU          35.064          26.396          37.349          28.845          43.929         0.14769         0.41774               0               0          1.3292               0          1.5407         0.33058          1.2698         0.14185          2.0647          1.0038               
         A        164        GLU          101.45          109.28          99.396          101.83           100.9               0               0               0               0               0               0          3.6883          1.5697          4.8114          1.2609          6.7184          2.1575               
         A        165        ALA          64.534          27.648          89.532          17.506          83.815         0.24653         0.49305               0               0          1.2326               0          1.8387         0.37753          2.3079               0          2.3079          1.2901               
         A        166        GLY          33.844          33.844               0          71.397         0.43162         0.36236         0.62763               0               0          1.4494               0          1.1909         0.17744               0               0          1.3682          1.0038               
         A        167        LYS          73.042          18.151          85.193          66.636          76.805          0.1477         0.41775               0               0          1.3293               0          1.3513         0.59055          1.6864         0.60907          2.6561         0.81215               
         A        168        LEU           51.76          55.022          51.026          64.774          49.357         0.52399         0.68077         0.37912         0.65666          1.5165               0          1.2217         0.22439          1.4094         0.13488          1.6379         0.89452               
         A        169        LEU           20.58          11.202          22.691          1.2709          24.152         0.18151         0.48022               0               0          1.4521               0         0.60594           0.107         0.52047        0.085663         0.72229         0.39864               
         A        170        GLN          51.322          74.652           45.56          69.873          17.278         0.46636         0.66326         0.30237         0.60475          1.5119               0            1.12          0.4598          1.4744         0.29877          1.8548         0.54369               
         A        171        VAL          18.063          13.713          19.218         0.65264          21.718         0.51066         0.84432               0               0          2.2492               0         0.29561        0.087268         0.22576        0.052774         0.45733         0.15776               
         A        172        GLN          15.775          6.1569          18.148          22.303          3.7963         0.91248          1.0922         0.30387         0.60775          2.8285               0         0.33648         0.16467          0.4543         0.11334         0.57877        0.074214               
         A        173        ALA          1.7576               0          2.9488               0          2.4782          1.9158          1.0699               0               0          3.0239               0         0.25577        0.079959         0.25541               0         0.39864         0.15776               
         A        174        VAL               0               0               0               0               0          3.9463         0.42024          3.6562         0.15555          4.6565          3.4493        0.084358        0.057584        0.040399        0.012344         0.17077        0.031671               
         A        175        LEU          1.4741               0          1.8058               0          1.7468           2.829           1.395          1.6501          1.0359          4.3468               0         0.20188        0.063535         0.22836        0.071213         0.31068         0.11443               
         A        176        PHE               0               0               0               0               0          4.4329         0.68067          4.6642         0.59428          5.5331          3.3915        0.044088        0.057529       0.0026406       0.0057261         0.15137               0               
         A        177        GLU          18.865          4.6257          22.616          21.609          14.953         0.43551         0.84152               0               0          2.4064               0         0.35281         0.12865         0.43328         0.12097         0.64093         0.21161               
         A        178        GLY          19.743          19.743               0           11.29          27.257               0               0               0               0               0               0         0.22627        0.021932               0               0         0.24789         0.19084               
         A        179        ARG          36.975               0          43.923          45.613          22.289          1.1122          1.3682         0.21712         0.53183          3.5229               0         0.64467         0.47472         0.91033         0.39946          1.5414         0.14504               
         A        180        LEU               0               0               0               0               0          4.4595         0.50968           4.769          0.4485          5.2481          3.5788        0.068828        0.068756       0.0041433       0.0071764         0.17077               0               
         A        181        GLU          15.663               0          19.789          25.225          2.0338          2.1769           1.718         0.81346           1.047          4.0928               0         0.45343         0.29512         0.68272         0.18611         0.92961        0.063253               
         A        182        VAL         0.85489           4.075               0          4.9274               0          2.4025          1.2571          3.4754         0.33164          3.8489               0         0.24536        0.079787         0.22115         0.05391         0.40809         0.14504               
         A        183        VAL          36.609          40.955          35.455          38.086          36.299         0.38415         0.61054               0               0          1.4605               0          0.5504         0.19162         0.62408         0.19202         0.89452         0.26302               
         A        184        ASP          45.441           4.847           59.04          50.489           35.82         0.67208         0.90542               0               0           2.389               0         0.75654          0.3637          1.0327         0.32922          1.5728         0.41767               
         A        185        PRO          25.702          8.0909          31.446          5.5697          29.442         0.42812         0.67702               0               0          1.5212               0         0.52883         0.12972         0.64987        0.086198         0.73665         0.33588               
         A        186        GLU          83.306          21.658          99.545          79.653          88.513         0.13705         0.38765               0               0          1.2335               0          1.6524           1.041          2.4345         0.75412          3.3416         0.55521               
         A        187        ARG          55.165          11.263          63.415          57.436          51.304         0.35821         0.78246               0               0          2.4079               0         0.78169         0.22306         0.91922         0.11665           1.084         0.37104               
         A        188        ALA               0               0               0               0               0          3.2843         0.48708          3.6911               0          3.8191          2.4332         0.16004        0.096292         0.07978               0         0.33588         0.07978               
         A        189        LEU           19.34               0          23.693               0          22.918          1.1373         0.94969         0.38177         0.66124          2.4709               0          0.3065         0.10792         0.38105         0.10661         0.55521         0.20461               
         A        190        ALA          31.198          7.8548          47.017          1.0051          43.575         0.24822         0.49645               0               0          1.2411               0          0.5413         0.16527         0.86069               0         0.86069         0.38932               
         A        191        THR          8.5319          12.106          7.3409          6.0689          10.254         0.76732         0.93078         0.47809         0.67612          2.4037               0         0.19463        0.076669         0.15576        0.051723         0.33588         0.10263               
         A        192        LEU          1.2695               0          1.5552               0          1.5043          1.4132          1.2192         0.38045         0.65896          3.3263               0         0.07956        0.035552        0.053063        0.024081          0.1326        0.026589               
         A        193        ARG          22.593               0          26.838          29.771          10.389          1.6675          1.6391         0.57902         0.95409          3.9062               0         0.40846         0.19291         0.51354         0.16286         0.78118         0.15137               
         A        194        ARG          50.025          3.7938          58.712          44.131          60.044         0.47602         0.82368               0               0          2.4635               0         0.73676         0.36153         0.95574         0.27068          1.4517         0.33588               
         A        195        GLY          10.027          10.027               0          21.297               0          1.4743         0.96408               0               0          2.3968               0         0.22913        0.041872               0               0         0.27851         0.16423               
         A        196        VAL          1.0562               0          1.3366               0          1.2779           1.641          1.0981         0.50545         0.71481          2.7717               0         0.11595        0.067078        0.042212        0.015237         0.20461        0.021556               
         A        197        GLY          4.0238          4.0238               0               0          7.6022         0.67154          0.6761               0               0           1.454               0         0.42506        0.098614               0               0         0.49926         0.25541               
         A        198        PRO          22.535          31.116          19.737          0.8979          26.555         0.51148         0.84633               0               0          2.2569               0         0.43874        0.076872          0.4478        0.029322         0.53233         0.27851               
         A        199        GLY           22.21           22.21               0          25.288          19.466         0.89174         0.94864               0               0          2.2411               0          0.3746         0.13507               0               0         0.59082         0.22587               
         A        200        LYS          24.188          10.468          27.226           41.38          14.088         0.29957         0.56326               0               0          1.4674               0         0.42531         0.13639         0.50318         0.13059         0.75124         0.23312               
         A        201        ALA          33.627          8.0337          50.972          7.4126          44.374         0.78646          1.0021               0               0           2.403               0         0.33299        0.072922         0.43722               0         0.43722         0.25541               
         A        202        LEU          8.7273          8.6245          8.7505          10.153          8.4642         0.64871         0.89329               0               0          2.4282               0         0.16701        0.077761         0.21437        0.057138         0.27851        0.047224               
         A        203        GLY          3.7352          3.7352               0          6.4185          1.3474         0.36334         0.62933               0               0          1.4534               0        0.054206        0.019363               0               0        0.068705        0.021556               
         A        204        LEU         0.67814         0.34486         0.75315               0          0.8036          1.0364          0.8564         0.76441         0.76442          2.3963               0        0.078275        0.036696        0.071801         0.04224         0.12647       0.0019112               
         A        205        GLY               0               0               0               0               0           2.111         0.45638               0               0           2.449          1.3322         0.02295        0.011948               0               0        0.036804       0.0067513               
         A        206        LEU          1.5177          3.2237          1.1338           3.795          1.0967         0.52647         0.68411         0.38047           0.659          1.5219               0       0.0083411        0.011177       0.0046211       0.0069446        0.031671               0               
         A        207        LEU          1.3698          7.4556               0           8.777               0          2.5836          1.3583          3.7005         0.52976          4.3872               0        0.060738        0.043408        0.027369        0.037019          0.1085               0               
         A        208        SER          23.313          17.791          26.344          3.6123          46.527         0.24413         0.54589               0               0          1.4648               0         0.19722        0.045517         0.22975        0.018138         0.24789         0.10263               
         A        209        VAL           13.72          51.953          3.5695          55.827          4.8811         0.57781         0.95145          1.3482          1.0361          2.5194               0         0.26169         0.15582         0.12413        0.043125         0.54369        0.063253               
         A        210        ALA          38.043           4.397          60.846         0.81424          53.305         0.77961         0.99331               0               0           2.382               0         0.89257         0.28066          1.3415               0          1.3415           0.478               
         A        211        PRO          96.417          93.265          97.444          68.029          101.69         0.20934         0.51277               0               0          1.4654               0           1.638         0.25198          1.6976         0.26994          2.0647          1.2652               
         B          5          U          100.75               0          117.22           142.1           70.09               0               0               0               0               0               0          3.4149          1.0388          3.3011          1.0647          5.7225          1.7786               
         B          6          C          76.288          2.2509          88.197          135.75          38.324         0.14142         0.42427         0.16638         0.45565          1.4161               0           1.965         0.59943          1.7799          0.4132          3.5304           1.217               
         B          7          C          57.806          1.2579          66.901          116.01          20.642         0.45236         0.71697         0.53219         0.74985          2.2765               0          1.2076         0.46058          1.0881         0.37147          2.3079         0.57877               
         B          8          C          60.954          2.3394          70.382          123.68          20.906         0.52333         0.73847         0.61569         0.76466           2.275               0          1.0434         0.56993          0.8962         0.43564          2.5931         0.37104               
         B          9          C          62.599          4.6147          71.925          128.76          20.354         0.27008          0.5412         0.31774         0.57397          1.4193               0         0.95312         0.53353         0.80317         0.37126          2.5322         0.35323               
         B         10          A          58.957          2.4026          67.237          119.12          20.648         0.43567         0.63847         0.50446          0.6613          1.4754               0           1.035         0.56372          0.9122         0.48573          2.3079         0.38932               
         B         11          C          66.976          5.3225          76.893          120.43          32.849         0.21047          0.5011         0.24762         0.53499          1.4197               0          1.3435         0.65387          1.1397         0.42896           3.168         0.62811               
         B         12          G          113.87          6.2308          129.28          220.41          37.868        0.059781          0.2804        0.068749         0.29967           1.375               0          3.0539          1.4746          3.1735          1.5319          7.6832          1.2408               
         B         13          C          99.688          2.8212          115.27          177.23          50.182          0.1567         0.47027         0.18436         0.50506          1.6058               0          2.1198          1.0819          2.3393          1.0251          4.3435         0.66718               
         B         14          G          84.729          4.0728          96.276           162.5          29.256         0.12092         0.39189         0.13906         0.41724          1.4128               0          1.3204          0.3886          1.3247         0.39704          2.5931         0.82805               
         B         15          U          111.06          1.9227           128.9          180.94          59.248         0.14212         0.42637          0.1672         0.45791          1.4255               0          2.9586         0.95077          3.1047         0.95836          5.1293          1.8162               
         B         16          G          72.062          6.2535          81.484          126.33          33.355         0.12292         0.39831         0.14135         0.42407          1.4223               0           1.181          0.6973          0.9404         0.32376          3.0076         0.51013               
         B         17          U          45.338        0.006462           52.75          88.198          13.567         0.48535         0.66303           0.571         0.68431          1.4763               0         0.71073         0.20478         0.65599         0.16684          1.1708         0.41767               
         B         18          G           58.52          4.0143          66.323          118.91          15.447         0.51408          0.7279         0.59119         0.75082          2.2965               0         0.81977         0.46756          0.7267         0.40396          1.9771          0.2864               
         B         19          G          59.853          3.2248           67.96          127.27          11.769         0.41345         0.62596         0.47546         0.64893          1.4209               0         0.89554         0.55877         0.75288         0.42127          2.4164         0.29439               
         B         20          G          58.339          2.6147          66.317          121.69          13.154         0.51283          0.7252         0.58976         0.74795          2.2723               0         0.97564         0.49074         0.84821         0.36178          2.3613         0.44721               
         B         21         DG              -1              -1              -1              -1              -1        0.067244         0.30815               0               0          1.4794               0          1.2193         0.34305           1.104         0.24823          2.0647         0.79653               
         B         22          A          90.167         0.38569          103.31          163.08          43.736         0.12893          0.4077         0.14928         0.43524          1.4214               0           2.212         0.58633          2.3018         0.58033          3.7363          1.4809               
         B         23          U          90.323          6.6403             104          167.55          33.075        0.068554         0.29882        0.080651         0.32261          1.3711               0          2.6888         0.43511          2.7645         0.42717          3.5304          2.1104               
         B         24          G          136.18          3.2757          155.21          249.15          55.599        0.062586          0.2868        0.072468         0.30745          1.3769               0          3.5807         0.67669          3.6609         0.68914          5.5124          2.6561               
