pdb_id: 2ZI0
analysis type: unbound
radii_file: E:\PBR\111aPRBind-master\aPRBind program\Source code\Feature extraction\CX&DPX\amac_data\chothia.radii
ASA_zSice: 0.25
ASA_rSolvent: 1.4
rasa_file: E:\PBR\111aPRBind-master\aPRBind program\Source code\Feature extraction\CX&DPX\amac_data\natural_asa.asa
CX_sRadius: 10
CX_vAtom: 20.1

  chain id|    res id|  res name|     total RASA|    b-bone RASA|   s-chain RASA|     polar RASA|   n-polar RASA|    average DPX|      s_avg DPX|   s-ch avg DPX| s-ch s_avg DPX|        max DPX|        min DPX|     average CX|       s_avg CX|    s-ch avg CX|  s-ch s_avg CX|         max CX|         min CX|               
         A          5        GLU          116.13          219.81          88.841          116.81          115.16               0               0               0               0               0               0          6.5608            1.85          7.5603          1.2535          9.9683          3.5304               
         A          6        ILE          75.624          56.175          79.866          56.538          78.997               0               0               0               0               0               0          2.7588         0.56439           2.849         0.71087          3.8465          2.0203               
         A          7        PRO          46.292          34.671          50.083               0          54.893         0.70291         0.85912               0               0          2.2484               0           1.985         0.27219          2.1018         0.14683          2.3079          1.5108               
         A          8        LEU          69.088          26.782           78.61          30.848          76.164         0.44469          0.8023               0               0           2.228               0          2.0852         0.56232          2.5661         0.36266           3.168          1.2901               
         A          9        HIS          49.746          10.884          59.014          48.163          50.858         0.25869         0.51804         0.22532         0.50384          1.3519               0          1.7861         0.34676           2.032         0.11813          2.2562          1.1484               
         A         10        GLU          35.768          9.5969          42.661          27.114          48.103         0.42007          0.8044               0               0          2.2544               0          1.3199         0.25224          1.5135         0.15054          1.7786          1.0038               
         A         11        ILE          48.442           16.81          55.346          1.9159          56.664         0.34676         0.60504         0.38332         0.66393          1.5333               0          1.2791         0.23135          1.4994        0.094909           1.605          1.0233               
         A         12        ILE          53.223          6.6673          63.386          3.0211          62.094         0.33563         0.58409               0               0          1.4559               0          1.3101         0.25453          1.5301           0.176          1.8162          1.0233               
         A         13        ARG          51.806          3.7016          60.845          58.697           40.09         0.24435         0.52076               0               0          1.4612               0          1.6129         0.55423          1.9061         0.49613          2.5931           1.084               
         A         14        LYS          77.155          19.656          89.884          72.627          79.815          0.1622         0.45876               0               0          1.4598               0          1.7345         0.67666           2.194         0.58996           2.932           1.105               
         A         15        LEU          73.185          25.359          83.949          14.295          84.081          0.1657         0.43839               0               0          1.3256               0          1.4729         0.35003          1.7748         0.24991          2.0203          1.1484               
         A         16        GLU          58.928          6.7508          72.672          57.224          61.357          0.1373         0.38833               0               0          1.2357               0          1.3752         0.21345          1.5476         0.12125          1.6379          1.1265               
         A         17        ARG           65.29          25.253          72.813          50.041          91.212               0               0               0               0               0               0          1.5671         0.39405          1.7835         0.33839          2.5322          1.1265               
         A         19        ASN           64.86          43.593          71.639          72.425          45.745         0.45127         0.81501               0               0          2.2669               0          1.4538         0.26483          1.6842         0.18148          1.9352          1.1708               
         A         20        GLN          60.997          16.146          72.065          61.099          60.812               0               0               0               0               0               0          1.5592         0.32186          1.7918         0.24304          2.2061          1.1265               
         A         21        LYS          71.378               0          87.178          64.286          75.544         0.89619           1.078               0               0          2.7584               0          1.6211         0.47059          1.9239         0.43501          2.5931          1.1708               
         A         22        LYS          63.158          7.3131           75.52          50.988          70.308         0.29786         0.56029               0               0           1.464               0          1.7432         0.77448          2.1681         0.81964          3.7363          1.1484               
         A         23        GLN          57.668          12.587          68.792           64.99           44.23         0.16055         0.45409               0               0          1.4449               0          1.4177         0.39492          1.6945         0.32103          2.2562         0.96601               
         A         24        ALA          35.985          16.491          49.197          4.1059          49.054         0.24695          0.4939               0               0          1.2347               0          1.1103          0.1069          1.2901               0          1.2901         0.98474               
         A         25        GLN          58.275          9.4467          70.325          66.285          43.577         0.16183         0.45772               0               0          1.4564               0          1.3749         0.41303          1.6551         0.35815          2.3079         0.96601               
         A         26        ARG          70.137          19.488          79.654          66.661          76.046         0.11253         0.35586               0               0          1.2379               0          1.3835         0.48993          1.6529         0.42131          2.4164         0.89452               
         A         27        LYS          56.761          4.8909          68.243           54.98          57.807         0.43524          0.8395               0               0           2.392               0          1.5356         0.69821          1.9567         0.69105          3.0862         0.96601               
         A         28        ARG           59.46          8.0109          69.128          44.252          85.312         0.24294         0.51732               0               0          1.4416               0          1.4422         0.36919          1.6829         0.22758          1.9352         0.94764               
         A         29        HIS           56.46          2.1441          69.414          54.659          57.726         0.50105         0.79583               0               0          2.2276               0          1.0222         0.21203          1.1651         0.13992          1.3682         0.72229               
         A         30        LYS          60.486          15.282          70.493          52.483          65.188         0.13607         0.38485               0               0          1.2246               0          1.0312         0.36809          1.2716         0.33488          1.8548         0.66718               
         A         31        LEU           49.95          13.691          58.111          12.765           56.83         0.37448         0.64883         0.38287         0.66315          1.5315               0          1.1743         0.27471          1.4133         0.16024          1.5728         0.79653               
         A         32        ASN          51.334          4.3974          66.295          61.195          26.416         0.15572           0.412               0               0          1.2458               0          1.1127         0.14807          1.2174         0.11527          1.3155         0.89452               
         A         33        ARG          18.923               0           22.48           22.58          12.708         0.67216          0.9254               0               0          2.2715               0         0.85644         0.12464         0.84074         0.14596          1.1708         0.72229               
         A         34        LYS          78.673          58.216          83.202          75.325           80.64         0.13631         0.38554               0               0          1.2268               0          1.6579         0.77059          2.0653         0.80388           3.168         0.87746               
         A         35        GLU          84.266          101.38          79.766          91.881           73.41         0.29792         0.55983               0               0          1.4521               0          2.1492         0.48372          2.3596         0.42836          3.0862          1.3155               
         A         36        ARG          65.482          100.67          58.869          51.978           88.44         0.13226         0.41823               0               0          1.4548               0          1.7006         0.22931          1.6162          0.2047          2.1104          1.3415               
         A         37        GLY          77.451          77.451               0          78.589          76.421               0               0               0               0               0               0          1.5616         0.10724               0               0          1.6718          1.3954               
         A         38        HIS          48.208          24.482          53.866          52.671          45.073         0.25595         0.51238               0               0          1.3288               0          1.2383         0.28602          1.3963         0.24112          1.7065         0.81215               
         A         39        LYS          57.822          45.236          60.608          77.384          46.328         0.29895         0.56217               0               0          1.4658               0         0.96596         0.20496         0.84017         0.13052          1.3954         0.68063               
         A         40        SER          24.555          2.5903          36.612          7.7072          44.408         0.45029         0.64016               0               0          1.4643               0          1.2934         0.13219          1.4395         0.07133          1.5108          1.1265               
         A         41        PRO          68.554          22.205           83.67          20.616           77.46         0.17721         0.43406               0               0          1.2404               0          1.7797          0.3707          2.1929        0.099736          2.3079          1.3682               
         A         42        SER          44.726          3.8938          67.138          38.837          51.665         0.44943         0.63988               0               0          1.4764               0          1.5392         0.27515          1.9148        0.020383          1.9352          1.2652               
         A         43        GLU          30.397          8.3309           36.21          29.069          32.291         0.43978         0.62446         0.25343         0.50686          1.4554               0         0.95506          0.1529         0.85374        0.073485          1.2652         0.73665               
         A         44        GLN          52.995               0          66.072          61.896          36.659         0.81661         0.95522               0               0          2.2593               0          1.2185         0.32703          1.4306         0.29908          1.9352         0.89452               
         A         45        ARG          60.527          22.689          67.637          53.042           73.25         0.11136         0.35214               0               0          1.2249               0          1.6343         0.51289          1.9558         0.35407          2.4164         0.96601               
         A         46        ARG          68.242          15.947          78.069          58.874          84.167         0.11212         0.35456               0               0          1.2334               0          1.3451         0.40801          1.5956         0.29184          1.8548         0.79653               
         A         47        SER          25.049          12.019            32.2          6.1635          47.302          0.6533         0.95743               0               0          2.3948               0          0.8897        0.040948         0.89452               0         0.94764         0.81215               
         A         48        GLU           58.64          17.955          69.358          52.756          67.028         0.16087           0.455               0               0          1.4478               0          1.2676         0.26225          1.4692         0.17052          1.7421          0.9119               
         A         49        LEU          68.849          12.855          81.452          7.0047          80.291               0               0               0               0               0               0          1.2776         0.33896          1.5498         0.28026          1.9352         0.92961               
         A         50        TRP          58.396          12.404          65.598          42.769          62.919         0.28156         0.70909               0               0          2.4068               0          1.4609         0.38712          1.6358         0.32019          2.1104          1.0038               
         A         51        HIS            60.2          6.4377          73.021          57.745          61.925         0.14594         0.43783               0               0          1.4594               0          1.3607          0.2743          1.5342         0.22141          1.8944          1.0633               
         A         52        ALA          59.146          36.621          74.412           20.44          75.017               0               0               0               0               0               0          1.1019        0.048423          1.1937               0          1.1937          1.0633               
         A         53        ARG          65.951          5.5486          77.301          74.294          51.767         0.35592         0.77696               0               0          2.3875               0          1.6256         0.70895          1.9612          0.6927          3.3416          1.0038               
         A         54        GLN            35.1          10.551          41.158          32.584          39.718         0.30014         0.56424         0.24662         0.49323          1.4682               0          1.2201         0.15936          1.3415         0.11197          1.5414          1.0633               
         A         55        VAL           74.03          21.944          87.858          9.9398          87.483          0.1764         0.43209               0               0          1.2348               0          1.4804         0.27465          1.7332         0.20676          2.0203          1.1265               
         A         56        GLU          65.183          9.3004          79.902          70.562          57.514         0.13649         0.38606               0               0          1.2285               0          1.7016         0.40807          1.9462         0.40523          2.6561          1.3682               
         A         57        LEU          46.281          2.4091          56.156          2.3671          54.406         0.66293         0.88123         0.38077         0.65951          2.2528               0          1.3418         0.13229          1.3549         0.18482          1.6718           1.217               
         A         58        SER          58.385          23.086          77.761          53.111            64.6         0.22231          0.4971               0               0          1.3339               0          1.5567         0.11218          1.6384        0.033397          1.7065          1.3954               
         A         59        ALA           57.87          43.785          67.416          44.259          63.456               0               0               0               0               0               0          1.6536         0.15172          1.7065               0          1.8548          1.3954               
         A         60        ILE          59.143          17.943          68.136          15.012          66.942         0.16685         0.44145               0               0          1.3348               0          1.8357         0.20653          1.7536         0.18014          2.2061          1.5728               
         A         61        ASN          66.829          33.491          77.455          78.969          36.151         0.16692         0.44162               0               0          1.3353               0          2.1258         0.27114          1.9672        0.045578          2.7214          1.8944               
         A         62        SER           80.45          87.492          76.585          65.892          97.605               0               0               0               0               0               0          2.6629         0.32755          2.4505         0.14258           3.253          2.3079               
         A         63        ASP          83.481          80.316          84.541          99.463          53.014               0               0               0               0               0               0          3.3374         0.35427           3.485         0.33905          3.8465           2.789               
         A         64        ASN          106.44          196.27          77.808          89.798           148.5         0.16721          0.4424               0               0          1.3377               0          3.8231         0.75411          3.3777         0.23756          5.5124          3.0076               
         B          4        ILE          117.19          233.02          91.892           234.5          96.463               0               0               0               0               0               0          6.5473          1.5391          7.8465         0.79143          8.9237          4.0829               
         B          5        GLU          92.409          100.38          90.317          94.105           89.99               0               0               0               0               0               0          5.5839          1.4862          6.6665         0.98767          8.4726          3.5304               
         B          6        ILE          72.023          55.359          75.657          57.856          74.527               0               0               0               0               0               0          2.3797         0.43913          2.5193         0.56184           3.253          1.8548               
         B          7        PRO           49.12          37.498           52.91          2.4728          57.786         0.50956         0.84215               0               0           2.242               0          1.8971          0.2331          2.0703         0.13037          2.2061          1.4517               
         B          8        LEU          71.104          26.862          81.062           30.89          78.546          0.4466         0.80658               0               0          2.2434               0          2.1242         0.58893          2.6314         0.38527           3.253          1.3682               
         B          9        HIS          51.539          9.5319          61.557          51.525          51.549         0.12283         0.36848               0               0          1.2283               0           1.835         0.39662          2.1189         0.16293          2.3079          1.1484               
         B         10        GLU          42.846           5.835          52.594          47.337          36.444         0.41867         0.80225               0               0          2.2521               0          1.3559          0.2933          1.5665         0.22143          1.9352          1.0233               
         B         11        ILE          47.417          9.6445          55.662               0          55.796          0.8491         0.89796         0.38318         0.66369          2.3989               0            1.23         0.19284          1.4017         0.12377          1.5728          1.0431               
         B         12        ILE          54.107          7.4659          64.288          3.9612          62.968         0.33584          0.5846               0               0          1.4599               0           1.344         0.24828          1.5721         0.13677          1.7786           1.084               
         B         13        ARG          44.059          1.6815          52.022          39.333          52.092         0.24567         0.52359               0               0          1.4697               0          1.4908         0.43426           1.711         0.40319          2.3079          1.0633               
         B         14        LYS          60.132          17.205          69.634          50.042          66.059         0.55779         0.82597               0               0          2.2472               0          1.8072         0.82166          2.2922         0.82668          3.7363          1.1265               
         B         15        LEU          69.331          25.805          79.128          15.873          79.222         0.18209         0.48178               0               0          1.4568               0          1.4019         0.29381          1.6542         0.20706          1.8944           1.084               
         B         16        GLU          56.546          8.0976          69.307          47.369          69.628               0               0               0               0               0               0          1.3345         0.22103           1.483         0.19373          1.8548           1.105               
         B         17        ARG          62.176          21.956          69.734          46.827          88.271               0               0               0               0               0               0          1.4911          0.3012          1.6898         0.18274          1.8944           1.105               
         B         19        ASN          61.065          39.673          67.884          69.451          39.875         0.48459         0.86507               0               0          2.3572               0          1.4749         0.26217          1.7073          0.1606          1.9352          1.1484               
         B         20        GLN          54.811          12.606          65.226          53.535          57.153         0.16411         0.46418               0               0           1.477               0          1.5734         0.29094          1.7925         0.19657          2.0647          1.1937               
         B         21        LYS          70.735          2.0135          85.947          66.412          73.274         0.28479         0.53333               0               0          1.3325               0          1.6146         0.45352           1.893         0.43971          2.6561          1.1937               
         B         22        LYS          71.187          10.552          84.609          57.774          79.067         0.16257         0.45983               0               0          1.4632               0          1.7465         0.76274          2.1638         0.80738          3.6311          1.1484               
         B         23        GLN          59.676          22.051           68.96          61.528          56.278               0               0               0               0               0               0          1.4467         0.41622          1.7447          0.3199          2.2061         0.96601               
         B         24        ALA          36.046          19.356          47.358          2.4678          49.812         0.24381         0.48762               0               0           1.219               0          1.1173         0.13199          1.3415               0          1.3415         0.96601               
         B         25        GLN          55.862          8.6456          67.513          59.585          49.028         0.16132         0.45627               0               0          1.4518               0          1.3289         0.36527          1.5954         0.27913          2.0647          0.9119               
         B         26        ARG          81.168          12.689          94.036          85.343          74.069               0               0               0               0               0               0          1.5245         0.69547          1.8743         0.65043           3.168         0.86069               
         B         27        LYS          54.873          7.1778          65.431          53.974          55.401         0.43382          0.8369               0               0          2.3854               0          1.5069         0.68782          1.9283         0.67223          3.0076         0.96601               
         B         28        ARG          58.947          5.1582          69.055          45.509          81.792         0.24231         0.51597               0               0          1.4382               0          1.3815         0.35923          1.6105         0.24018          1.8944         0.92961               
         B         29        HIS          57.515          6.3674          69.713          58.652          56.717         0.35693         0.74218               0               0          2.2387               0          1.0035         0.21155          1.1517         0.12262          1.3415         0.69429               
         B         30        LYS           55.88           11.34           65.74          47.495          60.806         0.13751         0.38893               0               0          1.2376               0          1.0922         0.41722          1.3873         0.34071          1.9352         0.66718               
         B         31        LEU          40.443          1.3908          49.233            1.29          47.687         0.52727         0.68459          0.3795         0.65731           1.518               0          1.1517         0.27261          1.3934         0.16483          1.5728         0.81215               
         B         32        ASN          48.875          2.8881          63.532          57.046          28.227         0.33494         0.58274               0               0          1.4498               0          1.0776         0.13806          1.1564          0.1278          1.2901         0.87746               
         B         33        ARG           22.67               0           26.93          23.466          21.315         0.80476          0.9202         0.21622         0.52962          2.2452               0         0.85333         0.17842         0.84284         0.21637          1.3415         0.65395               
         B         34        LYS          64.615          60.722          65.477          63.611          65.205               0               0               0               0               0               0          1.6698         0.89141          2.0508          1.0218          3.9618         0.86069               
         B         35        GLU          84.837          107.36          78.913          87.318          81.301               0               0               0               0               0               0          2.0065         0.25813          2.0665         0.07412          2.4164          1.3954               
         B         36        ARG          66.801          98.314          60.879          50.731          94.121         0.12066         0.38156               0               0          1.3273               0          1.7349         0.26089          1.6367         0.24356          2.2061          1.2652               
         B         37        GLY          77.175          77.175               0          73.412          80.504               0               0               0               0               0               0          1.6033          0.1286               0               0          1.7421          1.4232               
         B         38        HIS          47.346          29.851          51.518          50.156          45.372         0.25884         0.51838          0.2258          0.5049          1.3548               0          1.2181          0.2883          1.3681         0.25462          1.7786         0.79653               
         B         39        LYS          49.677          36.815          52.525          73.572          35.638         0.29841          0.5611               0               0          1.4622               0          0.9915         0.19535          0.8699        0.068513          1.4517         0.78118               
         B         40        SER          24.319          3.3544          35.826          3.6136          48.717         0.89153         0.93979               0               0          2.3767               0          1.2906         0.10308          1.4093        0.013927          1.4232          1.1484               
         B         41        PRO          65.529          16.308          81.582           12.88           75.31         0.38469         0.61146               0               0          1.4636               0          1.7309         0.33368          2.0989         0.11123          2.2562          1.3415               
         B         42        SER            49.4          5.4716          73.512          25.132          77.996         0.20493         0.45823               0               0          1.2296               0          1.5586         0.26928          1.9148        0.020383          1.9352          1.2652               
         B         43        GLU          30.767            8.04          36.753           32.56           28.21         0.29955         0.56305               0               0          1.4637               0         0.98999         0.13394          0.9421         0.12707          1.1937         0.70818               
         B         44        GLN          52.382          1.7514          64.876          60.616          37.271         0.30053         0.56502               0               0          1.4712               0          1.1867         0.23157          1.3548         0.17607           1.605         0.89452               
         B         45        ARG            68.5          4.6598          80.497          58.639          85.265         0.11254         0.35589               0               0           1.238               0          1.8497         0.85485          2.3097          0.7475          3.7363          0.9119               
         B         46        ARG          68.582          22.002          77.336          58.788          85.233               0               0               0               0               0               0          1.3594         0.47624          1.6273         0.39824          2.2562         0.86069               
         B         47        SER          29.974          13.186          39.188          17.183          45.046         0.65283         0.95649               0               0          2.3915               0         0.87637        0.056104         0.90321       0.0086905         0.92961         0.76608               
         B         48        GLU           67.32          18.969          80.057          66.408          68.621         0.16234         0.45918               0               0          1.4611               0           1.349         0.35363          1.6194         0.23842          2.0203          0.9119               
         B         49        LEU           62.14          4.1255          75.199          4.2709          72.847         0.32122         0.55689               0               0          1.3336               0          1.2869         0.28838          1.5298         0.21565          1.7786          1.0038               
         B         50        TRP          54.588          1.1683          62.953          44.929          57.384         0.28028         0.70603               0               0          2.3979               0          1.5051         0.38335          1.6816         0.31044          2.1104          1.0431               
         B         51        HIS          58.764          3.5227          71.938          55.276          61.214         0.26986         0.54226               0               0          1.4665               0          1.3687         0.28708          1.5514         0.23164          1.9352          1.0633               
         B         52        ALA          54.136          34.213          67.639          16.968          69.376               0               0               0               0               0               0          1.1206        0.076456          1.1708               0          1.2408          1.0431               
         B         53        ARG          71.095          12.169          82.169          75.097          64.293               0               0               0               0               0               0          1.7076         0.62477          1.9522         0.66155          3.3416          1.1484               
         B         54        GLN           42.86          21.822           48.05          54.037          22.347         0.31792         0.59652               0               0          1.5276               0          1.5828         0.23053          1.6589         0.23316          1.8944          1.2408               
         B         55        VAL          73.369          23.351          86.647          23.691          83.797         0.19052         0.46667               0               0          1.3336               0          1.9897         0.43923          1.9277         0.38606          2.7214          1.5108               
         B         56        GLU          85.828          90.663          84.562          88.759          81.651               0               0               0               0               0               0           2.617         0.43626          2.6813         0.44413           3.434          1.9771               
         B         57        LEU          81.764          101.43          77.337          101.94          78.038               0               0               0               0               0               0          2.7578         0.50881          2.4369         0.42066          3.6311          2.0647               
         B         58        SER          112.87          170.21          81.401           89.64          140.25               0               0               0               0               0               0          3.8886         0.64924          3.6074         0.35442          5.1293           3.168               
         C          1          A          112.19          50.836          121.17          193.57          60.371        0.064231         0.29435        0.074373         0.31554          1.4131               0          3.2553         0.91108          2.9758         0.61242          5.3151          2.2562               
         C          2          G          76.041          3.0152          86.496          163.24          13.844         0.30204         0.57315         0.34734          0.6017          1.4164               0          1.9685         0.47745          1.8156         0.21945          3.6311           1.605               
         C          3          A          76.323               1          87.351          153.97          26.878         0.37701         0.61593         0.43654         0.64287          1.4331               0           1.618         0.26699           1.583         0.25038          2.2061           1.217               
         C          4          C          74.935          4.4954          86.265          154.85           23.91         0.27667         0.55357         0.32549         0.58705           1.417               0          1.6787         0.40139          1.5861         0.30661          2.8592          1.1708               
         C          5          A          86.351          6.1275          98.097          170.06          33.047         0.12385         0.39168         0.14341         0.41813          1.3743               0          1.6789         0.34531          1.5813          0.1887           2.932          1.2901               
         C          6          G          83.771          3.3157          95.289          175.42          18.398         0.30354          0.5761         0.34907          0.6048          1.4418               0          1.6916         0.23889          1.6484          0.1916          2.4164          1.3954               
         C          7          C          72.452          3.6968          83.511          152.86          21.112         0.40769          0.6237         0.47964          0.6505          1.4149               0          1.6584          0.3141          1.5958          0.2642          2.4733          1.2408               
         C          8          A           81.53           3.589          92.942          160.13          31.476         0.25432         0.53955         0.29447         0.57032          1.4192               0           1.622         0.28625          1.5654         0.20317          2.5931          1.2408               
         C          9          U          74.922          2.5762          86.751           150.1          19.191         0.40947         0.62669         0.48173         0.65363          1.4431               0           1.902           0.286          1.8861         0.27934          2.4164          1.4809               
         C         10          U          84.969          6.0587          97.871          155.48          32.702         0.20996         0.49984         0.24701         0.53364           1.418               0          1.8908         0.35945          1.7891         0.22189          3.0862          1.4809               
         C         11          A          91.485          2.3537          104.53          175.38           38.06         0.12815         0.40524         0.14838         0.43261          1.4107               0          2.0014         0.18263          1.9985         0.17785          2.4164          1.7421               
         C         12          U          75.991          2.3899          88.025          143.47          25.965         0.27956         0.55916         0.32889         0.59297          1.4146               0          1.8704         0.26958           1.801          0.1971          2.6561          1.4809               
         C         13          G          78.629          1.2987            89.7          157.59          22.306         0.24318         0.53004         0.27966         0.55936          1.4075               0          1.7196         0.22621          1.6887         0.19182          2.3613          1.3954               
         C         14          C           69.79          5.3405          80.156          148.81          19.336         0.27608         0.55231          0.3248          0.5857          1.4074               0          1.7831         0.29441          1.7257         0.25178          2.5322          1.3682               
         C         15          U          76.762          3.9817          88.662           143.8          27.065         0.28113         0.56232         0.33074         0.59632          1.4298               0          1.7315         0.30109          1.6639         0.23571          2.5931          1.3954               
         C         16          G          87.459          4.6126          99.319          176.57          23.899         0.24448         0.53286         0.28115         0.56234          1.4262               0          1.7968         0.26549          1.7376         0.19203          2.6561          1.4232               
         C         17          U           74.73          2.9023          86.474          145.81           22.04         0.28038         0.56079         0.32986         0.59469          1.4165               0          1.7943         0.28183          1.7392          0.2223          2.5931          1.4232               
         C         18          C           80.05          4.0555          92.273          168.93          23.302          0.3483         0.60352         0.40977         0.63508          1.4218               0          2.0345         0.30769          2.0116         0.29208          2.6561          1.6718               
         C         19          U          103.09          4.8568          119.15          182.71          44.066               0               0               0               0               0               0          3.2658          0.6387          3.3264         0.65416          4.4841          2.3613               
         C         20          U          41.971          51.923          40.344          81.452          12.704               0               0               0               0               0               0           5.486         0.50137               0               0          5.9466          4.7888               
         D          1          A          107.53          53.229          115.48          182.64          59.695         0.19259         0.48469           0.223         0.51501          1.4173               0          3.2497         0.95262          2.9611         0.65753          5.3151          2.2061               
         D          2          G          74.088          4.3309          84.075           160.2          12.663         0.30146         0.57205         0.34668         0.60054           1.408               0          1.9335          0.4853          1.7693         0.18763          3.6311           1.605               
         D          3          A          74.126          3.3453          84.489          151.92          24.584         0.44012         0.64454         0.50962         0.66754          1.4388               0          1.5961         0.26598          1.5594         0.24558          2.2061           1.217               
         D          4          C          74.699          4.0067           86.07          157.37          21.918         0.41005         0.62747         0.48241         0.65444          1.4314               0          1.6126         0.34945          1.5402         0.30067          2.4733          1.1265               
         D          5          A          83.977           6.234          95.359          167.43          30.831         0.25101         0.53256         0.29064         0.56292          1.4141               0          1.6521         0.31793          1.5771         0.18208          2.8592          1.3155               
         D          6          G          82.959          3.9164          94.275          174.49           17.67          0.3647         0.61401         0.41941         0.64079          1.4259               0          1.6882         0.24725          1.6433         0.19141          2.4733          1.3954               
         D          7          C          72.186          3.3324           83.26          153.95          19.979         0.40827         0.62465         0.48031         0.65149          1.4268               0            1.63          0.2937          1.5797         0.25722          2.3613           1.217               
         D          8          A          82.613          3.9556          94.129           161.4          32.441         0.25569         0.54243         0.29606         0.57336          1.4168               0          1.6343         0.34097           1.556         0.19298           2.932           1.217               
         D          9          U          73.806          3.3024          85.334          143.78          21.934         0.26876         0.53855         0.31619         0.57116          1.4094               0          1.8744         0.26289          1.8642         0.25988          2.3079          1.5108               
         D         10          U          84.979          6.0223          97.889          154.75          33.257         0.20955         0.49887         0.24653         0.53261          1.4202               0          1.8649         0.36496          1.7586         0.21814          3.0862          1.4517               
         D         11          A          94.514           3.341          107.86          176.21          42.493         0.12827         0.40563         0.14853         0.43302           1.411               0          2.0137         0.20369          2.0121         0.19717          2.4733          1.7421               
         D         12          U          76.185          3.6885          88.038          145.22          25.007         0.20899         0.49751         0.24587         0.53115          1.4081               0          1.8674         0.28445          1.7947         0.21413          2.6561          1.4517               
         D         13          G          79.897         0.77192          91.225          160.78          22.201         0.24294         0.52952         0.27939         0.55881          1.4165               0          1.7317         0.22391          1.7017         0.19903          2.3079          1.4232               
         D         14          C          72.297          5.5107          83.039          152.98          20.781         0.33759         0.58556         0.39717         0.61622            1.41               0          1.7804         0.30153          1.7141         0.24499          2.5931          1.3682               
         D         15          U          78.207          3.1664          90.476          150.01          24.983          0.2812         0.56243         0.33082         0.59643          1.4223               0          1.7327         0.33022          1.6538         0.23241           2.789          1.3415               
         D         16          G          89.295          6.7243          101.12          182.37          22.906         0.18273         0.47187         0.21014          0.5003          1.4221               0           1.794         0.28282          1.7277         0.18504           2.789          1.4517               
         D         17          U          74.257          3.2671          85.864           144.1          22.481         0.47578         0.65111         0.55974         0.67214          1.5059               0          1.7801         0.26872          1.7329         0.23495          2.4164          1.3954               
         D         18          C          78.122          3.2147           90.17          161.66          24.787         0.27643         0.55304         0.32521         0.58649          1.4131               0          2.0121         0.30243          1.9892         0.29274          2.5931          1.6718               
         D         19          U          107.39          5.6344          124.03          186.22          48.951        0.069187         0.30158        0.081397         0.32559          1.3837               0          3.3118         0.65822          3.3714         0.67494          4.6324          2.4733               
         D         20          U           17.86           35.93          14.906          30.094          8.7913               0               0               0               0               0               0          5.6158         0.82697               0               0          6.4428          4.7888               
