pdb_id: 2ZI0
analysis type: bound
radii_file: E:\PBR\111aPRBind-master\aPRBind program\Source code\Feature extraction\CX&DPX\amac_data\chothia.radii
ASA_zSice: 0.25
ASA_rSolvent: 1.4
rasa_file: E:\PBR\111aPRBind-master\aPRBind program\Source code\Feature extraction\CX&DPX\amac_data\natural_asa.asa
CX_sRadius: 10
CX_vAtom: 20.1

  chain id|    res id|  res name|     total RASA|    b-bone RASA|   s-chain RASA|     polar RASA|   n-polar RASA|    average DPX|      s_avg DPX|   s-ch avg DPX| s-ch s_avg DPX|        max DPX|        min DPX|     average CX|       s_avg CX|    s-ch avg CX|  s-ch s_avg CX|         max CX|         min CX|               
         A          5        GLU          116.13          219.81          88.841          116.81          115.16               0               0               0               0               0               0          6.5608            1.85          7.5603          1.2535          9.9683          3.5304               
         A          6        ILE          75.624          56.175          79.866          56.538          78.997               0               0               0               0               0               0          2.7588         0.56439           2.849         0.71087          3.8465          2.0203               
         A          7        PRO          46.292          34.671          50.083               0          54.893         0.70291         0.85912               0               0          2.2484               0           1.985         0.27219          2.1018         0.14683          2.3079          1.5108               
         A          8        LEU          69.088          26.782           78.61          30.848          76.164         0.44469          0.8023               0               0           2.228               0          2.0124         0.49212          2.4204         0.33602           2.932          1.2901               
         A          9        HIS          49.746          10.884          59.014          48.163          50.858         0.25869         0.51804         0.22532         0.50384          1.3519               0          1.7861         0.34676           2.032         0.11813          2.2562          1.1484               
         A         10        GLU          35.768          9.5969          42.661          27.114          48.103         0.42007          0.8044               0               0          2.2544               0          1.3125          0.2561          1.5078         0.15329          1.7786         0.98474               
         A         11        ILE          46.476           16.81          52.951          1.9159          54.351         0.34676         0.60504         0.38332         0.66393          1.5333               0          1.1518         0.17777          1.3128        0.092854          1.4517         0.92961               
         A         12        ILE          53.223          6.6673          63.386          3.0211          62.094         0.33563         0.58409               0               0          1.4559               0          1.2972           0.266          1.5301           0.176          1.8162          1.0038               
         A         13        ARG          51.806          3.7016          60.845          58.697           40.09         0.24435         0.52076               0               0          1.4612               0          1.5943         0.57191          1.9028         0.50081          2.5931         0.96601               
         A         14        LYS          43.189          19.656          48.398          36.997          46.826          0.1622         0.45876               0               0          1.4598               0         0.91696        0.046419          0.9407         0.02475         0.98474         0.81215               
         A         15        LEU          51.582          25.359          57.484          14.295          58.481         0.35325         0.61341         0.37511         0.64971          1.5004               0          1.0317        0.046928           1.069        0.034202          1.1265         0.96601               
         A         16        GLU          58.928          6.7508          72.672          57.224          61.357          0.1373         0.38833               0               0          1.2357               0          1.3511         0.23839          1.5476         0.12125          1.6379          1.0633               
         A         17        ARG           56.78          25.253          62.705          50.041          68.237               0               0               0               0               0               0          1.0776         0.22079          1.1858         0.20463          1.5728         0.79653               
         A         19        ASN          54.207          43.593          57.591          57.556          45.745         0.45127         0.81501               0               0          2.2669               0         0.98894        0.093586          1.0388         0.10796          1.1937         0.89452               
         A         20        GLN          60.997          16.146          72.065          61.099          60.812               0               0               0               0               0               0          1.3731         0.35478          1.6451         0.22832          1.9771         0.89452               
         A         21        LYS          36.875               0          45.038          22.001          45.614         0.89619           1.078               0               0          2.7584               0         0.69179         0.13136         0.60298        0.061636         0.98474         0.52115               
         A         22        LYS          51.837          7.3131          61.693           45.35          55.648         0.29786         0.56029               0               0           1.464               0         0.67172         0.11193         0.64813        0.086304         0.87746         0.51013               
         A         23        GLN            36.5           12.13          42.513          38.845          32.197         0.16055         0.45409               0               0          1.4449               0         0.78365         0.13093         0.86528         0.12057          1.0038         0.64093               
         A         24        ALA          35.985          16.491          49.197          4.1059          49.054         0.24695          0.4939               0               0          1.2347               0          0.6747         0.13016         0.78118               0         0.84423         0.51013               
         A         25        GLN           39.53          7.1144          47.529          40.168          38.358         0.16183         0.45772               0               0          1.4564               0         0.33218        0.073392         0.33016        0.061694           0.478         0.25541               
         A         26        ARG          23.175          19.488          23.868          10.289          45.082         0.11253         0.35586               0               0          1.2379               0         0.24256        0.087552         0.19091        0.060822         0.38932          0.1085               
         A         27        LYS          56.761          4.8909          68.243           54.98          57.807         0.43524          0.8395               0               0           2.392               0          1.1973         0.68939          1.6122         0.67968          2.7214         0.53233               
         A         28        ARG          18.968          7.8839          21.051          9.0011          35.911         0.50178         0.66693         0.40674          0.6449          1.5136               0         0.47009        0.079284         0.48902        0.053478         0.59082         0.32737               
         A         29        HIS          11.744               0          14.545          17.166          7.9346          1.2215         0.87189         0.81489         0.86123          2.2411               0         0.11085        0.078284         0.05279         0.03971         0.22587               0               
         A         30        LYS          38.183          15.282          43.253          25.583          45.586         0.13607         0.38485               0               0          1.2246               0           0.378        0.098691         0.38368         0.11268         0.55521         0.24046               
         A         31        LEU           49.95          13.691          58.111          12.765           56.83         0.37448         0.64883         0.38287         0.66315          1.5315               0         0.91806         0.25985          1.1387         0.16207          1.3682          0.5669               
         A         32        ASN          20.815          4.3974          26.047          21.796          18.336         0.15572           0.412               0               0          1.2458               0         0.53646         0.11356         0.45692        0.083358         0.75124         0.37104               
         A         33        ARG          5.6466               0          6.7077          3.5575          9.1981         0.92731         0.89889         0.40096         0.63606          2.2715               0         0.28624         0.23222         0.12666        0.073242         0.73665        0.047224               
         A         34        LYS          63.783          58.216          65.016          42.287          76.414         0.13631         0.38554               0               0          1.2268               0          1.0796          0.3161          1.1894         0.31119          1.5414         0.65395               
         A         35        GLU          84.266          101.38          79.766          91.881           73.41         0.29792         0.55983               0               0          1.4521               0           1.961         0.48996          2.1158         0.45651           2.932          1.1265               
         A         36        ARG          48.885          100.67          39.153          27.112          85.899         0.25253         0.53644         0.18901         0.46298          1.4548               0           1.146         0.47031         0.87652         0.34281          1.9352         0.40809               
         A         37        GLY          77.451          77.451               0          78.589          76.421               0               0               0               0               0               0          1.3708         0.14812               0               0          1.5414          1.1708               
         A         38        HIS          30.099          24.482          31.438          33.171           27.94         0.74456         0.78497         0.81434         0.86082          2.1858               0         0.61491         0.18332         0.56001         0.15981         0.94764          0.3445               
         A         39        LYS          41.268          42.603          40.973          40.317          41.827         0.29895         0.56217               0               0          1.4658               0         0.51932        0.081715         0.49176        0.070061         0.65395         0.41767               
         A         40        SER         0.22108         0.62384               0               0         0.48158          1.7455         0.96998           2.741         0.18779          2.9288               0         0.36877         0.10355         0.23862        0.047781         0.49926         0.19084               
         A         41        PRO          51.742          22.205          61.375          20.616          57.525         0.17721         0.43406               0               0          1.2404               0         0.74914         0.13855         0.87417         0.11952         0.98474         0.60306               
         A         42        SER          3.8321          3.0093          4.2837          1.9715          6.0246          1.0725         0.82424         0.70939         0.70939           2.266               0         0.34862         0.07536         0.33786        0.051456           0.478         0.25541               
         A         43        GLU          25.286          8.3309          29.753          28.893          20.146         0.43978         0.62446         0.25343         0.50686          1.4554               0         0.17175         0.11622        0.081739        0.046845         0.38012        0.041988               
         A         44        GLN          52.995               0          66.072          61.896          36.659         0.81661         0.95522               0               0          2.2593               0          1.0036          0.4159          1.2711         0.37853          1.9352         0.53233               
         A         45        ARG          50.633          22.689          55.884          37.328           73.25         0.11136         0.35214               0               0          1.2249               0           1.019          0.1931          1.1243          0.1456          1.3155         0.68063               
         A         46        ARG          20.421          15.384          21.368          15.348          29.046         0.23263         0.49387         0.18937         0.46385          1.3256               0          0.1649          0.1525         0.06011        0.058168         0.45733       0.0067513               
         A         47        SER          8.2265          1.2888          12.035          6.1635          10.657          1.1011          1.1632               0               0          2.7246               0         0.40075        0.071186         0.42385        0.043736           0.478         0.30248               
         A         48        GLU           58.64          17.955          69.358          52.756          67.028         0.16087           0.455               0               0          1.4478               0          1.0853         0.35641          1.3618         0.21904          1.7065          0.5669               
         A         49        LEU          68.849          12.855          81.452          7.0047          80.291               0               0               0               0               0               0          1.0391         0.39221          1.3469          0.3391          1.8162         0.66718               
         A         50        TRP          24.366          12.404          26.239          17.675          26.303         0.73781         0.89777         0.63875         0.81705          2.4068               0         0.52359         0.12258          0.5269         0.13981         0.75124         0.36208               
         A         51        HIS          42.302          6.4377          50.855          29.593          51.231         0.14594         0.43783               0               0          1.4594               0         0.86535          0.1348         0.92223          0.1209           1.105         0.62811               
         A         52        ALA          59.146          36.621          74.412           20.44          75.017               0               0               0               0               0               0          1.0647         0.10362          1.1937               0          1.1937         0.87746               
         A         53        ARG          50.637          5.5486          59.109          50.064          51.609         0.35592         0.77696               0               0          2.3875               0          1.0356          0.2256          1.0619         0.27917          1.6718         0.78118               
         A         54        GLN            35.1          10.551          41.158          32.584          39.718         0.30014         0.56424         0.24662         0.49323          1.4682               0         0.85718         0.15195         0.77661         0.13428          1.0633         0.55521               
         A         55        VAL           74.03          21.944          87.858          9.9398          87.483          0.1764         0.43209               0               0          1.2348               0          1.4804         0.27465          1.7332         0.20676          2.0203          1.1265               
         A         56        GLU          65.183          9.3004          79.902          70.562          57.514         0.13649         0.38606               0               0          1.2285               0          1.7016         0.40807          1.9462         0.40523          2.6561          1.3682               
         A         57        LEU          46.281          2.4091          56.156          2.3671          54.406         0.66293         0.88123         0.38077         0.65951          2.2528               0          1.2945         0.13367          1.2602         0.18137          1.5728          1.1265               
         A         58        SER          58.385          23.086          77.761          53.111            64.6         0.22231          0.4971               0               0          1.3339               0          1.5567         0.11218          1.6384        0.033397          1.7065          1.3954               
         A         59        ALA           57.87          43.785          67.416          44.259          63.456               0               0               0               0               0               0          1.6536         0.15172          1.7065               0          1.8548          1.3954               
         A         60        ILE          59.143          17.943          68.136          15.012          66.942         0.16685         0.44145               0               0          1.3348               0          1.8357         0.20653          1.7536         0.18014          2.2061          1.5728               
         A         61        ASN          66.829          33.491          77.455          78.969          36.151         0.16692         0.44162               0               0          1.3353               0          2.1258         0.27114          1.9672        0.045578          2.7214          1.8944               
         A         62        SER           80.45          87.492          76.585          65.892          97.605               0               0               0               0               0               0          2.6629         0.32755          2.4505         0.14258           3.253          2.3079               
         A         63        ASP          83.481          80.316          84.541          99.463          53.014               0               0               0               0               0               0          3.3374         0.35427           3.485         0.33905          3.8465           2.789               
         A         64        ASN          106.44          196.27          77.808          89.798           148.5         0.16721          0.4424               0               0          1.3377               0          3.8231         0.75411          3.3777         0.23756          5.5124          3.0076               
         B          4        ILE          117.19          233.02          91.892           234.5          96.463               0               0               0               0               0               0          6.5473          1.5391          7.8465         0.79143          8.9237          4.0829               
         B          5        GLU          92.409          100.38          90.317          94.105           89.99               0               0               0               0               0               0          5.5839          1.4862          6.6665         0.98767          8.4726          3.5304               
         B          6        ILE          72.023          55.359          75.657          57.856          74.527               0               0               0               0               0               0          2.3797         0.43913          2.5193         0.56184           3.253          1.8548               
         B          7        PRO           49.12          37.498           52.91          2.4728          57.786         0.50956         0.84215               0               0           2.242               0          1.8971          0.2331          2.0703         0.13037          2.2061          1.4517               
         B          8        LEU          71.104          26.862          81.062           30.89          78.546          0.4466         0.80658               0               0          2.2434               0          2.0472         0.51363          2.4775         0.35591          3.0862          1.3682               
         B          9        HIS          51.539          9.5319          61.557          51.525          51.549         0.12283         0.36848               0               0          1.2283               0           1.835         0.39662          2.1189         0.16293          2.3079          1.1484               
         B         10        GLU          42.846           5.835          52.594          47.337          36.444         0.41867         0.80225               0               0          2.2521               0          1.3482         0.29654          1.5605         0.22325          1.9352          1.0038               
         B         11        ILE          44.984          9.6445          52.698               0          52.933          0.8491         0.89796         0.38318         0.66369          2.3989               0          1.1058         0.13935          1.2218         0.10561          1.3954         0.94764               
         B         12        ILE          54.107          7.4659          64.288          3.9612          62.968         0.33584          0.5846               0               0          1.4599               0          1.3243         0.26005          1.5644         0.13911          1.7786          1.0431               
         B         13        ARG          44.059          1.6815          52.022          39.333          52.092         0.24567         0.52359               0               0          1.4697               0          1.4742         0.45015          1.7079         0.40761          2.3079         0.96601               
         B         14        LYS          39.179          17.205          44.044          23.552           48.36         0.55779         0.82597               0               0          2.2472               0         0.93877        0.079572         0.94511        0.046268           1.105         0.82805               
         B         15        LEU          48.458          25.805          53.557          15.873          54.488         0.18209         0.48178               0               0          1.4568               0          1.0197        0.052037           1.045        0.062099          1.1265         0.98474               
         B         16        GLU          56.546          8.0976          69.307          47.369          69.628               0               0               0               0               0               0          1.3151         0.23709           1.483         0.19373          1.8548           1.084               
         B         17        ARG          50.882          21.956          56.318          38.292          72.285               0               0               0               0               0               0         0.99089         0.12769          1.0526         0.11746          1.2652         0.82805               
         B         19        ASN          54.202          39.673          58.833          59.871          39.875         0.48459         0.86507               0               0          2.3572               0          1.0369         0.11553          1.1022         0.12789          1.2901         0.92961               
         B         20        GLN          54.811          12.606          65.226          53.535          57.153         0.16411         0.46418               0               0           1.477               0          1.4341         0.35856          1.7012         0.24733          2.0647         0.96601               
         B         21        LYS          39.648          2.0135          47.979          28.689          46.087         0.28479         0.53333               0               0          1.3325               0         0.73915          0.1452         0.65013         0.10325          1.0233         0.48855               
         B         22        LYS          53.982          10.552          63.596          36.008          64.542         0.16257         0.45983               0               0          1.4632               0          0.7014         0.11153         0.67382        0.046629         0.92961         0.52115               
         B         23        GLN          37.981          18.248           42.85          38.842          36.402               0               0               0               0               0               0         0.82083         0.18463         0.94035         0.16729          1.1937         0.64093               
         B         24        ALA          36.046          19.356          47.358          2.4678          49.812         0.24381         0.48762               0               0           1.219               0         0.68576         0.13148         0.78118               0         0.82805         0.52115               
         B         25        GLN           43.24           8.017          51.932          41.981          45.551         0.16132         0.45627               0               0          1.4518               0         0.34231        0.079229         0.34248        0.044118         0.51013         0.23312               
         B         26        ARG           25.14          12.689          27.479          13.812          44.397               0               0               0               0               0               0          0.2303         0.11374         0.15619        0.058305         0.43722        0.052513               
         B         27        LYS          54.873          7.1778          65.431          53.974          55.401         0.43382          0.8369               0               0          2.3854               0          1.2094         0.69234          1.6362         0.67103          2.7214         0.59082               
         B         28        ARG          19.569          5.1582          22.278          9.4825          36.717          0.4949         0.65706         0.39694          0.6286           1.455               0         0.46402        0.084889         0.48369        0.079734         0.61548         0.33588               
         B         29        HIS          12.275          1.7196          14.792          16.811          9.0885         0.62489         0.80424          0.4466         0.63166          2.2387               0         0.10034        0.068697        0.049996        0.037694         0.19084               0               
         B         30        LYS          37.555           11.34          43.358          23.261          45.953         0.13751         0.38893               0               0          1.2376               0         0.44472         0.13408         0.49431         0.14683         0.70818         0.26302               
         B         31        LEU          40.443          1.3908          49.233            1.29          47.687         0.52727         0.68459          0.3795         0.65731           1.518               0         0.92968         0.25602          1.1582         0.14354          1.3415         0.61548               
         B         32        ASN          18.834          2.8881          23.916          19.545          17.035         0.33494         0.58274               0               0          1.4498               0         0.52263         0.11367         0.43868        0.076197         0.73665         0.36208               
         B         33        ARG          6.4944               0          7.7149         0.43215            16.8         0.92536         0.89337         0.40572         0.64344          2.2452               0         0.27666         0.23319         0.11907        0.081588         0.73665        0.047224               
         B         34        LYS          51.591          60.722          49.569          49.031          53.095               0               0               0               0               0               0          1.0019         0.24839          1.0073          0.2235          1.4232         0.66718               
         B         35        GLU          84.837          107.36          78.913          87.318          81.301               0               0               0               0               0               0          1.8149         0.27479          1.8117        0.093655          2.3613          1.2408               
         B         36        ARG          50.793          98.314          41.864          27.632          90.167         0.24049         0.51017         0.18831         0.46126          1.3273               0          1.1716         0.49705         0.89297         0.37655          2.0203         0.38012               
         B         37        GLY          77.175          77.175               0          73.412          80.504               0               0               0               0               0               0          1.4131         0.16189               0               0           1.605          1.2408               
         B         38        HIS          30.194          29.851          30.276          34.281          27.323         0.61171         0.78704         0.81392          0.8602          2.1836               0         0.60378         0.18556         0.54895         0.15803         0.92961         0.30248               
         B         39        LYS          35.636          34.603          35.865            56.3          23.496         0.29841          0.5611               0               0          1.4622               0         0.53797        0.070669         0.50656        0.034431         0.66718         0.44721               
         B         40        SER               0               0               0               0               0          2.6903         0.32112          2.9741         0.29818          3.2723          2.2341         0.34536         0.10239          0.2164         0.03901           0.478         0.17739               
         B         41        PRO          42.913          16.308          51.589           12.88          48.492         0.38469         0.61146               0               0          1.4636               0         0.71207         0.11809         0.80864         0.10961         0.89452          0.5669               
         B         42        SER          4.0304          3.2663          4.4499          1.5722          6.9271         0.44973         0.63976               0               0          1.4688               0         0.35753         0.07695         0.31703        0.054011         0.48855         0.26302               
         B         43        GLU          24.009            8.04          28.215          22.196          26.592         0.29955         0.56305               0               0          1.4637               0         0.18761         0.11984        0.098783        0.060665         0.39864        0.057855               
         B         44        GLN          52.382          1.7514          64.876          60.616          37.271         0.30053         0.56502               0               0          1.4712               0         0.92217         0.25857          1.1119          0.1832          1.4232         0.55521               
         B         45        ARG          62.398          4.6598          73.248          50.494          82.634         0.11254         0.35589               0               0           1.238               0          1.2306         0.44897          1.4811         0.36459          2.3079         0.61548               
         B         46        ARG          21.187          11.246          23.055          12.858          35.347         0.23251          0.4936           0.189         0.46295           1.323               0         0.14002         0.13684        0.043436        0.043336         0.39864               0               
         B         47        SER          12.062         0.91312          18.181          13.907          9.8866         0.65283         0.95649               0               0          2.3915               0         0.39906        0.083731          0.4298        0.058759         0.48855         0.27851               
         B         48        GLU           67.32          18.969          80.057          66.408          68.621         0.16234         0.45918               0               0          1.4611               0          1.1721         0.45998          1.5229         0.30591          2.0203         0.55521               
         B         49        LEU           62.14          4.1255          75.199          4.2709          72.847         0.32122         0.55689               0               0          1.3336               0          1.0273         0.34212          1.2998         0.28164          1.7065         0.64093               
         B         50        TRP          21.558          1.1683          24.751          18.297          22.502         0.73604         0.89566         0.63807         0.81643          2.3979               0         0.52598         0.11195         0.52485         0.12744         0.72229         0.38012               
         B         51        HIS          38.114          3.5227          46.364          21.856          49.537         0.26986         0.54226               0               0          1.4665               0         0.84867         0.13133         0.90887         0.10568          1.0633         0.61548               
         B         52        ALA          54.136          34.213          67.639          16.968          69.376               0               0               0               0               0               0          1.0768         0.13675          1.1708               0          1.2408         0.84423               
         B         53        ARG          62.971          12.169          72.518          62.194          64.293               0               0               0               0               0               0           1.078         0.24168         0.99057         0.22824          1.5108         0.66718               
         B         54        GLN           42.86          21.822           48.05          54.037          22.347         0.31792         0.59652               0               0          1.5276               0          1.1751         0.29404          1.0299         0.17576          1.7421         0.81215               
         B         55        VAL          73.369          23.351          86.647          23.691          83.797         0.19052         0.46667               0               0          1.3336               0          1.9897         0.43923          1.9277         0.38606          2.7214          1.5108               
         B         56        GLU          85.828          90.663          84.562          88.759          81.651               0               0               0               0               0               0           2.617         0.43626          2.6813         0.44413           3.434          1.9771               
         B         57        LEU          81.764          101.43          77.337          101.94          78.038               0               0               0               0               0               0          2.7262         0.53356          2.3738         0.43134          3.6311          1.9352               
         B         58        SER          112.87          170.21          81.401           89.64          140.25               0               0               0               0               0               0          3.8886         0.64924          3.6074         0.35442          5.1293           3.168               
         C          1          A          49.396          8.3531          55.405          90.491          23.228          0.2491         0.52858         0.28843         0.55872          1.4131               0         0.79217         0.43625         0.77443         0.46564          1.5728         0.15137               
         C          2          G          41.353           2.812           46.87          84.865          10.316         0.69779         0.94527         0.80246         0.97137          2.9123               0         0.71376         0.46214         0.63296          0.4182          1.6379          0.1085               
         C          3          A          46.405         0.11081          53.183          96.556          14.469         0.43799         0.64147         0.50715         0.66436          1.4331               0         0.74669         0.44003         0.70635         0.45485          1.4809         0.11443               
         C          4          C          59.993          4.4954           68.92          119.73          21.854         0.45215         0.71629         0.53194         0.74912          2.2705               0         0.66957         0.36474         0.58489         0.30172          1.5728         0.16423               
         C          5          A          34.534          1.9879            39.3          67.884          13.297         0.37287         0.60956         0.43175         0.63624          1.4783               0         0.46983         0.26677         0.42593         0.24755          1.0038        0.026589               
         C          6          G          39.395          3.0149          44.604          76.063          13.241         0.57251         0.73878         0.65838         0.75573          2.3054               0          0.5449          0.2987         0.51072         0.29643          1.0633        0.057855               
         C          7          C           45.65         0.93485          52.843          86.247          19.731         0.52054         0.73413          0.6124         0.76014           2.257               0         0.63392         0.27005         0.60141         0.27724          1.0233          0.1326               
         C          8          A          44.719          1.9077          50.987          92.683          14.176         0.50106          0.6631         0.58017         0.68061          1.4192               0         0.65465         0.35735         0.62181         0.36251          1.2652         0.10263               
         C          9          U          51.573        0.053043          59.997          96.354          18.377         0.58695         0.74327         0.69053         0.76054          2.2178               0           0.758         0.33743         0.71551          0.3283          1.3682         0.23312               
         C         10          U          44.802          3.0541          51.628          84.534          15.348          0.3467         0.60068         0.40788         0.63209           1.418               0         0.60095         0.29649         0.51819         0.20503          1.4809         0.25541               
         C         11          A           43.92               0           50.35           82.78          19.174         0.25646         0.54443           0.219         0.50593           1.481               0         0.39309          0.1645          0.3892         0.17467         0.78118         0.15137               
         C         12          U          31.744               0          36.934           55.06           14.46         0.66126          0.7566         0.69087         0.76268          2.2515               0         0.37375         0.16248          0.3726         0.17205         0.64093        0.091087               
         C         13          G          32.549               0          37.208          59.415          13.385          1.0388          1.0161         0.99411          1.0053          3.0703               0         0.35359         0.18333         0.35501         0.19233         0.72229        0.052513               
         C         14          C          28.085               0          32.603          56.094          10.203         0.79333         0.84341          0.7005         0.77138          2.4907               0         0.37064         0.21996         0.34851         0.22317         0.68063        0.021556               
         C         15          U          29.275               0          34.062          51.666          12.676         0.95955         0.94428         0.89472         0.91306          2.5116               0         0.43149         0.27724         0.40709         0.27908         0.94764               0               
         C         16          G          44.247          3.6261          50.062           84.34          15.649         0.57423         0.73779         0.66036         0.75439          2.2533               0          0.5774         0.40405         0.52666         0.38638          1.4517         0.07978               
         C         17          U          59.858          2.9023          69.171          114.15          19.609         0.64635         0.83377         0.76041         0.85505          2.3742               0         0.92401         0.59763         0.80379         0.50825          2.4164         0.17077               
         C         18          C          60.137          4.0555          69.158          121.31          21.078         0.52401         0.73939         0.61648         0.76562          2.2768               0           1.071         0.63125         0.92294         0.51975          2.6561         0.17077               
         C         19          U          71.312          4.8568          82.178          129.69          28.035               0               0               0               0               0               0          1.2777         0.79766          1.1037         0.70165          3.0076         0.24789               
         C         20          U          34.164          15.496          37.217          75.138          3.7916               0               0               0               0               0               0          2.9208         0.82894               0               0          4.0829          2.2061               
         D          1          A          45.527          3.7934          51.637          84.822          20.503         0.56638         0.68101         0.65581         0.69163          1.4248               0         0.76267         0.41631          0.7449         0.44429          1.4517         0.12042               
         D          2          G          41.326          3.5338          46.736          84.282          10.686         0.69303         0.93534         0.79698         0.96086          2.7987               0         0.70724          0.4273         0.62767         0.37423          1.6718        0.096829               
         D          3          A          43.588          3.0793          49.519          92.708          12.308         0.50128         0.66343         0.58043         0.68095          1.4388               0         0.69572         0.40453         0.66049         0.41787          1.3415        0.091087               
         D          4          C          55.685          4.0067          63.997          116.37          16.939         0.52338         0.73809         0.61574         0.76422          2.2662               0         0.63717         0.33204         0.56475         0.28896          1.3682          0.1326               
         D          5          A          31.616               0          36.245          63.783          11.133         0.87617         0.97316         0.93654         0.99642          3.0964               0         0.46662         0.25819         0.42958         0.24511         0.98474        0.063253               
         D          6          G          38.526          2.0755          43.745          73.377          13.668         0.57369         0.73722         0.65974         0.75382          2.2518               0         0.54166         0.29874         0.50238         0.29128           1.084        0.068705               
         D          7          C          43.733          1.1898          50.576          83.385          18.416         0.52096         0.73448         0.61289         0.76047          2.2538               0         0.64458         0.27069         0.61663         0.28101           1.084         0.16423               
         D          8          A          45.539         0.37466          52.152          94.973          14.061          0.4395         0.64363          0.5089          0.6666          1.4168               0         0.67582         0.38182         0.62105         0.36149          1.4232         0.10263               
         D          9          U          51.266           1.885           59.34           91.95          21.107         0.33816         0.58671         0.39783         0.61744          1.4094               0         0.75965         0.33517         0.71521         0.32732          1.3415         0.24789               
         D         10          U          47.272          2.8783           54.53          87.508          17.444         0.34844         0.60377         0.40993         0.63534          1.4392               0          0.6173         0.31341         0.52571         0.21026          1.5414         0.27072               
         D         11          A          50.447               0          57.833          92.607            23.6         0.31764         0.58623         0.28977         0.56137          1.4824               0         0.41303         0.18061         0.41107         0.19159         0.86069         0.16423               
         D         12          U          31.789               0          36.987          56.138          13.739         0.65854         0.75248         0.68791         0.75824          2.2205               0          0.3688         0.16988          0.3682         0.18158         0.69429         0.07978               
         D         13          G          30.403               0          34.755          53.341          14.042          1.0388          1.0145         0.99546          1.0061          3.0437               0         0.34068         0.19109         0.34076         0.20142         0.73665        0.041988               
         D         14          C          27.805               0          32.278          56.834          9.2713         0.97748         0.96002         0.91532         0.93384          2.5522               0         0.34951         0.21234         0.32265         0.21148         0.68063        0.011638               
         D         15          U          28.114               0          32.711          50.813          11.288         0.96003         0.94483         0.89442         0.91283          2.5175               0         0.41302         0.25442         0.38811         0.25226         0.86069        0.021556               
         D         16          G          49.523          6.3496          55.704            96.9           15.73         0.45233          0.7068         0.52017          0.7343          2.2668               0         0.58364         0.41662         0.53384         0.40234          1.5414        0.074214               
         D         17          U           58.18          3.2671          67.159          110.08          19.709         0.71797         0.83594         0.84468         0.84564          2.3743               0         0.92463         0.58393         0.80464         0.50747          2.2562         0.19769               
         D         18          C          59.516          3.2147          68.572          117.76          22.332         0.45248         0.71692         0.53233         0.74978          2.2753               0          1.0423         0.59746         0.91717         0.52322          2.4164         0.19769               
         D         19          U          70.747          5.6344          81.393          125.39          30.237         0.13811         0.41433         0.16248         0.44498          1.3837               0          1.2756         0.81883          1.0834         0.69501           3.168         0.24046               
         D         20          U           17.86           35.93          14.906          30.094          8.7913               0               0               0               0               0               0          4.8414          1.1051               0               0          5.9466          3.7363               
