pdb_id: 2ZKO
analysis type: bound
radii_file: E:\PBR\111aPRBind-master\aPRBind program\Source code\Feature extraction\CX&DPX\amac_data\chothia.radii
ASA_zSice: 0.25
ASA_rSolvent: 1.4
rasa_file: E:\PBR\111aPRBind-master\aPRBind program\Source code\Feature extraction\CX&DPX\amac_data\natural_asa.asa
CX_sRadius: 10
CX_vAtom: 20.1

  chain id|    res id|  res name|     total RASA|    b-bone RASA|   s-chain RASA|     polar RASA|   n-polar RASA|    average DPX|      s_avg DPX|   s-ch avg DPX| s-ch s_avg DPX|        max DPX|        min DPX|     average CX|       s_avg CX|    s-ch avg CX|  s-ch s_avg CX|         max CX|         min CX|               
         C          1          A          87.686          11.687          98.813          180.32          28.698         0.25161         0.53399         0.29134         0.56444          1.4271               0          1.7918          1.0875          1.5014          0.8511          4.2099         0.54369               
         C          2          G          61.583          2.3047           70.07           123.1          17.702         0.45217         0.70775            0.52         0.73537          2.2888               0          1.0619         0.71433         0.85756         0.50219          2.8592         0.29439               
         C          3          A          54.899          4.7706          62.239          118.25          14.556           0.502         0.66438         0.58126         0.68193          1.4281               0         0.85396         0.60038         0.70002         0.47578          2.2562         0.17077               
         C          4          C           41.92          3.9362          48.029          80.261           17.44         0.71121         0.82717         0.83671         0.83663          2.3304               0         0.56533         0.47048          0.3887         0.20098          1.9352        0.096829               
         C          5          A           27.69          4.9051          31.025          65.794          3.4249         0.61033         0.75866          0.7067         0.77353          2.3422               0         0.23655         0.17888         0.17643         0.10052         0.66718        0.011638               
         C          6          G          22.752          1.9951          25.724          48.976           4.048          1.1034            1.05          1.2689          1.0286          2.7877               0         0.16777        0.081557         0.14737        0.064714         0.36208        0.036804               
         C          7          C          21.989               0          25.526           45.84          6.7607         0.99247         0.99796            1.08          1.0167          3.0703               0         0.17366        0.042175         0.16899        0.043716         0.23312        0.068705               
         C          8          A          38.413               0          44.038          80.998          11.296         0.50763         0.67203         0.51018         0.66828          1.4745               0         0.48665         0.25311         0.50895         0.26405          1.1265          0.2187               
         C          9          U           68.04          2.4055          78.772          122.65          27.555         0.41329          0.6325         0.48622         0.65969          1.4301               0         0.98224         0.48874         0.93234         0.49776          1.8548         0.24789               
         C         10          U          66.805          5.3936          76.847          122.79            25.3         0.33457         0.58114         0.39361         0.61162          1.4288               0          1.1047         0.69496         0.90632         0.48978          3.0862         0.27851               
         C         11          A          58.419          3.3787          66.477          125.88          15.461         0.50184         0.66416         0.58108          0.6817          1.4229               0          1.0095         0.61706         0.86591         0.51415          2.4733         0.23312               
         C         12          U          63.478           2.884          73.385             116          24.545         0.41141         0.62961         0.48401         0.65668          1.4188               0          1.0872         0.60732         0.92719         0.47937          2.5931         0.31897               
         C         13          G          59.901          3.5281          67.972          122.47          15.269         0.57678         0.74259         0.66329         0.75945          2.2911               0         0.97064         0.64235         0.82273         0.51236          2.7214         0.26302               
         C         14          C          66.047          7.4359          75.475          131.06           24.54         0.33994         0.58975         0.39992         0.62064          1.4255               0          1.0028         0.61625         0.81576         0.42488          2.6561         0.32737               
         C         15          U           54.16          2.1228          62.668          98.171          21.534         0.41309         0.63226         0.48598         0.65945          1.4357               0          0.7483         0.56982         0.56463         0.35505          2.3613         0.12647               
         C         16          G          41.104          3.3225          46.513            89.2          6.7977         0.68074         0.81547         0.78285         0.82753          2.3274               0         0.46965         0.47359         0.31589         0.24307          1.9771               0               
         C         17          U          33.935          3.2604           38.95          70.828          6.5857         0.71528         0.83265         0.84151         0.84227          2.3324               0         0.37908         0.23922         0.29664         0.14619          0.9119         0.11443               
         C         18          C            51.2          3.1863          58.922           105.6          16.468         0.52323         0.73753         0.61556         0.76362          2.2614               0         0.56809         0.25263         0.49791         0.18854          1.2408         0.31897               
         C         19          U          60.282          5.8635          69.179          117.78          17.656         0.52009         0.73536         0.61188         0.76159          2.2596               0           1.032         0.38811         0.95486         0.33266          2.0203         0.64093               
         C         20          U          83.439          3.7202          96.473          149.15          34.727          0.1404         0.42122         0.16517         0.45237          1.4195               0          1.3423         0.44397          1.1946         0.23148           2.789         0.87746               
         C         21          U          132.49          3.2647          153.62          215.29          71.107               0               0               0               0               0               0          4.2834          1.3255          4.5957            1.19          7.0153          2.4164               
         D          1          A          91.915          29.041          101.12          177.62           37.34         0.25108         0.53292         0.29072         0.56331          1.4285               0          2.1602          1.4683          1.7307          1.0256          5.9466         0.60306               
         D          2          G          60.138          3.0617          68.309          121.91          16.077         0.42073         0.63626         0.48383         0.65955          1.4156               0          1.0662         0.68065         0.88166         0.50994          2.6561         0.29439               
         D          3          A          54.982          4.8306          62.325          118.11          14.786         0.50216          0.6646         0.58144         0.68216          1.4319               0         0.84298         0.60904         0.67827         0.45801          2.3613         0.16423               
         D          4          C          41.603           4.593          47.555          79.779          17.228         0.71135         0.82759         0.83688         0.83709          2.3408               0         0.56784         0.47631         0.38919          0.2005          1.9771         0.10263               
         D          5          A          27.393          5.3246          30.624          65.292           3.259         0.72516         0.83416         0.83966         0.84235          2.3496               0         0.23693         0.17668         0.17696        0.097331         0.65395        0.016573               
         D          6          G          22.885          2.7427          25.769           48.99          4.2653          1.1003          1.0472          1.2653          1.0258          2.7811               0         0.17078        0.083046         0.15077        0.067231         0.37104        0.047224               
         D          7          C          23.015               0          26.717          48.061          7.0243         0.78639         0.82703         0.83765         0.83688          2.3475               0         0.17924        0.041568         0.17638        0.044396         0.24789         0.07978               
         D          8          A          39.834               0          45.667          83.713          11.893         0.50825         0.67291          0.5105         0.66873           1.482               0         0.46531         0.23169         0.48637         0.24067           1.105         0.23312               
         D          9          U          62.695          2.5433           72.53          115.59          23.481         0.51863         0.73295         0.61015         0.75906          2.2583               0          0.9511         0.46709         0.92323         0.48916          1.8944          0.2864               
         D         10          U          68.432          4.9785          78.807          124.12          27.148          0.4136         0.63301         0.48659         0.66023          1.4401               0          1.0939         0.66439         0.90796         0.46885          3.0076         0.31068               
         D         11          A          53.354          3.4675          60.658          111.74          16.175         0.50099         0.66303         0.58009         0.68054          1.4212               0          1.0035          0.6274         0.85281         0.49978          2.6561         0.24789               
         D         12          U          63.185          3.2908          72.978          116.21           23.88         0.41208         0.63066          0.4848         0.65777          1.4237               0          1.0801         0.62331         0.90862          0.4579           2.789         0.33588               
         D         13          G          59.078          3.9743          66.967          120.62          15.184          0.5768         0.74261         0.66332         0.75947          2.2913               0         0.95103         0.63982         0.80338         0.52034          2.5931         0.24046               
         D         14          C          66.706          7.2761          76.265          131.22          25.518         0.33968         0.58928         0.39962         0.62014          1.4209               0          1.0055         0.63366         0.81338         0.42707           2.789         0.31068               
         D         15          U          53.952          3.3314          62.229          97.493          21.675         0.41297          0.6321         0.48585         0.65929          1.4297               0         0.74383         0.57714         0.55612         0.34949          2.4164          0.1326               
         D         16          G          41.221          3.2335          46.659          89.616          6.7006         0.74108         0.81454         0.85225         0.81747          2.3205               0         0.46315          0.4695         0.31051         0.24342          1.9352       0.0019112               
         D         17          U          33.324          3.3403          38.227          69.437          6.5548         0.71604         0.83369          0.8424         0.84335          2.3427               0          0.3794          0.2414         0.29503         0.14267          0.9119         0.11443               
         D         18          C          51.062          3.1909          58.761          106.04          15.959         0.52325         0.73741         0.61559         0.76348          2.2578               0         0.59034         0.25651         0.52359         0.20551           1.217         0.32737               
         D         19          U          61.086          5.1812          70.227          117.12          19.548         0.44683         0.70995         0.52568         0.74265          2.2649               0         0.98907         0.40762         0.89589         0.33939          2.0203         0.51013               
         D         20          U          73.093          3.7184          84.437          132.22          29.259          0.2723         0.54585         0.32036         0.57891          1.4221               0          1.3801         0.51073          1.2202         0.32699          2.8592         0.92961               
         D         21          U           129.9          3.2975          150.61          214.16          67.444               0               0               0               0               0               0          2.9071         0.85872          2.9178         0.90807          5.1293          1.9771               
         A          1        MET          75.476             203          47.039          225.19          49.466               0               0               0               0               0               0          1.3478         0.33266          1.0703         0.18937          1.8162         0.87746               
         A          2        ASP           25.04          12.261          29.321          32.565          10.696         0.48886         0.87313               0               0          2.3815               0         0.86059         0.17276         0.77997         0.15934           1.084         0.57877               
         A          3        PRO          77.075          36.856          90.191          14.916          88.623         0.21078          0.5163               0               0          1.4754               0          1.2536         0.42518          1.6816         0.24451          2.0203         0.70818               
         A          4        ASN          28.551          1.5784          37.149          29.756          25.508         0.89603           1.235               0               0          3.1881               0         0.51859         0.21387         0.63707         0.13838         0.81215         0.17077               
         A          5        THR          10.127          1.2548          13.083         0.76228          16.673         0.95506         0.90254         0.47692         0.67447          2.4775               0         0.17073        0.087055         0.14674         0.09395         0.31897        0.021556               
         A          6        VAL          18.083               0          22.884               0          21.879          1.0522         0.96323               0               0          2.2522               0         0.41844         0.17269         0.60091        0.056569         0.68063         0.15137               
         A          7        SER          9.6418          1.6353          14.037          1.4874          19.251         0.65558         0.96071               0               0          2.4029               0         0.26099        0.090503          0.3492        0.021832         0.37104        0.096829               
         A          8        SER               0               0               0               0               0          3.3368         0.45196          3.4108         0.15033          3.8246          2.4475         0.10047        0.042605         0.13263       0.0061556         0.13878        0.016573               
         A          9        PHE        0.078485               0        0.094284               0        0.090549          2.4629          1.0637          2.4684           1.241          3.7582               0        0.065328        0.034431        0.076255        0.036847         0.13878        0.026589               
         A         10        GLN          20.151               0          25.124          31.076         0.10274           1.773          1.4972         0.55715         0.68891          3.9065               0         0.18708         0.14727         0.28662         0.12694         0.44721        0.016573               
         A         11        VAL               0               0               0               0               0          3.6227         0.70816          4.0462         0.32501          4.4876          2.4213        0.012862        0.015419               0               0        0.036804               0               
         A         12        ASP          14.504          9.3267          16.238          11.457          20.311         0.49459         0.64186         0.31276         0.54172          1.4699               0        0.023188        0.022711        0.034571        0.018823        0.063253               0               
         A         13        CYS         0.45923          1.6714               0          2.1172        0.022677          1.1668         0.96213          2.1517         0.63066          2.7824               0        0.027077        0.022539       0.0092422       0.0073311        0.063253       0.0019112               
         A         14        PHE          5.0192               0          6.0295               0          5.7907          1.5089           1.267         0.75908         0.94229          3.3374               0         0.15923        0.060821         0.18807        0.049166         0.26302        0.057855               
         A         15        LEU          4.6881               0          5.7434               0          5.5555          1.1387         0.95188         0.37708         0.65312          2.4674               0        0.074445        0.031138        0.052015        0.029707          0.1085        0.016573               
         A         16        TRP          14.529        0.049216          16.796        0.029685          18.725          1.0425          1.1421         0.73078         0.93307          3.3336               0         0.19303        0.071211         0.19973        0.081758          0.3445        0.068705               
         A         17        HIS          29.361               0          36.363          35.338          25.162          1.1217          1.2307         0.22585         0.50501          3.3172               0         0.38886         0.16874         0.47837         0.15275         0.69429         0.16423               
         A         18        VAL         0.75412               0         0.95433               0         0.91242          2.4387          1.2264          1.3483           1.033          3.8784               0         0.13853        0.052617        0.089272       0.0097222         0.21161         0.07978               
         A         19        ARG          14.904               0          17.704          16.168          12.753          1.8033          1.7984         0.57853          0.9512          4.2551               0        0.069369        0.035564        0.050538        0.017761         0.12647        0.021556               
         A         20        LYS          41.107               0          50.207          53.843          33.625          1.5977          1.5423         0.31092         0.62184          3.8898               0         0.62735          0.3398         0.85235         0.29645          1.2652         0.20461               
         A         21        ARG          42.835         0.34509          50.819          53.142          25.311         0.47538         0.82341               0               0          2.4664               0         0.78256         0.42708         0.99445         0.40264          1.6718         0.36208               
         A         22        VAL               0               0               0               0               0          3.2651         0.83879          4.1877         0.28327          4.5578          2.2614          0.1463         0.13084        0.022927        0.019303         0.38932               0               
         A         23        ALA          12.435          18.901          8.0527          22.479          8.3203         0.29209         0.58419               0               0          1.4605               0         0.49745           0.254          0.2864               0         0.87746         0.24789               
         A         24        ASP          60.077           81.18          53.008          59.019          62.093          0.1671         0.44211               0               0          1.3368               0          1.1644          0.2273          1.1338        0.064176           1.605         0.73665               
         A         25        GLN          60.475          62.459          59.981          81.595          21.716         0.14777         0.41796               0               0          1.3299               0          1.1085         0.19111          1.0233         0.20587          1.3954         0.79653               
         A         26        GLU          79.794          32.374          92.287          76.665          84.255         0.28575         0.53507               0               0          1.3336               0            1.71         0.59792          2.2202         0.20771          2.4164          0.9119               
         A         27        LEU          24.513               0           30.03               0          29.048          1.2288           1.015         0.38291         0.66322          2.4512               0         0.36717            0.11         0.36012        0.058631         0.59082         0.24046               
         A         28        GLY          11.977          11.977               0           25.16         0.24724         0.30902         0.53524               0               0          1.2361               0         0.26036        0.063137               0               0         0.36208         0.19084               
         A         29        ASP          9.9688          11.473          9.4648          8.4856          12.796         0.49506         0.64188         0.31449         0.54471          1.4572               0         0.14237        0.080627        0.078194        0.067365         0.22587        0.021556               
         A         30        ALA           29.05           17.17          37.102          17.891          33.627         0.24709         0.49418               0               0          1.2354               0         0.31566         0.10734         0.51013               0         0.51013         0.18408               
         A         31        PRO          6.0855               0          8.0702               0          7.2161          1.5903          1.1532         0.50341         0.71193          3.2956               0        0.044391         0.03563        0.011194          0.0145        0.096829               0               
         A         32        PHE         0.88857         0.88536         0.88921          1.1136         0.85398          1.0902          1.1127         0.76343         0.94808          2.9869               0        0.070908        0.059473        0.036173        0.042774         0.15776               0               
         A         33        LEU          44.517          17.033          50.703          15.722          49.845         0.66194         0.87981         0.37936         0.65706          2.2484               0         0.38991         0.13603         0.48836          0.1275         0.69429         0.23312               
         A         34        ASP          25.327           5.099          32.104          34.578          7.6938         0.51301          0.6659         0.37996         0.65811          1.5198               0          0.2069        0.068301         0.15633        0.063263         0.27851         0.07978               
         A         35        ARG          13.534               0          16.077          5.8143          26.657         0.83762          1.1509               0               0          2.9479               0        0.097654        0.076761         0.05105        0.056408         0.19084               0               
         A         36        LEU           7.896         0.32375          9.6004               0          9.3568         0.84509         0.90394          0.3862         0.66892          2.4471               0         0.22034        0.045163         0.24391        0.044746         0.30248         0.16423               
         A         37        ARG          68.622          10.208          79.599          76.867          54.605         0.32713         0.72141               0               0          2.2616               0          1.0873         0.79516          1.4853         0.74497          2.8592          0.2864               
         A         38        ARG          12.402          3.8535          14.009          15.615          6.9408         0.38533         0.63223         0.42714         0.67546          1.5167               0         0.24025        0.037885         0.21899        0.018879         0.31897         0.19769               
         A         39        ASP          25.911               0          34.591          26.944          23.943          1.1247          1.1691               0               0          2.7683               0         0.11858        0.068321        0.058706        0.030335         0.22587        0.026589               
         A         40        GLN          33.142          2.5953           40.68          45.173          11.062         0.76704         0.89622         0.30356         0.60712          2.4004               0         0.65836          0.3039          0.8924         0.19782          1.1265         0.24789               
         A         41        LYS          47.477          16.091          54.425          26.659          59.708         0.16302          0.4611               0               0          1.4672               0         0.68815         0.21541         0.83917         0.17908          1.0431           0.478               
         A         42        SER           7.835          5.6941          9.0101          6.6716          9.2057         0.65371         0.95858               0               0             2.4               0         0.21762        0.040132         0.20163         0.02424         0.29439         0.17739               
         A         43        LEU          3.6826               0          4.5115               0           4.364          1.1402          1.1855               0               0          2.7548               0         0.10539        0.068494        0.040899        0.014847         0.19084        0.021556               
         A         44        ARG           62.12          15.376          70.904          65.948          55.612         0.13343         0.42196               0               0          1.4678               0          1.0608         0.62704          1.4133         0.52025          2.1104         0.31068               
         A         45        GLY           15.91           15.91               0          2.9351          27.448           0.308         0.53347               0               0           1.232               0         0.44822        0.038317               0               0         0.49926         0.39864               
         A         46        ARG          12.552          4.9357          13.984          12.586          12.495         0.49012         0.83072               0               0          2.3989               0          0.1036          0.1154        0.019334        0.022532          0.2864               0               
         A         47        GLY          3.4372          3.4372               0        0.027426          6.4694         0.36763         0.63676               0               0          1.4705               0         0.57203          0.2016               0               0         0.84423         0.33588               
         A         48        SER          79.469           70.17          84.573          78.927          80.106               0               0               0               0               0               0          1.0085         0.14812          1.0642        0.040874          1.2408         0.76608               
         A         49        THR          36.918          95.558          17.378          45.624          30.833         0.17695         0.43344               0               0          1.2387               0         0.41273         0.15482         0.24513        0.076706          0.5669         0.15776               
         A         50        LEU          12.966          30.239           9.078          22.805          11.147          0.3749         0.64957         0.38355         0.66433          1.5342               0         0.54318         0.40376          0.2218         0.11513          1.2652         0.10263               
         A         51        GLY           83.43           83.43               0          77.143          89.003               0               0               0               0               0               0          1.7082         0.26864               0               0          1.9771          1.3155               
         A         52        LEU          37.756          56.179          33.609          46.291           36.18         0.35671         0.61981         0.38136         0.66054          1.5255               0         0.79898           0.196         0.71421         0.20323          1.1265         0.45733               
         A         53        ASP          56.245          28.765          65.451          52.171          64.013         0.15381         0.40695               0               0          1.2305               0          1.2408         0.57423           1.746         0.34469          2.3079          0.5669               
         A         54        ILE          20.994          10.725          23.234          12.801          22.441         0.82578          1.1147               0               0          2.7148               0         0.32485        0.090924         0.26217        0.036733         0.52115          0.2187               
         A         55        GLU          69.842           9.402          85.762          52.555          94.484         0.29998         0.56388               0               0          1.4661               0          1.1558           0.365          1.3438           0.383          1.7421         0.72229               
         A         56        THR          58.099          3.9238          76.153          38.651          71.696         0.38556         0.61276               0               0          1.4655               0          1.1827         0.33984          1.5207         0.16024          1.7421         0.69429               
         A         57        ALA          4.5443          6.5605          3.1779            1.23          5.9031          0.7823         0.99585               0               0          2.3851               0         0.29374         0.14158         0.20461               0          0.5669         0.18408               
         A         58        THR           15.14               0          20.186          3.1881          23.496          1.3145          1.1897               0               0          2.7778               0          0.2597        0.036374         0.29229        0.026933         0.31897         0.20461               
         A         59        ARG          76.437          25.037          86.096          76.475          76.373         0.13306         0.42078               0               0          1.4637               0          1.6127          1.0401           2.193         0.87802           3.253           0.478               
         A         60        ALA          26.176          16.142          32.976          4.3702          35.115         0.24688         0.49375               0               0          1.2344               0         0.44057         0.06912         0.48855               0         0.53233          0.3445               
         A         61        GLY               0               0               0               0               0           2.884         0.44694               0               0          3.4949          2.2536         0.21647        0.040055               0               0         0.25541         0.16423               
         A         62        LYS          47.747               0          58.317            56.7          42.487         0.84091         0.99182               0               0          2.4553               0         0.76857         0.40093          1.0074         0.38616          1.6379         0.32737               
         A         63        GLN          69.298          8.1949          84.377          73.154          62.223               0               0               0               0               0               0          1.2741         0.55844          1.6798         0.42959          2.3613         0.64093               
         A         64        ILE          17.578          6.3797          20.021               0          20.684         0.84708         0.89465         0.38172         0.66116          2.3861               0         0.33514          0.1252         0.23516        0.084414         0.54369         0.12647               
         A         65        VAL          5.5995               0          7.0861               0          6.7749          2.0245         0.90053           1.349          1.0356          2.7417               0         0.30112          0.1677         0.15133        0.083424         0.57877        0.036804               
         A         66        GLU          55.924          31.532          62.351           48.87          65.981          0.1634         0.46216               0               0          1.4706               0          1.1434         0.21769          1.2169         0.14288          1.4232         0.68063               
         A         67        ARG          78.033          57.791          81.837          82.493          70.451         0.11172         0.35329               0               0          1.2289               0          1.6563         0.64101          1.9244         0.65943          3.0862         0.96601               
         A         68        ILE          15.486          79.001          1.6152          69.505            5.94         0.69122         0.94207           1.017           1.078          2.5395               0         0.57292         0.22693         0.36993           0.129         0.81215         0.19769               
         A         69        LEU            44.9          97.059           33.16          99.533          34.799         0.35579         0.61794         0.37873         0.65598          1.5149               0          0.8699         0.43212          0.5459         0.16442          1.7786         0.36208               
         A         70        LYS          111.13          186.18          94.517          99.756          117.81               0               0               0               0               0               0           3.532          1.4083          4.3885          1.3214          6.4428          1.6718               
         B          1        MET            79.1          202.53          51.578          228.11          53.211               0               0               0               0               0               0          1.3756         0.29207          1.1428         0.17984          1.7786         0.84423               
         B          2        ASP          25.019          12.722          29.139          33.111          9.5949         0.49184         0.87906               0               0          2.4011               0         0.85885          0.1639         0.77231         0.13321           1.084         0.59082               
         B          3        PRO          76.103          37.119          88.817          14.922          87.469         0.20962         0.51346               0               0          1.4673               0          1.2451         0.42157          1.6711         0.24956          2.0203         0.72229               
         B          4        ASN          29.384          1.5403          38.259          30.751          25.931         0.89291          1.2304               0               0          3.1778               0         0.51256         0.21168         0.62502         0.14166         0.81215         0.17077               
         B          5        THR          9.8164         0.94698          12.772         0.57527          16.277         0.95315         0.90001         0.47786          0.6758          2.4694               0         0.16698        0.087171         0.14408        0.090862         0.31897        0.026589               
         B          6        VAL          16.973               0          21.479               0          20.536          1.0536         0.96442               0               0          2.2517               0         0.41759         0.17455         0.60103        0.058079         0.68063         0.15137               
         B          7        SER          8.2356          2.0543          11.629          1.5299          16.137         0.65697         0.96269               0               0          2.4075               0         0.26655        0.094587          0.3626        0.026718         0.38932         0.10263               
         B          8        SER               0               0               0               0               0          3.3463         0.44983           3.407         0.10054           3.835          2.4499        0.094637        0.041813         0.12364        0.015143         0.13878        0.016573               
         B          9        PHE        0.095556               0         0.11479               0         0.11024          2.4635          1.0548          2.4626          1.2303          3.7104               0        0.064328        0.034214        0.076908        0.034789         0.13878        0.021556               
         B         10        GLN          19.894               0          24.803          30.685        0.091112          1.7796          1.5065         0.55459         0.68642          3.9046               0         0.18551         0.15011         0.28819         0.12768         0.45733        0.016573               
         B         11        VAL               0               0               0               0               0          3.6036         0.69755          4.0038          0.3455          4.4911          2.4249        0.013853        0.015697               0               0        0.036804               0               
         B         12        ASP          14.101          9.2733          15.718          11.232           19.57         0.49255         0.63927         0.31046         0.53774          1.4652               0        0.024724        0.023359        0.035841        0.018408        0.063253               0               
         B         13        CYS         0.31454          1.1448               0          1.5033       0.0015374          1.1649         0.95947          2.1463         0.62793          2.7742               0        0.023788        0.024172       0.0067748       0.0048636        0.068705       0.0019112               
         B         14        PHE          5.4309               0          6.5242               0          6.2657          1.5195           1.277         0.76219         0.94532          3.3637               0         0.16492        0.070526         0.19971        0.059903         0.27851        0.063253               
         B         15        LEU           4.372               0           5.356               0          5.1808          1.1365         0.95122         0.37433         0.64836          2.4731               0        0.074668        0.034795        0.047984        0.028352         0.12042        0.011638               
         B         16        TRP          11.429        0.091357          13.205        0.055102          14.722         0.88231          1.1201         0.50325         0.79844          3.3199               0         0.18342        0.066652         0.19023        0.076164         0.32737        0.068705               
         B         17        HIS          27.687               0          34.289          41.459          18.011          1.1204          1.2289         0.22599         0.50533          3.3087               0         0.37637         0.16528         0.45794         0.15906         0.69429         0.17077               
         B         18        VAL         0.73269               0         0.92721               0         0.88649          2.4439          1.2288          1.3492           1.033          3.8711               0         0.14985        0.049485         0.10471        0.012064          0.2187        0.091087               
         B         19        ARG          15.258               0          18.125          16.537          13.084          1.8189          1.8158         0.57889         0.95162          4.3316               0        0.074035        0.029987        0.057315          0.0154         0.12647        0.026589               
         B         20        LYS          44.811               0          54.731          63.664          33.734           1.472          1.4309         0.30928         0.61857          3.8942               0         0.69973         0.45867         0.98179         0.44127          1.6718          0.2187               
         B         21        ARG          48.315         0.69723          57.264          62.497          24.206         0.24565         0.52352               0               0          1.4689               0         0.84741         0.50718          1.0938          0.4863          1.7786         0.37104               
         B         22        VAL               0               0               0               0               0          3.2977         0.87556          4.2508         0.35676          4.7362          2.2596         0.15253         0.13391        0.027004         0.02066         0.39864       0.0019112               
         B         23        ALA          14.453          18.911          11.432          22.686          11.081         0.29639         0.59279               0               0           1.482               0         0.49362         0.24828          0.2864               0         0.87746         0.24789               
         B         24        ASP          54.303          69.966          49.055          52.242           58.23         0.32199         0.55822               0               0          1.3354               0          1.1494         0.21873          1.1242        0.081525          1.5414         0.73665               
         B         25        GLN          61.297          54.643          62.935          83.226          21.053         0.16347         0.46235               0               0          1.4712               0          1.1547         0.20811          1.1144         0.25336          1.4809         0.81215               
         B         26        GLU          78.441          27.084           91.97          74.158          84.546         0.28482         0.53341               0               0          1.3332               0          1.7235         0.61425          2.2431         0.23289          2.5322         0.87746               
         B         27        LEU          26.995               0          33.072               0           31.99          1.5391         0.97216          1.0051          1.0642          2.5046               0         0.38907         0.12665         0.40389         0.10458         0.59082         0.23312               
         B         28        GLY           12.04           12.04               0          25.198         0.33357         0.30988         0.53672               0               0          1.2395               0         0.25446        0.060546               0               0         0.35323         0.19084               
         B         29        ASP          10.001          12.022          9.3243          8.1808          13.471         0.49537         0.64231         0.31527         0.54607          1.4588               0         0.14597        0.078791        0.085447        0.070246         0.22587        0.031671               
         B         30        ALA          29.453          16.969          37.914          18.107          34.107         0.24725         0.49451               0               0          1.2363               0         0.32125         0.10017         0.49926               0         0.49926         0.19084               
         B         31        PRO           6.126               0          8.1238               0           7.264          1.5974          1.1607         0.50365         0.71227          3.3235               0        0.044304        0.034253        0.011194          0.0145        0.091087               0               
         B         32        PHE         0.88414         0.85001         0.89101          1.0691         0.85571          1.3085          1.1142          1.1059          1.0408          2.9951               0        0.073134        0.061674        0.036137        0.042353         0.16423               0               
         B         33        LEU          44.197          17.816          50.135          16.348          49.351         0.37531         0.65021         0.38242         0.66237          1.5297               0         0.41281         0.14187         0.51584         0.13237         0.72229         0.24789               
         B         34        ASP          25.434          6.5339          31.766          34.444          8.2592         0.51276         0.66586         0.38114         0.66015          1.5246               0         0.21153        0.070986         0.15964        0.064616         0.30248        0.085404               
         B         35        ARG          13.391               0          15.908          5.6313          26.583         0.83435          1.1448               0               0          2.9148               0         0.10089        0.081269        0.052306        0.061478         0.19769               0               
         B         36        LEU          11.053         0.28029          13.478               0          13.098         0.84338          0.9039         0.38399         0.66509          2.4549               0          0.2234        0.037536          0.2418        0.040824          0.2864         0.18408               
         B         37        ARG          67.566          10.535          78.283          68.142          66.588         0.11219         0.35477               0               0          1.2341               0          1.1266         0.80584          1.5374          0.7436          2.5931          0.2864               
         B         38        ARG          12.559          3.0429          14.347          15.702          7.2155         0.38529         0.63258         0.42857          0.6778           1.528               0           0.238        0.044801         0.21279        0.014455         0.33588         0.19769               
         B         39        ASP          25.436               0          33.956          26.295          23.797          1.1177          1.1591               0               0          2.7239               0         0.12124        0.065681         0.06397        0.027842          0.2187        0.031671               
         B         40        GLN          30.293          3.2472          36.967          42.151          8.5317         0.59862         0.88243               0               0          2.4044               0         0.65217         0.29624         0.88346         0.18508          1.0633         0.25541               
         B         41        LYS          45.866          19.602           51.68          20.917          60.524         0.16314         0.46144               0               0          1.4683               0         0.69622         0.23909         0.85783         0.20918          1.1484         0.45733               
         B         42        SER          7.6788          5.7658          8.7288          6.3802           9.209         0.65467          0.9599               0               0          2.4029               0         0.21882         0.04047         0.20525        0.027867         0.29439         0.17739               
         B         43        LEU          3.4617               0          4.2409               0          4.1022          1.1419          1.1871               0               0          2.7574               0         0.11268        0.068728        0.050108         0.01609         0.20461        0.031671               
         B         44        ARG          61.623          15.614          70.269          63.236          58.881         0.13286         0.42015               0               0          1.4615               0          1.0345          0.5687          1.3686          0.4418          1.9771         0.29439               
         B         45        GLY          15.308          15.308               0          3.0314          26.225         0.30922         0.53558               0               0          1.2369               0         0.45068          0.0372               0               0         0.49926         0.39864               
         B         46        ARG           12.46          4.8098          13.897          12.621          12.186         0.24587          0.5238               0               0          1.4656               0         0.10494         0.11536        0.020453        0.021898          0.2864               0               
         B         47        GLY          3.3695          3.3695               0        0.093882          6.2824         0.36804         0.63747               0               0          1.4722               0          0.5774         0.20137               0               0         0.86069          0.3445               
         B         48        SER          78.932          71.258          83.144          79.082          78.754               0               0               0               0               0               0          1.0049         0.14602          1.0544        0.050602          1.2408         0.78118               
         B         49        THR          36.975          96.821          17.032          45.321          31.141          0.1766         0.43257               0               0          1.2362               0         0.42382         0.15181          0.2591        0.068274         0.57877         0.17739               
         B         50        LEU          15.007          37.101          10.034          24.724          13.211         0.37467         0.64914         0.38273         0.66291          1.5309               0         0.55056         0.40529         0.22581         0.11814          1.2408         0.10263               
         B         51        GLY          83.104          83.104               0          77.454           88.11               0               0               0               0               0               0          1.6996         0.26575               0               0          1.9352          1.2901               
         B         52        LEU          35.424              58          30.342          50.115          32.709         0.35774         0.62169         0.38307         0.66349          1.5323               0          0.8062          0.2076         0.69711         0.21589          1.1265         0.42738               
         B         53        ASP           51.16          22.248          60.846           45.15          62.617         0.15341         0.40589               0               0          1.2273               0           1.326         0.60725          1.8606          0.3742          2.4733         0.62811               
         B         54        ILE          23.414          10.273          26.282          12.261          25.385         0.82742          1.1164               0               0          2.7091               0         0.33797         0.10943         0.25939        0.051342          0.5669         0.20461               
         B         55        GLU           75.81          19.842          90.553           67.29          87.956         0.16258         0.45984               0               0          1.4632               0          1.1562         0.32332          1.3458         0.31014          1.7065         0.75124               
         B         56        THR          62.541          26.231          74.641          26.177          87.963         0.18937         0.46386               0               0          1.3256               0          1.1432          0.3284          1.4173         0.27718          1.7786         0.72229               
         B         57        ALA          4.7696          7.5693          2.8722         0.29259          6.6049         0.78141         0.99468               0               0          2.3821               0         0.30574         0.14727          0.2187               0         0.59082         0.19084               
         B         58        THR          14.534               0          19.377           3.545          22.217           1.312          1.1857               0               0          2.7578               0         0.25708        0.027373         0.28143        0.019538         0.30248         0.21161               
         B         59        ARG          83.876          22.374          95.433          87.835          77.144         0.13271         0.41967               0               0          1.4598               0          1.7856          1.3156          2.4698          1.1955          4.0829         0.46759               
         B         60        ALA          25.759           13.88          33.809          3.1938          35.009         0.24731         0.49462               0               0          1.2365               0         0.43457         0.06852           0.478               0         0.53233         0.35323               
         B         61        GLY               0               0               0               0               0          2.8667         0.44038               0               0          3.4837           2.256         0.21445        0.035906               0               0         0.25541         0.16423               
         B         62        LYS          50.171               0          61.277          65.977          40.884         0.84136           0.992               0               0          2.4537               0         0.80491         0.44063          1.0644         0.43095          1.7065         0.33588               
         B         63        GLN          70.689          10.537          85.532          75.321          62.189         0.13839         0.39143               0               0          1.2455               0          1.2551         0.54619          1.6402         0.44481          2.3613         0.66718               
         B         64        ILE          15.855          4.1834          18.403               0          18.657         0.86221          0.9037         0.38272         0.66289          2.3857               0         0.32843         0.11751          0.2386        0.083757         0.53233         0.13878               
         B         65        VAL          5.0963               0          6.4493               0          6.1661          2.0248         0.90216          1.3495          1.0381          2.7516               0         0.29833         0.15847         0.15166         0.08504         0.53233        0.031671               
         B         66        GLU          56.956          34.413          62.896          52.097          63.883           0.163         0.46103               0               0           1.467               0          1.1485         0.20684          1.2369         0.11197          1.3682         0.69429               
         B         67        ARG          79.098          52.483            84.1          87.162          65.389         0.11166         0.35311               0               0          1.2283               0          1.6873         0.72229          2.0187         0.71329          3.3416         0.92961               
         B         68        ILE            7.36          25.932          3.3039          27.976          3.7169         0.84206         0.91134            1.01          1.0694          2.5168               0          0.5674         0.19386         0.38087        0.032359         0.81215         0.33588               
         B         69        LEU          40.642          89.135          29.727          96.272          30.357         0.37134         0.64337         0.37929         0.65694          1.5171               0         0.86692         0.44648         0.51536         0.16218          1.7421          0.3445               
         B         70        LYS          87.529          184.13          66.145          40.826          114.97               0               0               0               0               0               0          3.0621           1.155          3.8304          1.1256          5.5124          1.5414               
