pdb_id: 2ZKO
analysis type: unbound
radii_file: E:\PBR\111aPRBind-master\aPRBind program\Source code\Feature extraction\CX&DPX\amac_data\chothia.radii
ASA_zSice: 0.25
ASA_rSolvent: 1.4
rasa_file: E:\PBR\111aPRBind-master\aPRBind program\Source code\Feature extraction\CX&DPX\amac_data\natural_asa.asa
CX_sRadius: 10
CX_vAtom: 20.1

  chain id|    res id|  res name|     total RASA|    b-bone RASA|   s-chain RASA|     polar RASA|   n-polar RASA|    average DPX|      s_avg DPX|   s-ch avg DPX| s-ch s_avg DPX|        max DPX|        min DPX|     average CX|       s_avg CX|    s-ch avg CX|  s-ch s_avg CX|         max CX|         min CX|               
         C          1          A          113.23          11.687          128.09          212.08          50.277         0.12927         0.40879         0.14968         0.43639          1.4271               0          3.2118         0.82777          2.9642         0.54856          5.5124          2.3613               
         C          2          G          78.726          2.3047          89.666          160.88           20.13         0.24099         0.52532         0.27714         0.55438          1.4201               0          1.8569         0.29573           1.759         0.13372          2.8592           1.605               
         C          3          A           74.35          4.7706          84.538          147.91          27.506         0.44079         0.64552         0.51039         0.66856          1.4281               0          1.5943         0.28439          1.5522         0.25662          2.2562          1.1937               
         C          4          C          70.974          3.9362          81.757          147.47          22.132         0.40927         0.62618         0.48149         0.65309          1.4251               0          1.5567         0.37627          1.4779         0.30642          2.5931          1.0038               
         C          5          A          69.681          4.9051          79.165          128.39          32.294         0.31567         0.58219         0.36551         0.61176          1.4206               0           1.619          0.3508          1.5443         0.25033           2.789           1.217               
         C          6          G          76.701          6.5206          86.749          166.53          12.632         0.30342         0.57579         0.34894         0.60447           1.422               0          1.6117         0.30028          1.5494         0.22224          2.5931          1.2408               
         C          7          C          73.865           4.011          85.101           157.4          20.532          0.4114         0.62955           0.484         0.65661          1.4499               0          1.5832         0.29988          1.5189         0.21855          2.5322          1.1937               
         C          8          A          81.413           3.301           92.85             157          33.278         0.31856         0.58748         0.36885         0.61732          1.4268               0          1.6795          0.3257          1.6362         0.30622          2.3613          1.2408               
         C          9          U          76.792          2.4055          88.955          143.21          27.555         0.34402         0.59711         0.40473          0.6284          1.4301               0          1.7789         0.43072          1.7031         0.38598           2.789          1.0233               
         C         10          U           85.83          5.3936          98.981          156.43          33.493         0.21129         0.50302         0.24857         0.53704          1.4288               0           1.777         0.37731          1.6785         0.22746          3.0862          1.2901               
         C         11          A          79.144          3.3787          90.237          159.29          28.107         0.37983         0.62042          0.4398         0.64755          1.4229               0          1.7358         0.28086          1.6941         0.24498          2.4733          1.2901               
         C         12          U          71.793           2.884          83.059          135.53          24.545         0.34245         0.59439         0.40289         0.62553          1.4188               0          1.6337         0.33786          1.5597          0.2657          2.5931          1.1484               
         C         13          G           83.46          3.5281          94.904          170.78          21.175         0.30537         0.57953         0.35118          0.6084          1.4342               0          1.6824          0.3388          1.6278         0.27292          2.7214          1.2652               
         C         14          C          76.651          7.4359          87.784          158.26          24.545         0.21121         0.50285         0.24848         0.53686          1.4255               0          1.7157         0.34033          1.6304         0.25082          2.7214          1.2901               
         C         15          U          82.396          2.1228          95.521          154.81          28.718         0.28303         0.56611         0.33298         0.60034          1.4357               0          1.6861         0.25847          1.6361         0.20716          2.4164          1.3682               
         C         16          G          83.433          3.3225          94.902          172.92          19.602         0.24358         0.53095         0.28011         0.56032          1.4291               0          1.7082         0.26173          1.6585         0.18978          2.5931          1.3415               
         C         17          U          69.138          3.2604          79.909          138.02          18.074         0.40522         0.62092         0.47673         0.64768          1.4288               0          1.6347          0.3036          1.5904          0.2685          2.3613          1.1265               
         C         18          C          70.222          3.6971          80.922          145.82          21.957         0.34814         0.60323         0.40958         0.63478          1.4235               0          1.6216         0.35002          1.5543         0.27399          2.6561          1.1484               
         C         19          U          77.434          5.8635          89.136          152.03          22.136         0.33969         0.58948         0.39963         0.62036          1.4229               0          1.9706         0.32002           1.952         0.30724          2.5931          1.4809               
         C         20          U          95.173          3.7202          110.13           173.9          36.812        0.069422          0.3026        0.081672         0.32669          1.3884               0          2.1769         0.36895          2.1125          0.3362          3.0076          1.6718               
         C         21          U          132.49          3.2647          153.62          215.29          71.107               0               0               0               0               0               0          4.6794          1.1153          4.9962         0.89089          7.0153           2.789               
         D          1          A          115.13          29.041          127.74          208.53          55.659         0.12932         0.40895         0.14974         0.43657          1.4285               0          3.2452         0.95779          2.9444         0.56035          6.1861          2.3079               
         D          2          G          76.564          3.0617          87.087          158.39          18.198         0.30213         0.57335         0.34745          0.6019          1.4156               0          1.8616         0.25693          1.7797         0.13864          2.6561           1.605               
         D          3          A           74.81          4.8306          85.056          148.94          27.607         0.44104         0.64588         0.51068         0.66893          1.4319               0          1.5855         0.29215          1.5328         0.24588          2.3613          1.1937               
         D          4          C          70.949           4.593          81.622          147.51          22.069         0.40929         0.62618         0.48152         0.65308          1.4221               0          1.5631           0.368          1.4873         0.29723          2.5931          1.0233               
         D          5          A          68.912          5.3246          78.222          126.79          32.059         0.31534         0.58157         0.36513          0.6111          1.4095               0          1.6204         0.35068          1.5459         0.25063           2.789          1.2408               
         D          6          G          76.427          7.3019          86.324           166.2          12.394         0.30255         0.57414         0.34793         0.60273          1.4234               0          1.6146         0.29157          1.5541          0.2226          2.5322          1.2408               
         D          7          C          74.414          4.0509          85.731          158.63          20.648         0.33855         0.58741         0.39829         0.61818           1.423               0          1.5759         0.29268          1.5175         0.22118          2.4733           1.217               
         D          8          A          83.747          2.9459          95.577          162.96          33.307         0.31892         0.58817         0.36927         0.61804          1.4276               0          1.6184         0.29521          1.5756         0.25328          2.4164           1.217               
         D          9          U          71.716          2.5433          83.026          136.78          23.481         0.40571         0.62176         0.47731         0.64856          1.4341               0          1.7369          0.3682          1.6918         0.35977          2.4164          1.0633               
         D         10          U           81.26          4.9785          93.732          151.15          29.449         0.28324         0.56654         0.33322         0.60079          1.4401               0          1.7082          0.4232          1.6067         0.30546          3.0076          1.1265               
         D         11          A          79.119          3.4675          90.195          151.63          32.945         0.19291         0.48547         0.22336         0.51584          1.4212               0          1.7692         0.31404          1.7152         0.26151          2.6561          1.2901               
         D         12          U          71.449          3.2908          82.593          135.62           23.88         0.34305         0.59544         0.40358         0.62665          1.4237               0          1.6706         0.36929          1.5867         0.27258           2.789          1.1484               
         D         13          G          83.448          3.9743          94.825          170.31          21.491         0.30525         0.57929         0.35104         0.60814          1.4329               0          1.6757         0.32977          1.6176         0.27889          2.5931          1.2652               
         D         14          C           76.74          7.2761          87.913          156.97          25.518         0.27312          0.5472         0.32131         0.58033          1.4209               0          1.7034         0.35563          1.6145         0.25652           2.789          1.2901               
         D         15          U          81.932          3.3314          94.783          153.73          28.707         0.28228         0.56462         0.33209         0.59875          1.4297               0          1.6746         0.27138          1.6192          0.2099          2.4733          1.3415               
         D         16          G          83.472          3.2335          94.959          172.82          19.739         0.30424         0.57733         0.34987         0.60609          1.4233               0          1.6975         0.25801          1.6492         0.19524          2.5322          1.3155               
         D         17          U          69.202          3.3403           79.97          139.04          17.429         0.40533           0.621         0.47686         0.64775          1.4305               0           1.636         0.29024          1.5901         0.25145          2.3613          1.1937               
         D         18          C          69.559           3.737          80.146          145.59          21.017         0.34843         0.60377         0.40991         0.63534          1.4266               0          1.6605         0.35768          1.5961         0.29402          2.6561           1.217               
         D         19          U          78.207          5.1812          90.147          151.55          23.837         0.27263          0.5464         0.32074         0.57949           1.422               0          1.8223         0.34001          1.7731         0.31358          2.5931          1.2652               
         D         20          U          85.001          3.7184          98.291          154.82          33.247         0.21126         0.50293         0.24854         0.53694          1.4221               0          2.2022         0.38464          2.1387         0.35713          3.0076          1.6718               
         D         21          U          133.38          3.2975          154.65          217.03          71.362               0               0               0               0               0               0          3.9208         0.74301          4.0884         0.65832          5.3151          2.5931               
         A          1        MET          80.634          231.29          47.039          225.19           55.52               0               0               0               0               0               0          2.2943         0.65251          1.6993          0.3066           3.253          1.2652               
         A          2        ASP          59.143          39.365          65.768          51.837          73.069         0.48886         0.87313               0               0          2.3815               0          2.4814         0.40498          2.7084         0.27952           3.168          1.6718               
         A          3        PRO          77.075          36.856          90.191          14.916          88.623         0.21078          0.5163               0               0          1.4754               0          2.3691         0.60298          2.9701         0.22452           3.168          1.4232               
         A          4        ASN          74.124          6.5982          95.646          74.698          72.672         0.18384         0.48641               0               0          1.4708               0          2.2475          0.7434          2.8961         0.39146          3.5304          1.1937               
         A          5        THR          43.973          24.448           50.48          34.899          50.317         0.17679         0.43306               0               0          1.2376               0          1.0847         0.32963          1.2125         0.31287          1.6379         0.62811               
         A          6        VAL          18.083               0          22.884               0          21.879          1.0522         0.96323               0               0          2.2522               0         0.69767         0.19999         0.81278         0.13973         0.96601          0.3445               
         A          7        SER          32.184          2.7002          48.368          15.024          52.405         0.20637         0.46146               0               0          1.2382               0         0.73795         0.20645          0.9936         0.13291          1.1265           0.478               
         A          8        SER          47.988          14.901           66.15          42.801          54.101         0.20617         0.46101               0               0           1.237               0         0.83284         0.30772          1.2294         0.16602          1.3954         0.48855               
         A          9        PHE        0.078485               0        0.094284               0        0.090549          2.4397          1.0617          2.4684           1.241          3.7582               0         0.17655        0.092181         0.13923        0.040156         0.42738         0.10263               
         A         10        GLN          20.151               0          25.124          31.076         0.10274          1.7515          1.4676         0.55715         0.68891          3.7132               0         0.25918         0.12794         0.33994         0.11981         0.46759         0.13878               
         A         11        VAL          25.465               0          32.225               0           30.81          1.3062          1.1814               0               0          2.7361               0          0.3723         0.11551         0.48361        0.093251         0.61548         0.26302               
         A         12        ASP            38.5          9.3267          48.273          44.947           26.21         0.33821         0.58871               0               0          1.4699               0         0.45493         0.28515         0.69381         0.21269          0.9119         0.14504               
         A         13        CYS         0.45923          1.6714               0          2.1172        0.022677          1.1668         0.96213          2.1517         0.63066          2.7824               0        0.044541         0.02909        0.011734       0.0098227         0.07978       0.0019112               
         A         14        PHE          13.672               0          16.424               0          15.773          1.5089           1.267         0.75908         0.94229          3.3374               0         0.33711          0.1488         0.40697         0.12912         0.55521          0.1085               
         A         15        LEU          43.299          1.1802          52.779          1.3894          51.052         0.84317         0.90509         0.37708         0.65312          2.4674               0         0.55499         0.19124         0.72565          0.1105         0.89452         0.32737               
         A         16        TRP          14.529        0.049216          16.796        0.029685          18.725          1.0425          1.1421         0.73078         0.93307          3.3336               0         0.21864        0.069675         0.20384        0.076858          0.3445        0.091087               
         A         17        HIS          33.405               0          41.372           39.09          29.412          1.0567          1.1277         0.22585         0.50501          2.7581               0         0.56159         0.22585         0.65917         0.20771          0.9119         0.23312               
         A         18        VAL          40.035          4.9154          49.358               0          48.439         0.77243         0.93533               0               0          2.4096               0         0.64777         0.16339          0.7641         0.18334          1.0233           0.478               
         A         19        ARG          24.601               0          29.224          17.204          37.176          1.2602          1.4892         0.21847         0.53515          3.8584               0         0.37769        0.059975         0.36438        0.056783         0.49926         0.31068               
         A         20        LYS          41.107               0          50.207          53.843          33.625          1.5707          1.5146         0.31092         0.62184          3.8898               0         0.68791         0.29549         0.86866         0.27988          1.2652          0.3445               
         A         21        ARG          61.682          2.8888          72.731          70.057          47.446           0.363         0.79568               0               0          2.4664               0          1.4066         0.62713          1.7284         0.57063          2.6561         0.68063               
         A         22        VAL          32.299          4.3071           39.73               0          39.079         0.97422         0.90121         0.51063         0.72214          2.4162               0         0.79636        0.087767         0.80397        0.063608         0.94764         0.66718               
         A         23        ALA          12.435          18.901          8.0527          22.479          8.3203         0.29209         0.58419               0               0          1.4605               0         0.71825         0.24913         0.40809               0           1.084         0.40809               
         A         24        ASP          60.077           81.18          53.008          59.019          62.093          0.1671         0.44211               0               0          1.3368               0          1.3383         0.26519          1.2628        0.094579          1.8548          0.9119               
         A         25        GLN          75.142          62.459          78.267          92.772          42.787         0.14777         0.41796               0               0          1.3299               0          2.0887         0.36774           2.197         0.34935          2.5931          1.5414               
         A         26        GLU          91.516          82.836          93.808          94.866           86.74         0.14818         0.41912               0               0          1.3336               0          2.2772         0.41138          2.6205        0.095953           2.789          1.6379               
         A         27        LEU          74.885          99.243          69.403          94.791          71.209         0.16642          0.4403               0               0          1.3314               0          1.7147         0.46464          2.0505         0.44385          2.7214           1.217               
         A         28        GLY          29.265          29.265               0          54.873          6.4804               0               0               0               0               0               0          1.0247         0.15318               0               0          1.2652         0.84423               
         A         29        ASP           61.02          29.522          71.571          43.986           93.49         0.15566         0.41184               0               0          1.2453               0          1.7125          0.4446          2.0834         0.29845          2.4733          1.1484               
         A         30        ALA          65.391          20.525          95.797          22.553          82.955         0.24709         0.49418               0               0          1.2354               0          1.9968         0.42386           2.789               0           2.789          1.5108               
         A         31        PRO          50.753          3.6012          66.131          1.1083          59.977         0.38587         0.61325               0               0          1.4664               0          1.9272         0.48856           2.369         0.16378          2.5931          1.1484               
         A         32        PHE          23.028         0.88536          27.485          1.1136          26.396         0.58296         0.80606         0.19906          0.4876          2.2535               0         0.66041         0.26938         0.56415         0.20114          1.2652         0.31068               
         A         33        LEU          44.517          17.033          50.703          15.722          49.845         0.66194         0.87981         0.37936         0.65706          2.2484               0         0.66316         0.14564         0.69277         0.17863         0.94764         0.44721               
         A         34        ASP          66.914           23.77          81.367          69.146           62.66         0.16697         0.44176               0               0          1.3358               0          1.1993         0.38992          1.5429         0.24872          1.8944         0.75124               
         A         35        ARG          53.477           2.583          63.041          44.395          68.916          0.4753         0.81276               0               0          2.3871               0          1.0662         0.42616          1.3364         0.27707          1.7065         0.46759               
         A         36        LEU           7.896         0.32375          9.6004               0          9.3568         0.84108         0.89688          0.3862         0.66892          2.4151               0         0.31705        0.039768         0.28268        0.017057         0.38012         0.25541               
         A         37        ARG          70.328          10.208          81.625          76.867          59.211         0.32713         0.72141               0               0          2.2616               0          1.8688           1.453          2.5724          1.3955          4.7888         0.45733               
         A         38        ARG           73.89          11.765          85.565          78.687          65.736         0.11352         0.35899               0               0          1.2487               0          1.7503          1.0688          2.3002         0.97988          3.8465         0.73665               
         A         39        ASP          27.333               0           36.49          29.112          23.943          1.1247          1.1691               0               0          2.7683               0         0.49564         0.12477         0.51776         0.14493         0.75124         0.35323               
         A         40        GLN          33.142          2.5953           40.68          45.173          11.062         0.76704         0.89622         0.30356         0.60712          2.4004               0         0.72461         0.24525         0.89733         0.19041          1.1265         0.40809               
         A         41        LYS           58.83          32.941          64.561          49.521          64.299         0.16302          0.4611               0               0          1.4672               0          1.2662         0.44233          1.5826         0.35284          2.1104         0.78118               
         A         42        SER          44.528          34.659          49.945          35.182           55.54          0.2061         0.46086               0               0          1.2366               0         0.75523         0.10675         0.87883        0.050779         0.92961         0.60306               
         A         43        LEU          3.6826               0          4.5115               0           4.364          1.1193          1.1639               0               0          2.7548               0         0.26907         0.12159         0.15466        0.043317         0.44721         0.07978               
         A         44        ARG           62.12          15.376          70.904          65.948          55.612         0.13343         0.42196               0               0          1.4678               0          1.2027         0.51825          1.4724         0.45492          2.1104         0.51013               
         A         45        GLY          50.439          50.439               0           4.813          91.012               0               0               0               0               0               0          1.1802        0.089874               0               0          1.2901          1.0431               
         A         46        ARG          34.182          11.495          38.445          24.718          50.272         0.35656         0.77908               0               0          2.3989               0         0.68765         0.11029         0.62352        0.065932          0.9119         0.53233               
         A         47        GLY          3.4372          3.4372               0        0.027426          6.4694         0.36763         0.63676               0               0          1.4705               0         0.78843         0.18349               0               0          1.0233         0.60306               
         A         48        SER          79.469           70.17          84.573          78.927          80.106               0               0               0               0               0               0           1.637         0.31148          1.6574        0.084632          2.1575          1.1265               
         A         49        THR           85.99          102.72          80.417          87.701          84.794         0.17695         0.43344               0               0          1.2387               0          2.0238           0.216          2.1057         0.17861          2.2562          1.6379               
         A         50        LEU           18.98          30.239          16.446          22.805          18.274          0.3749         0.64957         0.38355         0.66433          1.5342               0          1.0425         0.43375         0.64435           0.185           1.605         0.35323               
         A         51        GLY           83.43           83.43               0          77.143          89.003               0               0               0               0               0               0           1.808         0.17393               0               0          2.0203           1.605               
         A         52        LEU          37.756          56.179          33.609          46.291           36.18         0.35671         0.61981         0.38136         0.66054          1.5255               0         0.80205         0.19311         0.72036          0.2002          1.1265         0.46759               
         A         53        ASP          56.245          28.765          65.451          52.171          64.013         0.15381         0.40695               0               0          1.2305               0          1.2408         0.57423           1.746         0.34469          2.3079          0.5669               
         A         54        ILE          20.994          10.725          23.234          12.801          22.441         0.82578          1.1147               0               0          2.7148               0         0.32485        0.090924         0.26217        0.036733         0.52115          0.2187               
         A         55        GLU          69.842           9.402          85.762          52.555          94.484         0.29998         0.56388               0               0          1.4661               0          1.1558           0.365          1.3438           0.383          1.7421         0.72229               
         A         56        THR          58.099          3.9238          76.153          38.651          71.696         0.38556         0.61276               0               0          1.4655               0          1.1827         0.33984          1.5207         0.16024          1.7421         0.69429               
         A         57        ALA          4.5443          6.5605          3.1779            1.23          5.9031          0.7823         0.99585               0               0          2.3851               0         0.29374         0.14158         0.20461               0          0.5669         0.18408               
         A         58        THR           15.14               0          20.186          3.1881          23.496          1.3145          1.1897               0               0          2.7778               0         0.26544        0.041201         0.30058        0.032129         0.32737         0.20461               
         A         59        ARG          76.437          25.037          86.096          76.475          76.373         0.13306         0.42078               0               0          1.4637               0          1.6127          1.0401           2.193         0.87802           3.253           0.478               
         A         60        ALA          26.176          16.142          32.976          4.3702          35.115         0.24688         0.49375               0               0          1.2344               0          0.4551        0.051893         0.48855               0         0.53233         0.39864               
         A         61        GLY               0               0               0               0               0           2.831         0.37864               0               0          3.2826          2.2536         0.28677        0.021623               0               0         0.31068         0.25541               
         A         62        LYS          49.683               0          60.681            56.7           45.56         0.84091         0.99182               0               0          2.4553               0         0.93424         0.53664          1.2495         0.52745          2.0647         0.37104               
         A         63        GLN          69.298          8.1949          84.377          73.154          62.223               0               0               0               0               0               0          1.3054         0.53539          1.6896         0.42014          2.3613         0.68063               
         A         64        ILE          29.061          6.3797          34.011               0          34.196         0.84708         0.89465         0.38172         0.66116          2.3861               0          0.6377         0.12592          0.5384        0.069446         0.87746         0.42738               
         A         65        VAL          13.729               0          17.374               0          16.611           1.662          1.1081         0.50943         0.72045          2.7417               0         0.81342         0.23791         0.70474         0.20753          1.2408         0.48855               
         A         66        GLU          55.924          31.532          62.351           48.87          65.981          0.1634         0.46216               0               0          1.4706               0          1.3197           0.221          1.3725         0.19328          1.7065         0.92961               
         A         67        ARG          78.761          57.791          82.702          82.493          72.418         0.11172         0.35329               0               0          1.2289               0          2.1274         0.56082          2.3723         0.53747           3.168          1.3155               
         A         68        ILE          69.894           102.1          62.856          93.687          65.689         0.36946         0.63998         0.37345         0.64684          1.4938               0          2.0304         0.37429          1.8392         0.19982           2.789          1.6379               
         A         69        LEU          78.748          97.059          74.627          99.533           74.91         0.35579         0.61794         0.37873         0.65598          1.5149               0          2.4506         0.51271          2.2204         0.36335          3.5304          1.8162               
         A         70        LYS          111.13          186.18          94.517          99.756          117.81               0               0               0               0               0               0          3.8945          1.1831          4.3885          1.3214          6.4428          2.5931               
         B          1        MET          82.665          222.07          51.578          230.12          57.047               0               0               0               0               0               0          2.3068         0.63305          1.7229         0.25609           3.253          1.3415               
         B          2        ASP          60.331          41.075          66.782          53.761          72.855         0.49184         0.87906               0               0          2.4011               0          2.5116         0.40928          2.7689         0.23629           3.168          1.6718               
         B          3        PRO          76.103          37.119          88.817          14.922          87.469         0.20962         0.51346               0               0          1.4673               0          2.3786         0.59142          2.9701         0.22452           3.168          1.4517               
         B          4        ASN          74.032          6.2976          95.622          74.371          73.176         0.18363         0.48585               0               0          1.4691               0          2.2475          0.7434          2.8961         0.39146          3.5304          1.1937               
         B          5        THR          43.098          22.855          49.844          33.867          49.551         0.17694         0.43341               0               0          1.2386               0          1.0817         0.32953          1.2055         0.31543          1.6379         0.62811               
         B          6        VAL          16.973               0          21.479               0          20.536          1.0536         0.96442               0               0          2.2517               0         0.70075         0.20506         0.82764         0.13555         0.98474          0.3445               
         B          7        SER          32.366          3.2217          48.364          12.882          55.326         0.20659         0.46196               0               0          1.2396               0         0.74191         0.21516          1.0129         0.13549          1.1484         0.48855               
         B          8        SER          48.219          16.414          65.677          43.534           53.74         0.20627         0.46123               0               0          1.2376               0         0.82094         0.30018          1.2056         0.16252          1.3682         0.48855               
         B          9        PHE        0.095556               0         0.11479               0         0.11024          2.4428          1.0558          2.4626          1.2303          3.7104               0         0.17587        0.091646         0.13994        0.037157         0.42738         0.10263               
         B         10        GLN          19.894               0          24.803          30.685        0.091112          1.7591          1.4784         0.55459         0.68642          3.7459               0         0.25891          0.1266         0.33814         0.11941         0.46759         0.13878               
         B         11        VAL          24.618               0          31.154               0          29.786          1.3109          1.1858               0               0          2.7443               0         0.36935         0.10389           0.469        0.086139         0.59082         0.27072               
         B         12        ASP          38.436          9.2733          48.205          45.018          25.888         0.33732         0.58712               0               0          1.4652               0         0.45965         0.28627         0.69608         0.22083         0.92961         0.15137               
         B         13        CYS         0.31454          1.1448               0          1.5033       0.0015374          1.1649         0.95947          2.1463         0.62793          2.7742               0         0.04117        0.030942       0.0092422       0.0073311        0.085404       0.0019112               
         B         14        PHE          13.964               0          16.775               0           16.11          1.4074          1.1465         0.76219         0.94532          2.7821               0         0.34587         0.16162         0.42468         0.13867         0.62811         0.10263               
         B         15        LEU          42.618         0.81426          52.028         0.95281          50.327           0.523         0.67894         0.37433         0.64836          1.4973               0         0.55184          0.1765         0.71288         0.09144         0.86069          0.3445               
         B         16        TRP          11.429        0.091357          13.205        0.055102          14.722         0.88231          1.1201         0.50325         0.79844          3.3199               0          0.2101        0.064921         0.19558        0.070528         0.32737        0.096829               
         B         17        HIS          32.937               0          40.792          50.001          20.949          1.0573          1.1286         0.22599         0.50533           2.766               0         0.55276         0.22588         0.64961         0.21061          0.9119         0.22587               
         B         18        VAL          40.457          4.6652          49.959               0           48.95         0.77248         0.93437               0               0          2.4024               0          0.6759         0.18759         0.81313          0.2064           1.105           0.478               
         B         19        ARG          24.791               0           29.45          17.536          37.124          1.2315          1.4429         0.21831         0.53475          3.7514               0         0.38421        0.058821         0.37355        0.059803         0.48855         0.31897               
         B         20        LYS          44.811               0          54.731          63.664          33.734           1.472          1.4309         0.30928         0.61857          3.8942               0         0.75761         0.41714         0.99461         0.42684          1.6718         0.35323               
         B         21        ARG           56.62          2.7244          66.748          56.946          56.066         0.13354         0.42228               0               0          1.4689               0          1.3461         0.57507          1.6384         0.52722          2.4164         0.68063               
         B         22        VAL          31.859          5.0728           38.97       0.0027017          38.546         0.78019         0.94111          0.5046         0.71361          2.4082               0         0.82678         0.10189          0.8363        0.073051          1.0038         0.68063               
         B         23        ALA          14.453          18.911          11.432          22.686          11.081         0.29639         0.59279               0               0           1.482               0         0.71365         0.24224         0.40809               0           1.084         0.40809               
         B         24        ASP          54.303          69.966          49.055          52.242           58.23         0.32199         0.55822               0               0          1.3354               0          1.3222         0.26375          1.2386        0.093802          1.8162          0.9119               
         B         25        GLN          69.323          54.643          72.942          80.283          49.212         0.16347         0.46235               0               0          1.4712               0          2.1263         0.40179           2.257          0.3994          2.7214          1.5414               
         B         26        GLU          89.786          75.491          93.557          91.696          87.065         0.14814         0.41899               0               0          1.3332               0          2.2935         0.41438          2.6361         0.14055           2.789          1.7065               
         B         27        LEU          74.019          101.56           67.82           96.64           69.84         0.35611         0.61849         0.37895         0.65635          1.5158               0          1.7158         0.45557          2.0394         0.44391          2.7214          1.2408               
         B         28        GLY          29.415          29.415               0          54.232          7.3338               0               0               0               0               0               0          1.0201         0.15513               0               0          1.2652         0.84423               
         B         29        ASP           60.79          29.371          71.316          43.344          94.046         0.15538          0.4111               0               0          1.2431               0          1.7358         0.45055          2.1237         0.27322          2.4733          1.1265               
         B         30        ALA           65.04          20.306          95.356          22.745          82.381         0.24725         0.49451               0               0          1.2363               0          1.9894         0.39155          2.7214               0          2.7214          1.5414               
         B         31        PRO          50.799          6.1468          65.361         0.81155          60.086         0.38422         0.61104               0               0          1.4675               0          1.9272         0.48856           2.369         0.16378          2.5931          1.1484               
         B         32        PHE          23.117         0.85001          27.599          1.0691          26.506         0.71026         0.81295         0.39942         0.63153          2.2358               0         0.66498         0.26309         0.56981         0.19183          1.2652         0.32737               
         B         33        LEU          44.197          17.816          50.135          16.348          49.351         0.37531         0.65021         0.38242         0.66237          1.5297               0         0.69303         0.14506          0.7244         0.18146         0.96601         0.45733               
         B         34        ASP          62.325          29.167          73.432          61.978          62.984         0.16685         0.44144               0               0          1.3348               0          1.2032         0.39374           1.551         0.25008          1.8944         0.78118               
         B         35        ARG          53.474          2.5301          63.048          44.591          68.576         0.47628         0.81492               0               0          2.3958               0          1.0686         0.42543          1.3368         0.28078          1.7421           0.478               
         B         36        LEU          11.053         0.28029          13.478               0          13.098         0.83838         0.89504         0.38399         0.66509          2.4149               0         0.32067        0.047746         0.28279        0.020938         0.41767         0.24789               
         B         37        ARG          67.085          10.535          77.712          65.862          69.164         0.11219         0.35477               0               0          1.2341               0          1.8995          1.4279          2.6065          1.3487          4.6324         0.45733               
         B         38        ARG          72.983          8.9542          85.015          78.308          63.932         0.11256         0.35594               0               0          1.2381               0          1.7115          1.0122          2.2393         0.91697          3.6311         0.73665               
         B         39        ASP          26.675               0          35.611          28.185          23.797          1.1177          1.1591               0               0          2.7239               0         0.49752         0.12018         0.52752         0.13861         0.75124         0.37104               
         B         40        GLN          30.293          3.2472          36.967          42.151          8.5317         0.59862         0.88243               0               0          2.4044               0         0.71961         0.23608         0.88832         0.17717          1.0633         0.40809               
         B         41        LYS          58.564          35.169          63.743          46.687          65.542         0.16314         0.46144               0               0          1.4683               0          1.2716         0.46024          1.5957         0.37749          2.1104         0.78118               
         B         42        SER          43.566          33.009          49.361          32.734           56.33         0.20587         0.46033               0               0          1.2352               0         0.75509         0.10587         0.87883        0.050779         0.92961         0.61548               
         B         43        LEU          3.4617               0          4.2409               0          4.1022            1.12          1.1646               0               0          2.7574               0         0.27722         0.11995         0.16398        0.039154         0.44721        0.096829               
         B         44        ARG          61.623          15.614          70.269          63.236          58.881         0.13286         0.42015               0               0          1.4615               0          1.1771         0.45814           1.429         0.37233          1.9771         0.48855               
         B         45        GLY          49.391          49.391               0          5.1772          88.708               0               0               0               0               0               0          1.1802        0.089874               0               0          1.2901          1.0431               
         B         46        ARG          34.417          11.396          38.743          24.902          50.593         0.11264         0.35619               0               0           1.239               0         0.69227         0.11658         0.62458        0.078423          0.9119         0.52115               
         B         47        GLY          3.3695          3.3695               0        0.093882          6.2824         0.36804         0.63747               0               0          1.4722               0         0.79531         0.18134               0               0          1.0431         0.61548               
         B         48        SER          78.932          71.258          83.144          79.082          78.754               0               0               0               0               0               0          1.6286         0.29596          1.6557        0.050746          2.1104          1.1265               
         B         49        THR           82.28          103.87          75.086           80.38          83.609          0.1766         0.43257               0               0          1.2362               0          2.0238           0.216          2.1057         0.17861          2.2562          1.6379               
         B         50        LEU          21.142          37.101           17.55          24.724          20.481         0.37467         0.64914         0.38273         0.66291          1.5309               0          1.0393         0.42646         0.64588         0.17805          1.5728         0.36208               
         B         51        GLY          83.104          83.104               0          77.454           88.11               0               0               0               0               0               0           1.797         0.15979               0               0          1.9771          1.6379               
         B         52        LEU          35.424              58          30.342          50.115          32.709         0.35774         0.62169         0.38307         0.66349          1.5323               0         0.80923         0.20468         0.70316         0.21331          1.1265         0.43722               
         B         53        ASP           51.16          22.248          60.846           45.15          62.617         0.15341         0.40589               0               0          1.2273               0           1.326         0.60725          1.8606          0.3742          2.4733         0.62811               
         B         54        ILE          23.414          10.273          26.282          12.261          25.385         0.82742          1.1164               0               0          2.7091               0         0.33797         0.10943         0.25939        0.051342          0.5669         0.20461               
         B         55        GLU           75.81          19.842          90.553           67.29          87.956         0.16258         0.45984               0               0          1.4632               0          1.1562         0.32332          1.3458         0.31014          1.7065         0.75124               
         B         56        THR          62.541          26.231          74.641          26.177          87.963         0.18937         0.46386               0               0          1.3256               0          1.1432          0.3284          1.4173         0.27718          1.7786         0.72229               
         B         57        ALA          4.7696          7.5693          2.8722         0.29259          6.6049         0.78141         0.99468               0               0          2.3821               0         0.30574         0.14727          0.2187               0         0.59082         0.19084               
         B         58        THR          14.534               0          19.377           3.545          22.217           1.312          1.1857               0               0          2.7578               0         0.26271        0.031592         0.28952        0.024354         0.31068         0.21161               
         B         59        ARG          83.876          22.374          95.433          87.835          77.144         0.13271         0.41967               0               0          1.4598               0          1.7856          1.3156          2.4698          1.1955          4.0829         0.46759               
         B         60        ALA          25.759           13.88          33.809          3.1938          35.009         0.24731         0.49462               0               0          1.2365               0          0.4531        0.052276         0.48855               0         0.53233         0.38932               
         B         61        GLY               0               0               0               0               0          2.8212          0.3795               0               0          3.3017           2.256          0.2886        0.016163               0               0         0.30248         0.26302               
         B         62        LYS          50.283               0          61.414          65.977          41.062         0.84136           0.992               0               0          2.4537               0         0.97082         0.58892          1.3106         0.58951          2.2061         0.37104               
         B         63        GLN          70.689          10.537          85.532          75.321          62.189         0.13839         0.39143               0               0          1.2455               0          1.2912         0.52255          1.6552         0.43293          2.3613         0.70818               
         B         64        ILE          28.325          4.1834          33.594               0           33.33         0.86221          0.9037         0.38272         0.66289          2.3857               0         0.63427         0.12459         0.54157        0.073808         0.87746         0.43722               
         B         65        VAL          16.399         0.69646          20.567               0          19.841         0.99242         0.90933         0.50793         0.71832          2.4158               0         0.83608         0.24072         0.72433         0.21262          1.2652         0.48855               
         B         66        GLU          56.956          34.413          62.896          52.097          63.883           0.163         0.46103               0               0           1.467               0          1.3383         0.19747          1.3877         0.14703          1.6379         0.96601               
         B         67        ARG          79.098          52.483            84.1          87.162          65.389         0.11166         0.35311               0               0          1.2283               0          2.2036         0.70686          2.5029         0.70788          3.8465          1.3155               
         B         68        ILE          70.154          85.118          66.882          86.975          67.182         0.33706         0.58668               0               0          1.4643               0          2.0437         0.33458           1.913         0.15656          2.7214          1.6379               
         B         69        LEU          79.231          99.781          74.605          97.341          75.887         0.37134         0.64337         0.37929         0.65694          1.5171               0           2.499         0.50937           2.243         0.35451          3.5304          1.8548               
         B         70        LYS          87.529          184.13          66.145          40.826          114.97               0               0               0               0               0               0          3.5688         0.88042          3.9146          1.0408          5.5124          2.5931               
