pdb_id: 3EQT
analysis type: unbound
radii_file: E:\PBR\111aPRBind-master\aPRBind program\Source code\Feature extraction\CX&DPX\amac_data\chothia.radii
ASA_zSice: 0.25
ASA_rSolvent: 1.4
rasa_file: E:\PBR\111aPRBind-master\aPRBind program\Source code\Feature extraction\CX&DPX\amac_data\natural_asa.asa
CX_sRadius: 10
CX_vAtom: 20.1

  chain id|    res id|  res name|     total RASA|    b-bone RASA|   s-chain RASA|     polar RASA|   n-polar RASA|    average DPX|      s_avg DPX|   s-ch avg DPX| s-ch s_avg DPX|        max DPX|        min DPX|     average CX|       s_avg CX|    s-ch avg CX|  s-ch s_avg CX|         max CX|         min CX|               
         A        546        GLN          95.784          195.25          71.223          121.46          48.664               0               0               0               0               0               0          1.8246         0.36347          2.0619          0.2139          2.3613          1.1484               
         A        547        PHE          16.879          5.3157          19.207          3.5783          18.924         0.51538         0.68359         0.61992         0.71749          1.5521               0         0.76541         0.16122         0.71067         0.17907         0.98474           0.478               
         A        548        PRO            56.5          42.119           61.19          1.9599          66.632         0.51105         0.84519               0               0          2.2523               0          1.1314         0.33214          1.4568         0.19157          1.7065         0.68063               
         A        549        VAL          32.064           20.87          35.036          25.236          33.498         0.38388         0.60988               0               0          1.4551               0         0.48488         0.15647         0.46876         0.18097         0.72229         0.27072               
         A        550        GLU          73.015          60.946          76.198          84.172           57.11               0               0               0               0               0               0           1.963          1.1297          2.7805         0.88868          3.8465         0.82805               
         A        551        HIS           45.09          18.005           51.55          34.873          52.269         0.25685         0.51418               0               0          1.3341               0          1.2134         0.64723          1.6402         0.47016          2.2562         0.35323               
         A        552        VAL         0.76959          3.6684               0          4.4357               0          2.2859          1.2082          3.3763         0.31714          3.7011               0         0.17908        0.087446         0.11407        0.062834          0.3445        0.031671               
         A        553        GLN          32.834               0          40.937          31.557          35.177          1.0684          1.2688               0               0          3.3285               0         0.42762         0.23752         0.62343         0.10779         0.68063        0.096829               
         A        554        LEU               0               0               0               0               0          3.7014         0.57369           4.144         0.38656          4.7732          2.7774        0.083236        0.066454        0.027592        0.027657         0.19084               0               
         A        555        LEU          4.1392               0          5.0709               0           4.905          2.4064          1.6491         0.99847          1.0593          4.5797               0         0.24063         0.13424         0.36369        0.047018         0.42738        0.052513               
         A        556        CYS               0               0               0               0               0          3.7952         0.58367          4.0308         0.13444          4.4668          2.9608         0.19349        0.068039         0.20819        0.010506         0.31897        0.096829               
         A        557        ILE          29.992          35.879          28.705          42.815          27.726         0.69138         0.93546         0.37899         0.65644          2.4904               0          0.4555         0.16651         0.44487        0.084669         0.79653         0.20461               
         A        558        ASN          57.534          64.944          55.172          73.933          16.095         0.31785         0.55108               0               0          1.3206               0          1.1021         0.41667          1.3425         0.39923          1.8944         0.52115               
         A        559        CYS          28.427          68.792          13.135          59.931           20.13         0.54952         0.78342         0.90998         0.90998            1.82               0         0.90541         0.19343         0.78156         0.16608          1.2408         0.61548               
         A        560        MET          51.818          30.604          56.548          33.774          54.953         0.35594         0.61832               0               0          1.5186               0          1.0719          0.4752          1.3909         0.49517          2.2061         0.70818               
         A        561        VAL          38.066          22.507          42.197               0          46.057         0.70367         0.86258               0               0          2.2674               0         0.67101         0.20361         0.78892         0.21747          1.0233         0.36208               
         A        562        ALA          62.813          39.703          78.475          52.057          67.229         0.29338         0.58675               0               0          1.4669               0         0.65097         0.14638         0.89452               0         0.89452         0.45733               
         A        563        VAL          4.1059          17.211         0.62673          9.1548          3.0461         0.76445         0.94385          1.3412          1.0276          2.4963               0         0.18532        0.076278         0.10826        0.043162          0.2864        0.047224               
         A        564        GLY          12.504          12.504               0          9.0432          15.579         0.31242         0.54112               0               0          1.2497               0         0.22355        0.038816               0               0         0.25541         0.15776               
         A        565        HIS          51.766               0          64.111          52.181          51.474         0.93626          1.1969               0               0           3.044               0         0.55462         0.29848         0.76762         0.18266          1.0038         0.18408               
         A        566        GLY          1.6482          1.6482               0          3.5008               0          1.5759          1.0643               0               0          2.6965               0         0.17191        0.036196               0               0         0.21161         0.11443               
         A        567        SER          43.041           28.91          50.798          39.731          46.942               0               0               0               0               0               0         0.51394         0.11887         0.62475        0.069542         0.69429         0.35323               
         A        568        ASP          14.952               0          19.961          22.295         0.95582          1.5138          1.3686         0.37612         0.65145          3.4772               0          0.3962          0.1641         0.53206        0.092184         0.68063          0.1326               
         A        569        LEU         0.16849         0.91707               0          1.0796               0          2.6686          1.3827          3.7701         0.52975          4.5977               0        0.097545        0.099452        0.023249        0.039174         0.30248               0               
         A        570        ARG          18.388               0          21.843          26.101          5.2764          1.3149          1.5946         0.21889         0.53618           4.306               0         0.26501         0.13978         0.34651         0.10568         0.52115        0.068705               
         A        571        LYS          27.015          4.5499          31.988          59.553           7.897           1.168          1.1401         0.81635           1.051           2.807               0         0.51229         0.21868         0.63397         0.22337         0.98474         0.31068               
         A        572        VAL          2.6629          6.2161          1.7196               0          3.2219         0.94204         0.86256         0.50676         0.71667          2.2801               0         0.38589         0.21794         0.18466        0.090494         0.70818        0.057855               
         A        573        GLU          70.015          117.37          57.551          61.817          81.701               0               0               0               0               0               0          1.1499          0.3085          1.0273        0.091027          1.8944         0.79653               
         A        574        GLY          53.728          53.728               0          67.597          41.379               0               0               0               0               0               0          1.1782        0.059919               0               0          1.2408           1.084               
         A        575        THR          64.414          44.194          71.152          20.015          95.453         0.19064         0.46696               0               0          1.3345               0          1.1805         0.49673          1.6855         0.26841          2.0647         0.53233               
         A        576        HIS          33.383          15.342          37.685          26.295          38.363         0.78639         0.82351         0.71398         0.71586          2.2505               0         0.52061         0.17849         0.61846          0.1059         0.75124          0.2187               
         A        577        HIS          3.7647          1.9015           4.209          3.4115          4.0128          1.4103          1.0414          1.2266         0.95947          2.8652               0         0.14333        0.062134         0.15621        0.066322         0.24046        0.074214               
         A        578        VAL               0               0               0               0               0          4.1244         0.48182           4.135         0.45992          4.7265          3.4213        0.030043        0.020363       0.0088629        0.012534        0.052513               0               
         A        579        ASN          1.5477          4.9781         0.45432          2.1602               0          1.5496          1.0261          1.5026         0.96187          2.7814               0        0.080783        0.053709        0.078769        0.043995         0.15137               0               
         A        580        VAL          9.6985           26.83          5.1504          18.047          7.9459         0.42356         0.66977         0.49997         0.70706          1.4999               0          0.2208        0.087952         0.16643        0.049939         0.38012        0.096829               
         A        581        ASN          31.411          23.223           34.02          34.544          23.491         0.16599         0.43917               0               0          1.3279               0          0.5457         0.19317         0.69165         0.16554         0.84423          0.2864               
         A        582        PRO          73.183          59.666          77.592           27.35          81.698         0.19215         0.47067               0               0           1.345               0           1.072         0.17117          1.2286        0.089752          1.3155         0.78118               
         A        583        ASN          51.451          12.329          63.921          45.197          67.256         0.15364         0.40649               0               0          1.2291               0          1.2351         0.34886          1.5015         0.27888          1.9771         0.79653               
         A        584        PHE          3.5891          11.002          2.0969         0.44976          4.0717          1.2703          1.0585          1.4836           1.056          2.7801               0         0.20811         0.21568        0.069186         0.10081         0.65395               0               
         A        585        SER           52.91          31.299          64.772           43.44          64.069         0.24443         0.54657               0               0          1.4666               0         0.68936         0.17057         0.85515         0.18797          1.0431         0.49926               
         A        586        ASN          47.981          17.848          57.586          52.605          36.296         0.31967         0.55422               0               0          1.3274               0          1.2776         0.43423           1.666         0.26259          1.9352         0.81215               
         A        587        TYR          38.415          5.9482          44.486          56.342          29.789         0.45775         0.64923         0.34926         0.60494          1.4653               0         0.55165          0.3105         0.65409          0.3221          1.3415         0.21161               
         A        588        TYR          12.893          21.406          11.301          33.958          2.7597          1.2118          1.1595           1.085          1.2295          3.3826               0         0.20934         0.15724          0.1124        0.043387         0.60306        0.036804               
         A        589        ASN          50.007          8.2315          63.322          47.966          55.163         0.33645         0.58537               0               0          1.4566               0         0.68774          0.2989         0.95706         0.15917           1.084         0.33588               
         A        590        VAL          44.028          90.182          31.774          103.88          31.464         0.20898          0.5119               0               0          1.4629               0         0.73215         0.20303         0.60132         0.10253          1.1265         0.48855               
         A        591        SER          40.435          43.781          38.599          11.365          74.691               0               0               0               0               0               0          1.0464          0.1424         0.96882        0.074295          1.2652         0.84423               
         A        592        ARG          96.688          116.89          92.891           99.44           92.01         0.11179         0.35352               0               0          1.2297               0          4.6347          2.5966           6.122          2.1192          9.9683          1.7786               
         A        593        ASP          66.876          15.154          84.203          68.279          64.202               0               0               0               0               0               0          2.3413         0.81938          3.0095         0.53959          3.6311          1.1937               
         A        594        PRO          59.888          27.974          70.296          39.094          63.751               0               0               0               0               0               0          1.1838         0.22052          1.2303         0.24686          1.4809         0.89452               
         A        595        VAL          30.758          30.797          30.748          13.057          34.474         0.58327          0.6776         0.50398         0.71274           1.512               0         0.95051         0.14492         0.92484         0.19509          1.1937         0.73665               
         A        596        VAL          85.963          84.022          86.478          90.127          85.088         0.17593         0.43095               0               0          1.2315               0           2.123         0.48561          2.6141         0.28204          3.0076          1.5414               
         A        597        ILE          34.248          70.111          26.414          74.363          27.159               0               0               0               0               0               0          1.2818         0.32951          1.0297         0.26236          1.7786         0.65395               
         A        598        ASN          88.937          84.283          90.421          80.772          109.57               0               0               0               0               0               0          3.5568         0.70463          4.1473         0.40575          4.6324          2.4164               
         A        599        LYS          76.846          55.235           81.63          82.107          73.755               0               0               0               0               0               0          2.8624          1.1168          3.6223         0.92678          4.9542          1.4809               
         A        600        VAL          95.019          100.88          93.463          109.49          91.981         0.17561         0.43015               0               0          1.2293               0          1.9636         0.36278          2.2988         0.29938          2.7214          1.5414               
         A        601        PHE          31.431          38.252          30.058          36.087          30.715         0.25215         0.53489         0.39623          0.6265          1.3899               0          1.1028         0.22419           1.017         0.22532          1.4232         0.75124               
         A        602        LYS          97.457          131.72          89.872          91.773           100.8         0.13677         0.38684               0               0          1.2309               0           2.564           1.228          3.4304          1.0052          4.7888          1.2901               
         A        603        ASP          27.711           25.19          28.555          32.636          18.322               0               0               0               0               0               0          1.1405         0.44371          1.4447         0.39245          2.0203         0.60306               
         A        604        TRP          10.825           31.06          7.6567          11.436          10.649         0.56608         0.78536         0.79251         0.82708          2.2417               0         0.40296         0.12132         0.34313        0.078385         0.62811         0.19769               
         A        605        LYS          64.287          1.4138          78.206           66.23          63.146         0.58478         0.87055               0               0          2.4106               0         0.82991           0.693          1.2147         0.72726          2.5322         0.27072               
         A        606        PRO          20.572          25.297          19.031          39.707          17.017         0.93755         0.87351         0.49689         0.70271          2.3578               0          0.4793        0.079411         0.52531        0.025989         0.59082         0.37104               
         A        607        GLY          5.4976          5.4976               0               0          10.387           1.253         0.80284               0               0          2.2349               0         0.37255        0.045274               0               0         0.42738         0.30248               
         A        608        GLY          4.6792          4.6792               0          9.4602         0.42529         0.98033          1.0298               0               0          2.4068               0         0.39349        0.095599               0               0         0.53233         0.27072               
         A        609        VAL          33.849          3.2726          41.966          3.9572          40.123         0.74023          0.9127               0               0          2.3929               0          0.5632         0.14032         0.70445        0.039806         0.75124         0.32737               
         A        610        ILE               0               0               0               0               0          3.3635         0.55885          3.7877         0.18121          3.9693          2.2487          0.1695        0.071323         0.10389        0.036961         0.25541        0.047224               
         A        611        SER          18.647               0          28.882          25.629          10.419          1.6156          1.2432               0               0          3.2254               0         0.39953         0.15689         0.61636         0.03759         0.65395         0.25541               
         A        612        CYS          3.7077          3.6955          3.7123          4.8715          3.4009          1.3721          1.0894         0.88432         0.88432          2.8303               0          0.2938         0.11903         0.24861        0.029907         0.53233         0.16423               
         A        613        ARG          63.085          57.305          64.171          77.284          38.946         0.34361         0.74545               0               0          2.2562               0           1.318         0.69346          1.5963         0.68276          2.8592         0.35323               
         A        614        ASN          68.485           87.03          62.574          79.273          41.222               0               0               0               0               0               0          1.1928         0.42782          1.3609         0.44469          2.0203         0.68063               
         A        615        CYS          38.928          99.603           15.94          89.154            25.7         0.22236         0.49721               0               0          1.3341               0          1.0744         0.21228         0.95725         0.19117          1.4517         0.76608               
         A        616        GLY          56.663          56.663               0           42.45          69.293               0               0               0               0               0               0         0.94996        0.067486               0               0          1.0431         0.87746               
         A        617        GLU          34.005          13.708          39.352           49.16          12.402         0.73434         0.85291         0.60713         0.74358          2.2385               0         0.67791         0.23177         0.77879         0.23328          1.1265         0.31068               
         A        618        VAL          59.215          31.944          66.455          38.627          63.537         0.38665         0.61462               0               0          1.4718               0         0.73654         0.28088          1.0185         0.17669          1.2652         0.39864               
         A        619        TRP         0.23613          1.7441               0               0         0.30448          3.2243          1.4569          4.0114         0.73288          5.0766               0        0.083441         0.11029        0.015922        0.027741         0.29439               0               
         A        620        GLY          21.838          21.838               0           7.347          34.722               0               0               0               0               0               0         0.32826        0.033972               0               0         0.35323         0.27072               
         A        621        LEU          21.438               0          26.263               0          25.404          1.0839          1.2233               0               0          3.3418               0         0.23898        0.091951         0.32435        0.039706         0.38012         0.12042               
         A        622        GLN           11.15               0          13.901          16.164          1.9479          1.6839          1.3949         0.54448         0.67171          3.6686               0         0.25221        0.099674         0.32348        0.077364         0.43722         0.12647               
         A        623        MET         0.27516               0         0.33652               0         0.32297          1.5572         0.99429         0.81714         0.82232          2.7193               0         0.13879        0.059985         0.09029        0.026161         0.23312        0.052513               
         A        624        ILE          17.183          5.0923          19.822           6.078          19.145          1.2004          1.0624         0.75589         0.75611           2.948               0         0.54619         0.17107         0.69148         0.11487         0.87746         0.31897               
         A        625        TYR           15.67               0            18.6          41.816          3.0922          1.1295           1.027         0.66294         0.91537          2.5176               0         0.40631         0.13437         0.38247         0.13623         0.66718         0.22587               
         A        626        LYS          51.605           63.63          48.943          70.071          40.756               0               0               0               0               0               0          1.1279         0.30016          1.2769          0.2959          1.7786         0.68063               
         A        627        SER          89.337          81.025            93.9           104.6          71.354               0               0               0               0               0               0          1.4785         0.37963          1.9795         0.08513          2.0647          1.0431               
         A        628        VAL          27.807          9.6144          32.637               0          33.644         0.70101         0.85684               0               0          2.2427               0         0.67043         0.15364         0.68489         0.12091         0.86069         0.41767               
         A        629        LYS          67.066          57.193          69.252          92.275          52.255         0.16248         0.45955               0               0          1.4623               0         0.92805         0.49674          1.2838         0.37797          1.9352         0.35323               
         A        630        LEU          1.4798         0.45594          1.7102        0.027378          1.7485         0.83749         0.90238          1.0006          1.0549          2.4739               0        0.092709        0.042908        0.078631        0.016283         0.18408        0.047224               
         A        631        PRO          8.0546         0.21763           10.61          0.3416          9.4875         0.97568          1.1939               0               0          2.9151               0        0.061484        0.024412        0.064227         0.03244          0.1085        0.031671               
         A        632        VAL          8.7342               0          11.053               0          10.568           1.889          1.3088         0.50326         0.71172          3.3634               0         0.13036        0.069033         0.16832        0.086902          0.2864        0.068705               
         A        633        LEU          2.4653          13.418               0          13.429         0.43777          2.3707            1.64          3.7262         0.74058          4.4714               0         0.10409         0.10842        0.023249        0.039174         0.27851               0               
         A        634        LYS          60.148          25.654          67.784          54.899          63.232         0.39583          0.7702               0               0          2.2303               0         0.70313         0.46662          1.0307         0.38074          1.5728         0.18408               
         A        635        VAL          8.2552          5.3342          9.0307            6.45          8.6341          1.5718          1.1168          1.3481          1.0358          2.9903               0         0.31793         0.10211         0.36249         0.13198         0.54369         0.20461               
         A        636        ARG          44.634          6.7672           51.75          51.067          33.698         0.36093         0.79095               0               0          2.4505               0          1.2885         0.84384           1.772         0.68845          2.5322         0.35323               
         A        637        SER          3.1963          4.4944          2.4837         0.14911          6.7869         0.88664         0.93903         0.70822         0.70822          2.3892               0          0.1813        0.076368         0.21598        0.031906          0.2864        0.063253               
         A        638        MET          1.3701        0.020552          1.6711        0.025316          1.6038          1.5451         0.99017          1.5774         0.98333          2.7088               0        0.040491         0.04473      0.00047779      0.00082756         0.12647               0               
         A        639        LEU          8.7818               0          10.758               0          10.406          1.9797          1.2802           1.006          1.0593          3.6732               0         0.26263         0.19417         0.43678         0.11355         0.54369        0.052513               
         A        640        LEU       0.0032046               0       0.0039259               0       0.0037975           2.182          1.1814          1.1519          0.6651          3.8942               0         0.11102        0.093311        0.047728        0.032622         0.31897               0               
         A        641        GLU          25.075               0           31.68          15.857          38.216          1.4572          1.4137         0.30363         0.60727          3.8092               0         0.53773         0.27194         0.73374          0.2005         0.92961         0.17739               
         A        642        THR          7.7296          30.925               0            12.8          4.1851          1.1427           1.057          2.1782          0.4408          2.5274               0         0.56793         0.22419         0.45123         0.17521         0.96601         0.25541               
         A        643        PRO          60.287          117.63          41.587          124.76          48.309               0               0               0               0               0               0          1.1783         0.46498         0.94097         0.26021          2.1104         0.62811               
         A        644        GLN          78.918          96.593          74.549           88.14          61.994         0.14796          0.4185               0               0          1.3317               0          2.5808         0.94739          3.1311         0.91369          4.3435          1.3155               
         A        645        GLY          37.872          37.872               0          6.4375          65.824          0.3117         0.53987               0               0          1.2468               0          1.2427         0.28351               0               0          1.5108         0.84423               
         A        646        ARG          55.832          88.875          49.622          66.322          37.998         0.13181         0.41683               0               0            1.45               0          1.0673         0.23745          1.0923         0.26455          1.5728         0.76608               
         A        647        ILE          32.097          11.478          36.597               0          37.769         0.80379         0.84755         0.38181         0.66131          2.2505               0         0.60245         0.16017         0.69317        0.063529         0.79653         0.29439               
         A        648        GLN          41.576          65.014          35.787          31.356           60.33         0.44525          0.6321         0.26626         0.53251          1.4552               0         0.80646         0.18837         0.86176         0.21243          1.0633           0.478               
         A        649        ALA           10.37          13.884          7.9883               0          14.621          1.0094         0.88064               0               0          2.2421               0         0.50094        0.049632         0.41767               0         0.55521         0.41767               
         A        650        LYS          64.631          34.603          71.278          59.388          67.711         0.29833         0.56107               0               0          1.4644               0          1.7427         0.90647          2.4051          0.6889           3.168         0.69429               
         A        651        LYS          47.765          14.995          55.019          37.045          54.063          0.3993         0.77762               0               0          2.2551               0          1.7092          1.0635          2.4539         0.88394          3.8465         0.68063               
         A        652        TRP          11.164          22.601           9.373          13.632           10.45          1.8595          1.5848          2.3343          1.5948          4.5891               0          0.2374         0.19383         0.12862         0.10027         0.54369               0               
         A        653        SER          89.017          103.01          81.336          72.859          108.06               0               0               0               0               0               0          1.1701         0.34031          1.6086        0.097824          1.7065         0.76608               
         A        654        ARG          75.198          71.373          75.916          79.104          68.557         0.12134          0.3837               0               0          1.3347               0          2.4621          1.3985           3.303          1.0594          4.9542         0.84423               
         A        655        VAL          12.653          48.477          3.1419          58.563          3.0154         0.79369         0.97249          1.3649          1.0498          2.5531               0         0.47848         0.15879         0.31392        0.025278         0.73665         0.27851               
         A        656        PRO          23.818          26.112          23.069               0          28.243          0.3674         0.58172               0               0          1.3433               0         0.58794          0.1556         0.45374         0.12335         0.76608         0.36208               
         A        657        PHE          5.0973          30.375       0.0087887          27.316          1.6821          1.6204          1.6147          2.5464          1.3188          4.0168               0         0.30732          0.2486         0.13874         0.12984         0.68063               0               
         A        658        SER           66.92          32.034          86.069          47.346          89.985               0               0               0               0               0               0         0.90334         0.40837          1.4475         0.15744           1.605         0.51013               
         A        659        VAL          12.523          49.299          2.7599          51.201          4.4043               0               0               0               0               0               0         0.45645         0.20403         0.25114        0.030682         0.76608         0.21161               
         A        660        PRO          55.459          29.173          64.031         0.13073          65.738         0.51422         0.84989               0               0          2.2628               0          0.7591         0.15678         0.80978         0.12372         0.98474         0.49926               
         A        661        ASP          63.773          41.222          71.328          61.609            67.9         0.33531         0.58342               0               0          1.4523               0          1.0659         0.36736          1.3721         0.24815          1.7786         0.54369               
         A        662        PHE          14.884          61.208          5.5594          76.984          5.3392         0.37017         0.60648         0.19819         0.48547          1.4549               0         0.27481         0.15974         0.16601        0.031704         0.60306          0.1326               
         A        663        ASP           52.29          17.505          63.943          52.074            52.7         0.15491         0.40985               0               0          1.2393               0          1.0087          0.4364          1.3836         0.30943          1.7786         0.53233               
         A        664        PHE           31.06          15.625          34.167          19.652          32.813          0.4571           0.776               0               0          2.2448               0          0.8125        0.075629          0.8502        0.048722          0.9119         0.68063               
         A        665        LEU          84.348          25.297           97.64          24.669          95.391               0               0               0               0               0               0          2.0157         0.76242          2.7012         0.46761          3.3416          1.2408               
         A        666        GLN            53.4           9.567          64.216          58.283          44.439         0.39572         0.77113               0               0          2.2384               0          1.2812         0.29632          1.4357         0.31205          1.8162         0.96601               
         A        667        HIS           12.71          3.8984          14.812          14.716          11.302         0.53015          0.8486         0.22581         0.50492          2.4138               0         0.51077         0.24452         0.32113        0.082395         0.84423         0.22587               
         A        668        CYS          31.192          10.593          38.996         0.85255          39.177          0.2436         0.54471               0               0          1.4616               0          1.2894         0.25893          1.1727         0.16886          1.7421         0.98474               
         A        669        ALA           71.39          78.454          66.603          65.025          74.008               0               0               0               0               0               0          1.8656         0.28256          1.7421               0          2.3613          1.5108               
         A        670        GLU          52.998          108.99          38.258          47.787          60.425               0               0               0               0               0               0          1.2109         0.37262         0.91978         0.23449          1.6379         0.59082               
         A        671        ASN          41.853          89.639          26.622          31.448          68.147         0.16657          0.4407               0               0          1.3326               0           1.586         0.63021          1.0699         0.20292          2.6561         0.73665               
         A        672        LEU          109.68          219.74          84.909          148.67          102.48               0               0               0               0               0               0          3.4728         0.93064          3.0026         0.36947          5.3151          2.6561               
         B        544        ARG          124.28          223.35          105.67          130.54          113.64               0               0               0               0               0               0          7.4451          5.0906          10.345          4.1923          15.031          2.2061               
         B        545        GLN          59.331          51.601          61.235           52.96          71.024         0.13791         0.39007               0               0          1.2412               0          1.8413         0.32816          1.8219         0.19395          2.4164          1.3155               
         B        546        GLN          69.595          70.495          69.368          83.689          43.732         0.13737         0.38853               0               0          1.2363               0          1.4304         0.25903          1.5884          0.1565          1.8548         0.94764               
         B        547        PHE          7.5602          8.1818          7.4351          3.1681          8.2354         0.52662         0.69755         0.61843         0.71544          1.5373               0         0.64528         0.13042         0.62662         0.15843         0.89452         0.43722               
         B        548        PRO          54.371          38.992          59.387          0.5854          64.364         0.51163         0.84535               0               0          2.2498               0         0.93489          0.2759          1.1993          0.1724          1.4232          0.5669               
         B        549        VAL          29.957          8.8851          35.552          10.744          33.991         0.71974         0.87247               0               0          2.2482               0         0.49476         0.10906         0.53665        0.082945         0.65395         0.37104               
         B        550        GLU          71.171          67.204          72.221          83.783          53.192         0.13646         0.38597               0               0          1.2281               0          1.7381         0.93055           2.451         0.63273           3.253         0.61548               
         B        551        HIS          46.401          27.945          50.802          36.831          53.124         0.14648         0.43944               0               0          1.4648               0          1.1685         0.66286          1.5825         0.53684          2.2562         0.36208               
         B        552        VAL         0.33528          1.5981               0          1.7985        0.028113          1.6892          1.2762          2.9931         0.37941          3.4415               0         0.17951          0.1047        0.092277        0.035644         0.38932        0.041988               
         B        553        GLN          43.018               0          53.634           53.92           23.01         0.94956          1.1762               0               0          3.2144               0         0.47764         0.30168         0.70394         0.21543          1.0633         0.14504               
         B        554        LEU               0               0               0               0               0          3.5559         0.43684          3.7973         0.28801          4.1917          2.6847        0.077987        0.069155        0.018453        0.019843         0.19769               0               
         B        555        LEU          2.8138               0          3.4471               0          3.3344          2.4766          1.7041         0.99764          1.0558          4.6244               0         0.26175         0.15235         0.40509         0.04942         0.46759        0.063253               
         B        556        CYS               0               0               0               0               0          3.6862          0.6045          3.7387         0.17978          4.4161           2.876         0.19483        0.079725         0.20819        0.010506          0.3445        0.096829               
         B        557        ILE          25.106          32.354          23.521          38.374          22.761         0.69206         0.93489         0.38059          0.6592          2.4812               0         0.44584         0.17863         0.43585         0.11189         0.79653         0.19769               
         B        558        ASN          56.021           51.54          57.449          74.671          8.8936         0.16656         0.44069               0               0          1.3325               0          1.0039           0.354          1.2138         0.33403          1.6379         0.49926               
         B        559        CYS          36.362          90.507          15.848          80.183          24.821         0.22162         0.49556               0               0          1.3297               0         0.94265         0.21126         0.79428         0.15336          1.3415         0.64093               
         B        560        MET          46.862          39.299          48.549          46.319          46.957         0.35635         0.61912               0               0          1.5226               0          1.0059         0.25058          1.2355         0.12322          1.4232         0.72229               
         B        561        VAL          33.152          22.926          35.867               0          40.111         0.70185         0.85945               0               0          2.2557               0         0.60199         0.20841         0.72622         0.23553          1.0233         0.33588               
         B        562        ALA          56.081           29.41          74.156          38.921           63.12         0.29274         0.58548               0               0          1.4637               0         0.68255         0.15207         0.96601               0         0.96601         0.51013               
         B        563        VAL           4.799          21.485         0.36912          17.013           2.235         0.98263         0.91902          1.3415          1.0298           2.503               0         0.20906        0.086822         0.11809        0.042669         0.32737        0.057855               
         B        564        GLY          7.9683          7.9683               0          8.9633          7.0814               0               0               0               0               0               0         0.24453        0.021536               0               0         0.27851          0.2187               
         B        565        HIS          53.616               0          66.402          45.372          59.407         0.85051          1.1434               0               0          3.1749               0         0.53151         0.26464         0.72091         0.16086         0.94764         0.19769               
         B        566        GLY          1.4887          1.4887               0          3.1619               0          1.5652          1.0483               0               0          2.6393               0         0.18477        0.028414               0               0         0.21161         0.13878               
         B        567        SER          38.685          23.961          46.767          36.566          41.183         0.24339         0.54423               0               0          1.4603               0          0.5404         0.12617         0.67845         0.08763         0.76608         0.38932               
         B        568        ASP          14.935         0.20747          19.869          22.238          1.0147         0.84581         0.89375         0.37943          0.6572          2.3865               0         0.38834          0.1631         0.52357        0.089393         0.65395         0.12042               
         B        569        LEU         0.11998           0.653               0         0.76873               0          2.7082          1.4231          3.8945         0.47373          4.4999               0        0.097264         0.09759        0.018864        0.028907         0.29439               0               
         B        570        ARG          25.383               0          30.153          37.205          5.2851          1.3298          1.6183         0.21904         0.53653          4.3806               0         0.30026         0.14956         0.38705         0.11518         0.57877         0.10263               
         B        571        LYS          30.009            7.31          35.034          65.376            9.23          1.1758          1.1499          0.8125          1.0435          2.8705               0         0.54602         0.26699         0.69439         0.27471          1.1484         0.30248               
         B        572        VAL          3.3809          6.8509          2.4596               0          4.0906          1.2959         0.91035          1.3433          1.0294          2.5008               0          0.3706         0.20518         0.18201        0.072286         0.66718         0.07978               
         B        573        GLU          67.993          129.94          51.687           61.73           76.92               0               0               0               0               0               0          1.1213         0.30439         0.99961         0.08303          1.8548         0.76608               
         B        574        GLY          52.764          52.764               0          63.193          43.475               0               0               0               0               0               0          1.1833        0.049121               0               0          1.2408           1.105               
         B        575        THR          62.075          44.861          67.811          21.609          90.365         0.19009         0.46561               0               0          1.3306               0          1.2111         0.48585          1.7061         0.25628          2.0647         0.55521               
         B        576        HIS          30.596          10.368           35.42          24.241          35.061         0.91844         0.79127         0.71384         0.71574          2.2435               0         0.48914         0.19774         0.59077         0.14945         0.78118         0.18408               
         B        577        HIS           5.294          3.8117          5.6475          4.9873          5.5096          1.4176          1.0529          1.2269         0.95941          2.9468               0         0.15624        0.064847         0.17928        0.059592         0.25541        0.057855               
         B        578        VAL               0               0               0               0               0          4.0269         0.43275          4.0709         0.33158          4.5915          3.3426        0.042103        0.020514        0.024553        0.017865        0.068705               0               
         B        579        ASN           1.395          4.5592          0.3864           1.947               0          1.5391          1.0135           1.495         0.95533           2.712               0        0.081697        0.048392        0.075745        0.040998         0.13878               0               
         B        580        VAL          10.245          21.973          7.1313          16.785           8.872         0.20906         0.51208               0               0          1.4634               0         0.23394         0.10176         0.17156        0.058782         0.41767        0.096829               
         B        581        ASN          31.794          20.164          35.501           36.14          20.812         0.16572         0.43845               0               0          1.3257               0         0.58921         0.22416         0.77258         0.17283         0.98474         0.31068               
         B        582        PRO          71.979           54.18          77.784          25.541          80.606          0.1916         0.46932               0               0          1.3412               0          1.0043          0.1813          1.1741        0.083561          1.2652         0.69429               
         B        583        ASN          65.676          20.168          80.181          66.698          63.093         0.15398         0.40738               0               0          1.2318               0          1.3662         0.47662          1.7389         0.38641          2.3613         0.81215               
         B        584        PHE          2.8001          8.4565          1.6615        0.085544          3.2174          1.2699          1.0586          1.4835          1.0563          2.7821               0         0.20998         0.21162        0.073975         0.10191         0.64093               0               
         B        585        SER          46.394           12.98          64.735           40.09          53.823         0.24378         0.54511               0               0          1.4627               0         0.60147        0.062912         0.64255        0.051734         0.69429         0.48855               
         B        586        ASN          59.424           29.47          68.971          65.827          43.243         0.51077         0.66378               0               0          1.5281               0          1.2955         0.48215          1.7283         0.27977          2.0647         0.76608               
         B        587        TYR          37.738          11.901          42.569          61.181          26.459         0.22342         0.50166               0               0          1.4521               0          0.5365         0.28311         0.62919         0.29716          1.2901         0.22587               
         B        588        TYR          10.868          25.306          8.1674          26.117          3.5319          1.3165          1.0928          1.2402          1.1459          3.3428               0         0.20488         0.14768         0.10894        0.036096         0.54369        0.047224               
         B        589        ASN          48.336          8.3815           61.07          43.913          59.511         0.33608         0.58489               0               0          1.4584               0          0.6665         0.28938         0.93457         0.13168           1.084         0.31897               
         B        590        VAL          41.236          92.461          27.637          105.62          27.721         0.20855         0.51084               0               0          1.4599               0         0.66319         0.25687         0.46606         0.08868          1.1937         0.36208               
         B        591        SER          45.293          35.266          50.797          7.3391          90.016         0.20487          0.4581               0               0          1.2292               0          1.1148         0.11436          1.1009         0.11613          1.2408         0.96601               
         B        592        ARG            97.2          78.034           100.8          94.409          101.95               0               0               0               0               0               0          3.3898          1.5971          4.0448          1.6515          7.6832          1.8162               
         B        593        ASP          66.707          16.418          83.554          68.306          63.659               0               0               0               0               0               0          2.3736         0.81759          3.0971          0.4395          3.5304          1.2652               
         B        594        PRO          62.861          25.764          74.959          39.959          67.116               0               0               0               0               0               0          1.1318         0.22138          1.1752         0.26237          1.4232         0.81215               
         B        595        VAL          27.731          27.323          27.839          9.8885          31.476         0.58276         0.67748         0.50652         0.71632          1.5195               0         0.94716         0.14008         0.92971         0.19046          1.1937         0.75124               
         B        596        VAL          83.509          87.805          82.369          95.292          81.036         0.17559          0.4301               0               0          1.2291               0          2.1266         0.49862          2.6521         0.25585          3.0076          1.5728               
         B        597        ILE           36.09          71.246          28.411          69.714          30.148         0.18988         0.50237         0.37976         0.65776           1.519               0          1.3073         0.32167          1.0531          0.2565          1.7421         0.65395               
         B        598        ASN          85.752          120.91          74.546          75.357          112.02               0               0               0               0               0               0          3.7799          1.0677          4.6123         0.87387          5.9466          2.4164               
         B        599        LYS          72.858          49.826          77.957           78.37           69.62               0               0               0               0               0               0          2.6006         0.94714           3.227         0.81674          4.6324          1.4232               
         B        600        VAL          92.238          70.283          98.066          67.196          97.494         0.17567          0.4303               0               0          1.2297               0          1.9016         0.42521          2.2572         0.42606          2.8592          1.4809               
         B        601        PHE          28.676          41.417          26.111          41.647          26.682         0.12636         0.39958         0.19856         0.48637          1.3899               0          1.0697         0.21399          1.0008         0.22088          1.3682         0.69429               
         B        602        LYS          102.45           126.5          97.125          114.64          95.283         0.13716         0.38796               0               0          1.2345               0          3.3189          2.4476          4.7799          2.4437          8.9237          1.3682               
         B        603        ASP          40.307          22.685          46.211          53.055          16.008               0               0               0               0               0               0          1.0924         0.40243          1.3634         0.34743          1.8162         0.60306               
         B        604        TRP          9.5686           23.84          7.3338          5.5848          10.722         0.56596         0.78517         0.79234         0.82687          2.2408               0         0.39098          0.1256         0.32311         0.06606         0.64093          0.2187               
         B        605        LYS          60.867          2.7322          73.736          66.833          57.361         0.43571         0.84039               0               0          2.3944               0         0.75175         0.53233           1.077         0.51635          1.9352         0.24789               
         B        606        PRO          20.317          21.295          19.998          33.426          17.882         0.93714         0.87224         0.49943         0.70631          2.3507               0         0.47826        0.068772         0.52866        0.010623         0.55521         0.38012               
         B        607        GLY          5.3051          5.3051               0               0          10.023          1.2574           0.807               0               0          2.2479               0         0.34756        0.034676               0               0         0.39864         0.30248               
         B        608        GLY          7.1435          7.1435               0          12.567          2.3179         0.98069          1.0291               0               0          2.4024               0         0.36263         0.08319               0               0         0.48855         0.25541               
         B        609        VAL            34.7          4.4749          42.724           5.411          40.848         0.74146          0.9176               0               0          2.4189               0         0.55883         0.14423         0.70477        0.046374         0.76608          0.3445               
         B        610        ILE        0.023529               0        0.028666               0        0.027687          2.3166          1.0279          1.7482          1.1335          3.3367               0         0.17001        0.068854         0.10674        0.035966         0.24789        0.052513               
         B        611        SER          16.072               0          24.894          26.569          3.7034          1.6226          1.2491               0               0          3.2398               0         0.37613         0.15285         0.58204        0.071911         0.65395         0.23312               
         B        612        CYS         0.68492          1.0111         0.56136          1.3328         0.51427          1.3957          1.1068         0.92627         0.92627          2.8769               0         0.30243         0.12419         0.25219        0.026322         0.55521         0.17739               
         B        613        ARG          59.385          63.993          58.519          73.646           35.14         0.34386         0.74604               0               0          2.2582               0          1.2273         0.63584          1.4734         0.64109          2.6561         0.38012               
         B        614        ASN          67.941          95.439          59.177          79.427          38.916               0               0               0               0               0               0          1.0792         0.32208          1.1257         0.25104          1.6379         0.62811               
         B        615        CYS          40.232          110.19           13.73          102.32          23.883         0.22241         0.49733               0               0          1.3345               0          1.0737         0.22939          0.9046         0.13852          1.5108         0.76608               
         B        616        GLY          53.018          53.018               0          49.023          56.559               0               0               0               0               0               0         0.91319        0.049695               0               0         0.98474         0.84423               
         B        617        GLU          33.797          18.294          37.882          36.746          29.593         0.56694         0.83365          0.3051         0.61021          2.2484               0         0.63187         0.16491         0.72404         0.11369         0.89452         0.29439               
         B        618        VAL          51.969          6.5589          64.025          7.9309          61.213         0.38492         0.61167               0               0          1.4616               0         0.73223         0.30093          1.0298         0.20503          1.3155         0.37104               
         B        619        TRP               0               0               0               0               0          3.7575         0.94441          4.2425         0.63715          5.4928          2.2538        0.085029         0.11805        0.013263        0.027866         0.31068               0               
         B        620        GLY          23.006          23.006               0          7.4233          36.861         0.36285         0.62847               0               0          1.4514               0         0.33433        0.027812               0               0         0.37104         0.29439               
         B        621        LEU          22.408               0          27.452               0          26.554          1.0792           1.214               0               0          3.2955               0         0.24153         0.10229         0.33339        0.048549         0.38932          0.1085               
         B        622        GLN          12.472               0           15.55          19.048         0.40363          1.6826           1.385         0.55031         0.68001          3.6179               0         0.23006         0.10461         0.29918        0.093651         0.46759         0.12647               
         B        623        MET         0.50744               0          0.6206               0          0.5956          1.5904          1.0392         0.81077         0.81378           3.005               0         0.12706        0.056651        0.085503        0.040624         0.20461        0.031671               
         B        624        ILE            16.8          5.3578          19.297          6.3948          18.639          1.2094          1.0757         0.75785         0.75785          3.0154               0         0.51061         0.16848         0.65442         0.10988         0.82805         0.27851               
         B        625        TYR          13.288               0          15.773          37.584          1.6006          1.4142          1.1454          1.0862          1.2457          3.4776               0         0.38203         0.14432         0.36678         0.16045         0.72229         0.19084               
         B        626        LYS          51.504          62.114          49.156          68.008          41.808               0               0               0               0               0               0          1.0754         0.31972          1.2343          0.3307          1.8162         0.66718               
         B        627        SER          88.188          82.291          91.425          103.87          69.707          0.2054         0.45929               0               0          1.2324               0          1.4529         0.38967          1.9633         0.14711          2.1104          1.0038               
         B        628        VAL          28.537          7.6936          34.071               0          34.528         0.71772         0.87004               0               0          2.2417               0          0.5933         0.14109         0.59645         0.12298         0.75124         0.38012               
         B        629        LYS          62.107           55.14          63.649          84.645          48.865         0.16124         0.45606               0               0          1.4512               0         0.81602         0.43078          1.1283         0.32005          1.6718         0.29439               
         B        630        LEU          1.4613               0          1.7903               0          1.7317          2.0389          0.9893          1.6292           1.023          3.4723               0        0.060335        0.035352        0.050301        0.021639         0.13878        0.026589               
         B        631        PRO          7.6417               0          10.134               0          9.0614          1.6573          1.2194         0.49968         0.70665          3.1569               0         0.06116        0.033148        0.070462        0.043986          0.1326        0.026589               
         B        632        VAL          8.0986          0.6939          10.064         0.79352          9.6321         0.77773         0.93862         0.50545         0.71481          2.4045               0         0.11296        0.057889         0.14587        0.076616         0.24789        0.063253               
         B        633        LEU          1.6632          9.0526               0          8.1052         0.47195           2.178          1.6511          3.6407         0.81065          4.7878               0        0.099889        0.096868        0.021351        0.036981         0.26302               0               
         B        634        LYS          56.001          26.424          62.548          65.923          50.171         0.56434         0.83023         0.30147         0.60295          2.2437               0         0.59597          0.3451          0.8303         0.29319          1.3415         0.19769               
         B        635        VAL          7.5315          3.1519          8.6942          3.8113          8.3124         0.60123         0.69893         0.50619         0.71586          1.5186               0         0.29759        0.087524         0.34599         0.10126         0.48855         0.19084               
         B        636        ARG          58.154          10.203          67.165          72.411          33.916          0.2446         0.52124               0               0          1.4617               0          1.3345         0.86178          1.8237         0.71165           2.789         0.38012               
         B        637        SER         0.57407          1.6199               0               0          1.2505          1.5579         0.80758          1.9739         0.44662          2.4205               0         0.20798         0.09049         0.25491        0.064064         0.31897        0.068705               
         B        638        MET        0.092987         0.40458        0.023504         0.49837        0.022557          1.6254          1.1708          1.9518          1.3325          3.5146               0        0.061234        0.059423       0.0082866       0.0082866         0.15137               0               
         B        639        LEU          8.5318               0          10.452               0           10.11             2.1          1.4214          1.0056          1.0625          4.0783               0         0.26842         0.18578         0.43208         0.11421         0.54369        0.052513               
         B        640        LEU         0.10699               0         0.13107               0         0.12678          1.8856          1.2629         0.76203         0.76204          3.2893               0         0.11676        0.087116        0.060281         0.04111         0.31068               0               
         B        641        GLU          26.484           5.619          31.979          27.275          25.356         0.60845         0.89493         0.30423         0.60846          2.4277               0         0.55921         0.25438         0.75262         0.15902          0.9119         0.18408               
         B        642        THR          7.8689          31.482               0            15.4          2.6037          1.7001          1.3101          3.0151         0.54094          3.7599               0         0.51003         0.20586         0.40139         0.14894          0.9119         0.24789               
         B        643        PRO          61.477          133.43          38.011          141.12          46.681         0.21067         0.51603         0.49156         0.69517          1.4747               0           1.075         0.45326         0.81857         0.22067          1.9771         0.54369               
         B        644        GLN            58.5          78.174          53.639          56.358          62.431          0.1475         0.41718               0               0          1.3275               0          1.9125         0.31116          2.0812          0.2302          2.4733          1.2408               
         B        645        GLY          53.746          53.746               0          21.429          82.479         0.89718         0.95513               0               0          2.2577               0          1.3753          0.3536               0               0          1.7421         0.94764               
         B        646        ARG            53.5          74.612          49.533          58.726          44.617         0.13226         0.41825               0               0          1.4549               0           1.045         0.18274          1.0488         0.18643          1.2901         0.82805               
         B        647        ILE           37.32          15.822          42.011               0          43.914         0.80386         0.84731          0.3806         0.65922          2.2495               0          0.6137         0.16279         0.70678        0.061081         0.81215         0.27851               
         B        648        GLN           37.22          65.301          30.286          44.455          23.944         0.46834         0.66613         0.30447         0.60894          1.5223               0           0.781         0.16007         0.88209        0.091674         0.98474         0.51013               
         B        649        ALA          10.842          16.283          7.1544         0.21014            15.2          0.7152         0.92364               0               0          2.2512               0         0.46869        0.040207         0.42738               0         0.52115         0.41767               
         B        650        LYS          72.127          42.832          78.612          87.058          63.354         0.29805         0.55999               0               0          1.4508               0          1.7028          1.0268          2.3699          0.9404          3.9618         0.69429               
         B        651        LYS          61.246          11.688          72.217          66.875          57.939         0.39714         0.77376               0               0          2.2455               0          1.7577          1.0973          2.5016         0.95728          4.0829         0.73665               
         B        652        TRP          12.801          30.504          10.029          18.054          11.281          1.7555          1.6298          2.3114          1.5737          4.5579               0         0.26551         0.20733         0.15264         0.11512         0.60306               0               
         B        653        SER          86.232           94.15          81.886          60.113          117.01               0               0               0               0               0               0          1.3799         0.41781          1.7662         0.12823          1.8944         0.75124               
         B        654        ARG          77.372          71.686           78.44           89.34          57.025         0.12123         0.38337               0               0          1.3336               0          1.8501         0.74717          2.3662         0.36091           2.789         0.76608               
         B        655        VAL          13.254          49.863          3.5352          58.742          3.7057         0.78394         0.95752          1.3454          1.0301          2.5018               0         0.41555         0.12199         0.30345        0.035778         0.60306         0.27072               
         B        656        PRO          21.003          27.833          18.776         0.60019          24.794         0.17556         0.43002               0               0          1.2289               0         0.40419         0.11298         0.30366        0.094871         0.54369         0.22587               
         B        657        PHE          5.4931          32.781               0          33.171          1.2386          2.3234          1.5878          3.4433         0.53533           4.096               0         0.26384         0.21251          0.1165         0.10396         0.55521               0               
         B        658        SER          57.625          24.817          75.633          60.445          54.302          0.2071          0.4631               0               0          1.2426               0         0.84118         0.35713          1.3259         0.15506          1.4809         0.53233               
         B        659        VAL          8.1568          31.829          1.8721          36.929           2.117         0.39454         0.62913         0.51115         0.72288          1.5335               0         0.38633         0.16516         0.22505        0.043988         0.64093         0.17077               
         B        660        PRO          51.667          29.756          58.813         0.67271          61.141         0.50916         0.84119               0               0          2.2384               0         0.81395         0.22334         0.94216         0.22222          1.2408         0.48855               
         B        661        ASP          67.615          36.513          78.034          68.224          66.454         0.33631         0.58522               0               0           1.458               0          1.0928         0.41149          1.4336         0.29331          1.9352         0.55521               
         B        662        PHE           12.82           55.06          4.3175          69.251          4.1465         0.84334         0.82309         0.94202         0.88132          2.4124               0         0.24409          0.1517         0.13671        0.025875         0.54369         0.10263               
         B        663        ASP            54.4          21.926          65.279          53.932          55.294         0.15271         0.40403               0               0          1.2217               0         0.95799          0.3992          1.3155         0.23955          1.6379         0.49926               
         B        664        PHE          24.948          15.643          26.821          19.675          25.758         0.71114         0.81233         0.39834         0.62984          2.2427               0         0.72448         0.12248         0.76176         0.13349         0.92961         0.55521               
         B        665        LEU           78.69          13.335          93.401          10.054          91.389               0               0               0               0               0               0          1.7132         0.62494          2.2172         0.51442          3.0862          1.0633               
         B        666        GLN          53.693          9.3019          64.648          59.754          42.571         0.39871         0.77685               0               0          2.2546               0          1.3117         0.35611          1.5258         0.33972          2.0203         0.89452               
         B        667        HIS          11.793          4.9104          13.434          12.884          11.026         0.52945         0.84759         0.22573         0.50474           2.412               0         0.47139         0.23406         0.28769        0.058841         0.82805          0.2187               
         B        668        CYS          32.731          16.835          38.753          1.5142          40.947         0.44758         0.63634               0               0          1.4559               0          1.1271         0.17652          1.1567          0.1334          1.3682         0.84423               
         B        669        ALA          59.728          36.994          75.135          36.509          69.251               0               0               0               0               0               0          1.4725         0.15015          1.4809               0          1.6379          1.2901               
         B        670        GLU          57.953          113.67          43.285          53.006          65.005               0               0               0               0               0               0          1.2041         0.23073          1.0337         0.16997          1.4517         0.78118               
         B        671        ASN          47.106          77.742          37.341          37.859          70.473         0.16553         0.43794               0               0          1.3242               0          1.2818           0.362         0.97502         0.18284          1.8162         0.68063               
         B        672        LEU          68.592          41.703          74.644          45.545          72.859         0.35555         0.61765         0.37919         0.65677          1.5167               0          2.0402         0.16517          2.1268         0.12248          2.3079          1.7786               
         B        673        SER          86.439          88.863          85.108          100.33          70.067               0               0               0               0               0               0          2.2381         0.38182          2.6069         0.40076          3.0076          1.8944               
         B        674        ASP          54.515          44.824          57.761          54.099          55.306               0               0               0               0               0               0          1.6037          0.1319          1.6574        0.084751          1.7786          1.3682               
         B        675        LEU          61.468          16.875          71.505          13.974          70.256         0.44843         0.81034               0               0          2.2559               0          1.3878          0.2697          1.5895          0.2056          1.8548          1.0431               
         B        676        SER          29.932           9.117          41.358          32.101          27.377         0.44795         0.63698               0               0           1.459               0          1.0496        0.081791          1.1402        0.076827           1.217         0.96601               
         B        677        LEU          76.859          57.542          81.207          62.778          79.468         0.37307         0.64636         0.38079         0.65955          1.5232               0          1.5007         0.33011          1.7652         0.24829          2.0647          1.0633               
         B        678        ASP          54.428          21.998          65.291          50.009           62.85         0.44812         0.80967               0               0          2.2535               0          1.4271         0.32278          1.6691          0.2917          2.1104          1.0633               
         B        679        LEU          79.951          57.842          84.928          65.698          82.593         0.18303         0.48424               0               0          1.4642               0          2.1303         0.65403          2.6949         0.46449           3.434          1.5108               
         B        680        GLU          95.954          107.19          93.003          103.03          85.864         0.14762         0.41754               0               0          1.3286               0          2.9832          1.5353          4.0496          1.2947          5.9466          1.4809               
         B        681        HIS          22.308           25.05          21.654          17.845          25.443         0.40011         0.61122         0.44594         0.63072          1.3534               0          1.2045         0.11746           1.219         0.14662          1.3954          1.0038               
         B        682        HIS          84.417          102.28          80.158          71.848          93.248               0               0               0               0               0               0          2.1353           0.613          2.5562         0.39551          3.0862          1.2652               
         B        683        HIS          58.584          26.999          66.117          57.088          59.636         0.25709         0.51468               0               0          1.3359               0          1.6551          0.4932          1.9262         0.46841          2.5931          1.1708               
         B        684        HIS          33.995          53.571          29.326          58.017          17.118         0.40482         0.62052          0.2257         0.50468          1.4621               0          1.3337         0.22347          1.4099         0.23707          1.7421          1.0431               
         B        685        HIS          111.13          184.49          93.636          126.46          100.36               0               0               0               0               0               0          2.6925         0.56499           2.959         0.33078           3.434          1.4517               
         C          1          G          96.305               0          110.09          157.31          52.793        0.071291         0.31075        0.083872         0.33549          1.4258               0          3.1709         0.42893          3.1731         0.45099          3.9618          2.4164               
         C          2          C          76.628          5.4796          88.072          163.15          21.386         0.21063         0.50149          0.2478          0.5354          1.4242               0           2.158         0.44628          2.0087         0.26344           3.434          1.6718               
         C          3          G          82.683          4.3382          93.899          166.96          22.567          0.1825         0.47127         0.20987         0.49967          1.4266               0           1.648         0.30028          1.5973         0.27038          2.3613          1.1937               
         C          4          C          76.061          3.6799          87.703          158.98          23.123         0.40965         0.62683         0.48195         0.65376          1.4248               0          1.6758         0.33785          1.5969         0.24167          2.7214           1.217               
         C          5          G          80.013          2.9591          91.044           162.1          21.462         0.24586         0.53592         0.28274         0.56556          1.4352               0          1.5997         0.33091          1.5365          0.2721          2.5322          1.1484               
         C          6          C          70.394          3.9807          81.077          146.02          22.113         0.41045         0.62796         0.48288         0.65494           1.425               0          1.6153          0.3693          1.5324          0.2775          2.7214          1.1265               
         C          7          G          78.997           3.957           89.74          161.07          20.453         0.24253         0.52866         0.27891          0.5579          1.4164               0          1.9511         0.32557          1.9415         0.30953          2.5931          1.5108               
         C          8          C          113.97          6.1981          131.31          238.48          34.482        0.068627         0.29914        0.080738         0.32295          1.3725               0          3.2075         0.66926          3.2568         0.69113          4.6324          2.3613               
         D          1          G          98.939               0           113.1          159.42          55.802               0               0               0               0               0               0          3.2531         0.58587          3.0638         0.37227          4.7888          2.4733               
         D          2          C          82.188          4.5263          94.679          171.34          25.264         0.27221         0.54535         0.32025         0.57837          1.4233               0          2.0827         0.40307          1.9423          0.2149           3.253          1.7065               
         D          3          G          83.707          3.1932          95.234          171.05          21.409         0.24458         0.53311         0.28127          0.5626          1.4216               0          1.6083         0.31929          1.5458         0.26711          2.4733          1.1937               
         D          4          C          71.785           2.563          82.919          153.12          19.856         0.48287         0.65943         0.56808         0.68057          1.4743               0          1.6175          0.3477           1.543         0.27786          2.5931          1.1265               
         D          5          G          83.098          4.1491            94.4          169.42          21.525         0.24295         0.52957         0.27939         0.55886          1.4231               0          1.5806         0.35921           1.511         0.27703          2.7214          1.1265               
         D          6          C          73.283          5.6437          84.163          153.55          22.033         0.33959         0.58912         0.39952         0.61998          1.4275               0          1.6298         0.35038          1.5517         0.27028          2.6561          1.1708               
         D          7          G          76.496          4.2154          86.844          153.89          21.296         0.18303         0.47264         0.21048         0.50111          1.4202               0          1.9752         0.32147          1.9724         0.31111          2.5931          1.5728               
         D          8          C          113.43          6.1212          130.69          238.54           33.56         0.14674         0.42787         0.17425         0.46109          1.4167               0          3.2972         0.62859          3.3622         0.63942          4.6324          2.5322               
