Node	Degree	Cluster_Coeff	Closeness	Betweenness	Eigenvector centrality	Eccentricity	Average neighbor degree
A1	2	1.000000	0.121327	0.000000	0.007063	18	3.500000
A2	3	0.666667	0.135021	0.010007	0.017705	17	3.333333
A3	4	0.500000	0.137783	0.033723	0.042796	17	3.750000
A4	4	0.500000	0.155340	0.072271	0.101799	16	5.500000
A5	6	0.466667	0.158612	0.056934	0.240007	16	6.666667
A6	6	0.666667	0.159800	0.010619	0.340331	16	8.666667
A7	7	0.619048	0.156098	0.013532	0.346369	16	8.142858
A8	8	0.678571	0.155718	0.026784	0.327206	16	8.375000
A9	7	0.714286	0.155152	0.014249	0.302021	16	8.285714
A10	7	0.714286	0.142857	0.014994	0.238323	17	8.285714
A11	7	0.619048	0.141907	0.021405	0.196301	17	7.571429
A12	7	0.619048	0.126357	0.001102	0.117020	18	6.285714
A13	5	0.800000	0.126108	0.000291	0.081419	18	6.800000
A14	5	0.900000	0.125984	0.000082	0.071584	18	6.400000
A15	5	0.900000	0.125984	0.000082	0.071584	18	6.400000
A16	5	0.700000	0.140659	0.024646	0.102228	17	7.200000
A17	10	0.488889	0.143337	0.100618	0.240915	17	6.800000
A18	9	0.527778	0.161820	0.171736	0.374542	16	8.222222
A19	10	0.511111	0.163892	0.115631	0.483393	16	8.400000
A20	10	0.466667	0.178025	0.175275	0.620871	15	8.800000
A21	10	0.466667	0.179021	0.083222	0.653055	15	8.500000
A22	9	0.416667	0.180791	0.192686	0.571468	15	7.777778
A23	6	0.733333	0.179272	0.011006	0.500157	15	9.500000
A24	6	0.466667	0.180536	0.035379	0.368812	14	7.666667
A25	7	0.619048	0.177040	0.012809	0.371619	14	7.000000
A26	5	0.700000	0.168200	0.001886	0.214684	14	6.400000
A27	4	1.000000	0.164313	0.000000	0.176128	14	6.750000
A28	6	0.666667	0.177531	0.023687	0.315395	13	7.000000
A29	9	0.500000	0.195122	0.082984	0.606953	13	7.666667
A30	8	0.535714	0.194825	0.077118	0.604654	13	8.375000
A31	11	0.418182	0.196621	0.231669	0.896537	14	8.545455
A32	9	0.500000	0.195420	0.217979	0.825860	14	9.555555
A33	12	0.378788	0.190760	0.199324	0.968446	15	8.833333
A34	10	0.377778	0.185776	0.287052	0.696946	15	8.900000
A35	4	0.833333	0.168421	0.001634	0.308837	16	9.750000
A36	6	0.600000	0.165803	0.030675	0.308068	16	7.666667
A37	5	0.900000	0.161616	0.000082	0.231579	16	7.800000
A38	5	0.900000	0.161616	0.000082	0.231579	16	7.800000
A39	6	0.600000	0.164524	0.025359	0.274115	16	8.666667
A40	11	0.363636	0.169536	0.240452	0.497932	16	7.818182
A41	11	0.400000	0.187135	0.222495	0.671933	15	7.909091
A42	8	0.464286	0.190193	0.159938	0.686211	15	10.375000
A43	9	0.444444	0.200942	0.274258	0.894447	14	10.000000
A44	9	0.500000	0.197531	0.078771	0.969056	14	10.111111
A45	10	0.444444	0.210181	0.350857	1.000000	13	9.400000
A46	9	0.500000	0.200313	0.153601	0.892409	13	9.555555
A47	9	0.388889	0.198142	0.229709	0.727532	12	8.444445
A48	7	0.666667	0.194529	0.079405	0.586362	11	9.571428
A49	7	0.666667	0.189349	0.068960	0.533509	11	9.000000
A50	7	0.714286	0.175583	0.005821	0.457083	11	8.714286
A51	6	0.800000	0.175342	0.002982	0.395784	11	9.166667
A52	6	0.600000	0.165375	0.004365	0.282713	11	7.333333
A53	3	1.000000	0.155529	0.000000	0.118362	11	7.333333
A54	5	0.600000	0.162850	0.010105	0.184384	11	7.000000
A55	11	0.454545	0.183381	0.088954	0.546752	10	7.363636
A56	12	0.454545	0.195719	0.477389	0.719257	10	8.000000
A57	12	0.469697	0.195122	0.142419	0.850841	11	8.333333
A58	10	0.511111	0.206785	0.479862	0.833001	11	9.000000
A59	10	0.466667	0.203498	0.228215	0.901351	12	8.900000
A60	10	0.444444	0.212625	0.539330	0.958163	12	9.000000
A61	10	0.466667	0.203822	0.171990	0.979824	13	9.000000
A62	10	0.444444	0.208809	0.289766	0.937759	13	8.800000
A63	11	0.418182	0.196621	0.188929	0.905321	14	8.454545
A64	8	0.535714	0.193062	0.147263	0.585431	14	8.625000
A65	11	0.400000	0.182596	0.139685	0.657395	15	8.454545
A66	8	0.571429	0.171123	0.130345	0.371139	15	7.875000
A67	7	0.666667	0.160401	0.014110	0.315551	16	9.142858
A68	8	0.535714	0.151479	0.105924	0.240385	16	7.875000
A69	7	0.714286	0.139434	0.029867	0.128951	17	8.000000
A70	8	0.607143	0.139586	0.075300	0.133629	17	7.625000
A71	8	0.607143	0.123791	0.027870	0.069546	18	6.375000
A72	6	0.733333	0.123552	0.012258	0.044752	18	6.500000
A73	4	1.000000	0.110535	0.000000	0.021852	19	6.250000
A74	5	0.900000	0.116895	0.001141	0.030782	19	6.400000
A75	6	0.733333	0.122254	0.005281	0.042096	18	6.333333
A76	8	0.607143	0.131552	0.053097	0.085424	18	6.750000
A77	7	0.666667	0.137931	0.047584	0.108222	17	7.714286
A78	7	0.619048	0.149010	0.127389	0.173735	17	8.428572
A79	10	0.444444	0.157055	0.125881	0.293609	16	7.700000
A80	10	0.488889	0.169536	0.100283	0.421342	15	8.000000
A81	6	0.733333	0.150235	0.002069	0.221098	16	8.000000
A82	5	0.800000	0.165589	0.004054	0.251820	15	8.600000
A83	8	0.571429	0.183644	0.137933	0.486033	14	8.250000
A84	6	0.733333	0.181303	0.012769	0.438307	14	8.666667
A85	7	0.619048	0.194234	0.155270	0.532439	13	8.142858
A86	7	0.571429	0.191904	0.042817	0.587773	13	8.285714
A87	7	0.571429	0.204800	0.221633	0.620071	12	8.428572
A88	7	0.571429	0.195719	0.061917	0.620941	12	8.428572
A89	8	0.571429	0.206119	0.364016	0.694417	11	8.875000
A90	7	0.619048	0.193353	0.076955	0.577174	11	8.857142
A91	8	0.607143	0.197836	0.512942	0.586598	10	9.375000
A92	7	0.666667	0.183119	0.065774	0.456727	10	9.285714
A93	8	0.500000	0.185239	0.777434	0.346434	10	7.625000
A94	7	0.523810	0.182596	0.283594	0.285111	10	7.714286
A95	4	0.666667	0.163892	0.021564	0.089421	11	7.000000
A96	7	0.476190	0.170667	1.000000	0.099187	11	6.857143
A97	6	0.666667	0.151839	0.017923	0.035219	12	6.666667
A98	6	0.800000	0.152200	0.022623	0.028040	12	7.333333
A99	6	0.800000	0.137192	0.000747	0.019651	13	7.500000
A100	8	0.642857	0.156098	0.227876	0.031887	12	7.250000
A101	9	0.583333	0.156863	0.662692	0.033490	12	7.222222
A102	8	0.642857	0.140505	0.025896	0.020744	13	7.625000
A103	8	0.642857	0.140659	0.041418	0.018943	13	7.875000
A104	8	0.642857	0.143177	0.323107	0.017860	13	8.125000
A105	8	0.642857	0.143498	0.414821	0.015336	13	8.125000
A106	8	0.642857	0.129424	0.026886	0.012478	14	7.875000
A107	8	0.642857	0.129293	0.033949	0.010815	14	7.625000
A108	8	0.642857	0.131148	0.410146	0.009286	14	7.750000
A109	8	0.642857	0.131148	0.233511	0.007749	14	7.625000
A110	7	0.714286	0.119070	0.008652	0.006146	15	7.714286
A111	6	0.800000	0.118738	0.002940	0.004841	15	7.833333
A112	9	0.444444	0.120075	0.517965	0.004317	15	7.222222
A113	7	0.523810	0.118738	0.065384	0.003156	15	6.857143
A114	5	0.700000	0.108751	0.000734	0.001352	16	7.600000
A115	5	0.600000	0.108567	0.008111	0.000943	16	7.000000
A116	8	0.571429	0.109122	0.034505	0.001684	16	7.125000
A117	6	0.733333	0.099922	0.001752	0.000852	17	8.166667
A118	7	0.666667	0.109495	0.159581	0.001282	16	8.571428
A119	9	0.527778	0.109683	0.211971	0.001483	16	7.666667
A120	9	0.555556	0.100156	0.020626	0.001037	17	7.333333
A121	11	0.436364	0.100313	0.165423	0.000865	17	6.363636
A122	8	0.642857	0.100000	0.043688	0.000742	17	7.375000
A123	6	0.800000	0.099844	0.012272	0.000575	17	8.000000
A124	6	0.800000	0.091756	0.000559	0.000453	18	7.500000
A125	5	0.900000	0.091494	0.000082	0.000345	18	7.400000
A126	6	0.600000	0.091625	0.001475	0.000319	18	6.333333
A127	4	0.666667	0.091494	0.020647	0.000161	18	5.750000
A128	4	0.666667	0.091494	0.020647	0.000161	18	5.750000
A129	2	1.000000	0.083934	0.000000	0.000038	19	4.000000
