Node	Degree	Cluster_Coeff	Closeness	Betweenness	Eigenvector centrality	Eccentricity	Average neighbor degree
L-6	2	1.000000	0.087345	0.000000	0.000001	21	4.000000
L-5	3	0.666667	0.087360	0.000012	0.000001	21	3.666667
L-4	5	0.500000	0.095667	0.018298	0.000006	20	3.600000
L-3	4	0.666667	0.095649	0.006095	0.000006	20	4.250000
L-2	4	0.666667	0.104678	0.012013	0.000017	19	5.000000
L-1	5	0.500000	0.105631	0.036819	0.000036	19	5.200000
L0	6	0.533333	0.116643	0.039960	0.000121	18	7.166667
L1	7	0.523810	0.117772	0.034544	0.000197	18	8.000000
L2	9	0.472222	0.123028	0.127330	0.000332	18	8.111111
L3	11	0.381818	0.128774	0.324786	0.000554	17	9.090909
L4	9	0.500000	0.126521	0.039202	0.000626	17	10.222222
L5	10	0.466667	0.127296	0.079165	0.000830	17	10.300000
L6	10	0.466667	0.127719	0.054793	0.000991	17	10.200000
L7	10	0.400000	0.125883	0.059149	0.001067	17	9.600000
L8	8	0.464286	0.118810	0.014999	0.000903	18	9.250000
L9	6	0.466667	0.113332	0.002416	0.000488	18	8.333333
L10	6	0.600000	0.114977	0.001422	0.000837	18	7.333333
L11	5	0.700000	0.114898	0.001180	0.000753	18	7.400000
L12	6	0.600000	0.116999	0.002481	0.001605	18	7.500000
L13	8	0.571429	0.127101	0.009961	0.002027	17	8.000000
L14	11	0.418182	0.128641	0.057753	0.002334	17	8.090909
L15	10	0.466667	0.131212	0.064252	0.001858	17	9.100000
L16	10	0.466667	0.132925	0.055036	0.001315	16	9.400000
L17	11	0.400000	0.135047	0.137958	0.000982	16	9.181818
L18	11	0.436364	0.134356	0.324615	0.000713	16	9.454545
L19	11	0.454545	0.128675	0.099352	0.000505	17	9.181818
L20	11	0.472727	0.126042	0.134343	0.000384	17	8.545455
L21	7	0.619048	0.118246	0.006022	0.000203	18	8.428572
L22	8	0.500000	0.120270	0.016312	0.000209	17	8.875000
L23	7	0.666667	0.121529	0.008161	0.000218	17	9.285714
L24	10	0.444444	0.131662	0.098728	0.000397	16	9.100000
L25	7	0.523810	0.128774	0.210780	0.000273	16	9.428572
L26	7	0.428571	0.136825	0.292223	0.000341	15	9.142858
L27	7	0.476190	0.139815	0.895388	0.000699	15	8.857142
L28	6	0.666667	0.136004	0.292939	0.001239	16	9.166667
L29	8	0.571429	0.135745	0.479238	0.002032	16	8.750000
L30	9	0.388889	0.133458	0.662045	0.005116	17	8.000000
L31	9	0.472222	0.129813	0.212703	0.005102	17	7.111111
L32	6	0.600000	0.120999	0.003920	0.004504	18	6.666667
L33	4	1.000000	0.118331	0.000000	0.003875	18	6.750000
L34	5	0.700000	0.119292	0.012097	0.007612	18	6.000000
L35	7	0.476190	0.124563	0.591862	0.020329	18	6.285714
L36	4	0.500000	0.115322	0.045998	0.039947	19	6.750000
L37	7	0.380952	0.119521	0.555159	0.130821	19	7.285714
L38	8	0.464286	0.111285	0.074445	0.228304	20	8.000000
L39	8	0.535714	0.114005	0.090549	0.287705	20	9.250000
L40	10	0.444444	0.114713	0.233447	0.366052	20	9.000000
L41	10	0.466667	0.108009	0.020173	0.450326	21	9.300000
L42	13	0.397436	0.107335	0.163933	0.772386	21	9.846154
L43	14	0.384615	0.100443	0.068751	0.854605	22	9.500000
L44	14	0.439560	0.099225	0.047681	1.000000	22	10.428572
L45	13	0.448718	0.092837	0.022531	0.877738	23	10.076923
L46	11	0.472727	0.091526	0.017730	0.670329	23	9.727273
L47	8	0.571429	0.086662	0.001612	0.495349	24	10.000000
L48	7	0.476190	0.086020	0.002404	0.296390	24	9.000000
L49	7	0.523810	0.085401	0.008279	0.207642	24	9.142858
L50	10	0.466667	0.085343	0.009165	0.183543	24	7.900000
L51	9	0.555556	0.080888	0.000789	0.122820	25	7.777778
L52	4	1.000000	0.079687	0.000000	0.053802	25	8.250000
L53	5	0.900000	0.080588	0.000098	0.076596	25	8.400000
L54	9	0.500000	0.086005	0.018827	0.138353	24	7.888889
L55	10	0.466667	0.087436	0.035429	0.243652	24	8.800000
L56	9	0.472222	0.092545	0.027468	0.410932	23	9.777778
L57	11	0.454545	0.092613	0.021483	0.659168	23	10.090909
L58	12	0.469697	0.093254	0.010588	0.870054	23	11.250000
L59	12	0.454545	0.091526	0.005684	0.843364	23	10.416667
L60	12	0.454545	0.099047	0.033209	0.880537	22	10.916667
L61	6	0.533333	0.091661	0.004604	0.360231	23	8.833333
L62	6	0.600000	0.090563	0.001074	0.314957	23	8.166667
L63	4	0.666667	0.084936	0.000095	0.153685	24	6.750000
L64	5	0.600000	0.089991	0.002680	0.225181	23	8.400000
L65	10	0.466667	0.091409	0.007828	0.588748	23	9.500000
L66	12	0.439394	0.098636	0.030285	0.751916	22	10.500000
L67	11	0.472727	0.098325	0.076030	0.633188	22	10.454545
L68	12	0.378788	0.095011	0.079469	0.619039	23	10.250000
L69	8	0.464286	0.093306	0.028601	0.269012	23	9.000000
L70	8	0.464286	0.088617	0.037168	0.200098	24	8.875000
L71	4	0.833333	0.087992	0.000048	0.094026	24	8.250000
L72	9	0.444444	0.095777	0.045376	0.267283	23	8.777778
L73	8	0.392857	0.094169	0.031896	0.174662	23	7.750000
L74	8	0.464286	0.095175	0.055940	0.121202	23	7.250000
L75	5	0.800000	0.087575	0.000151	0.042137	24	6.600000
L76	4	1.000000	0.087284	0.000000	0.025797	24	6.500000
L77	6	0.600000	0.087590	0.008736	0.043533	24	5.833333
L78	7	0.428571	0.087806	0.024650	0.043087	24	5.857143
L79	3	0.666667	0.081204	0.000103	0.014919	25	6.666667
L87	1	0.000000	0.070690	0.000000	0.002592	27	4.000000
L88	4	0.500000	0.076055	0.012239	0.025112	26	6.000000
L89	6	0.600000	0.079738	0.000434	0.058229	25	7.833333
L90	11	0.400000	0.082248	0.034940	0.132807	25	7.727273
L91	8	0.500000	0.080471	0.001855	0.095427	25	8.000000
L92	6	0.666667	0.076698	0.001223	0.049690	26	7.333333
L93	7	0.428571	0.081844	0.004527	0.057940	25	6.857143
L94	8	0.392857	0.082479	0.013737	0.111956	25	7.375000
L95	5	0.600000	0.080875	0.001083	0.113519	25	7.400000
L96	7	0.523810	0.085299	0.001962	0.244876	24	7.714286
L97	7	0.619048	0.085431	0.003290	0.337714	24	8.571428
L98	8	0.500000	0.086662	0.022501	0.347444	24	8.250000
L99	8	0.607143	0.092373	0.010710	0.522997	23	10.250000
L100	7	0.619048	0.093481	0.019341	0.487398	23	10.571428
L101	6	0.666667	0.100443	0.006314	0.432616	22	11.500000
L102	11	0.418182	0.101547	0.033407	0.687201	22	11.000000
L103	11	0.454545	0.109310	0.128766	0.542755	21	10.454545
L104	13	0.410256	0.107381	0.084792	0.568565	21	9.461538
L105	8	0.571429	0.106556	0.038560	0.369121	21	10.000000
L106	7	0.571429	0.103980	0.007905	0.256426	21	9.000000
L107	7	0.428571	0.111633	0.196075	0.193492	20	8.285714
L108	7	0.523810	0.101671	0.015368	0.157180	21	7.142857
L109	6	0.600000	0.101526	0.022444	0.098672	21	6.333333
L110	4	0.833333	0.092373	0.000009	0.045717	22	5.750000
L111	4	0.833333	0.094561	0.000316	0.065867	22	6.500000
L112	6	0.666667	0.095011	0.001183	0.121252	22	6.833333
L113	10	0.377778	0.097594	0.021868	0.372568	22	8.100000
L114	10	0.444444	0.104700	0.124687	0.434857	21	9.400000
L115	10	0.511111	0.100544	0.030425	0.533097	22	10.600000
L116	11	0.472727	0.100910	0.028344	0.625821	22	10.909091
L117	12	0.393939	0.102929	0.121180	0.533895	22	10.083333
L118	10	0.400000	0.102590	0.064329	0.390201	22	9.400000
L119	9	0.388889	0.097652	0.090508	0.187678	23	9.222222
L120	9	0.388889	0.104175	0.103533	0.207702	22	9.111111
L121	7	0.619048	0.099880	0.043382	0.071795	23	9.571428
L122	8	0.500000	0.106374	0.072716	0.059163	22	9.375000
L123	7	0.619048	0.105097	0.038383	0.032512	22	9.142858
L124	8	0.428571	0.112261	0.165499	0.024576	21	9.250000
L125	7	0.333333	0.111062	0.105127	0.013288	21	8.428572
L126	9	0.388889	0.109912	0.144257	0.017195	21	9.222222
L127	12	0.378788	0.104241	0.064935	0.036586	22	9.500000
L128	11	0.472727	0.104964	0.060208	0.051930	22	9.636364
L129	11	0.400000	0.098851	0.025535	0.057679	23	9.454545
L130	12	0.439394	0.099740	0.063411	0.098987	23	9.166667
L131	7	0.619048	0.096668	0.009309	0.060059	23	9.857142
L132	6	0.733333	0.095980	0.011665	0.067981	23	9.666667
L133	10	0.444444	0.092425	0.021572	0.059438	24	7.600000
L134	6	0.666667	0.085946	0.000294	0.020642	25	7.666667
L135	4	1.000000	0.085680	0.000000	0.015093	25	8.000000
L136	6	0.600000	0.091375	0.004341	0.020848	24	7.666667
L137	5	0.600000	0.095120	0.001338	0.015970	23	8.400000
L138	6	0.600000	0.095302	0.001913	0.014113	23	8.500000
L139	7	0.523810	0.098851	0.007277	0.010928	22	7.571429
L140	8	0.500000	0.098617	0.009153	0.009249	22	6.875000
L141	4	0.833333	0.090072	0.000019	0.002698	23	6.000000
L142	4	0.833333	0.095833	0.001552	0.002470	22	6.250000
L143	5	0.700000	0.096128	0.001581	0.003493	22	6.200000
L150	4	1.000000	0.079509	0.000000	0.000145	25	6.500000
L151	5	0.900000	0.079522	0.000006	0.000187	25	6.400000
L152	6	0.800000	0.079535	0.000020	0.000228	25	6.166667
L153	6	0.800000	0.079535	0.000020	0.000228	25	6.166667
L154	9	0.472222	0.086317	0.048312	0.000764	24	5.777778
L155	7	0.666667	0.081629	0.003690	0.000451	25	6.285714
L156	6	0.733333	0.081616	0.002149	0.000433	25	6.666667
L157	5	0.700000	0.081629	0.000204	0.000554	25	6.600000
L158	7	0.380952	0.088664	0.055373	0.001972	24	6.428571
L159	4	0.500000	0.083084	0.002168	0.001743	25	5.500000
L160	5	0.500000	0.085241	0.022583	0.006597	25	6.200000
L161	5	0.600000	0.084864	0.002832	0.007767	25	5.800000
L162	4	0.833333	0.084835	0.000085	0.007604	25	6.500000
L163	5	0.600000	0.085709	0.001034	0.014478	25	7.200000
L164	11	0.363636	0.092322	0.065625	0.044834	24	7.363636
L165	10	0.466667	0.092390	0.013375	0.045317	24	8.300000
L166	11	0.400000	0.098929	0.062570	0.045547	23	9.454545
L167	9	0.527778	0.102485	0.019508	0.028915	22	9.333333
L168	11	0.436364	0.102527	0.033258	0.026142	22	9.000000
L169	10	0.444444	0.108809	0.078631	0.021274	21	9.000000
L170	8	0.428571	0.105810	0.035866	0.008497	21	7.250000
L171	7	0.380952	0.114555	0.305666	0.007619	20	7.571429
L172	8	0.464286	0.106510	0.025490	0.009067	21	7.375000
L173	5	0.600000	0.103656	0.012402	0.003022	21	6.400000
L174	4	0.666667	0.096931	0.003266	0.001769	22	6.000000
L175	5	0.500000	0.097537	0.006652	0.002333	22	6.200000
L176	6	0.533333	0.091711	0.001436	0.002715	23	6.333333
L177	6	0.600000	0.091982	0.050805	0.003205	23	7.833333
L178	6	0.800000	0.092407	0.000221	0.004025	23	7.666667
L179	8	0.571429	0.094382	0.004995	0.006031	23	7.500000
L180	9	0.527778	0.100524	0.086240	0.008949	22	8.000000
L181	9	0.500000	0.094633	0.051018	0.008570	23	8.000000
L182	8	0.642857	0.094867	0.002836	0.009530	23	8.500000
L183	11	0.418182	0.103398	0.106224	0.019109	22	8.909091
L184	9	0.527778	0.097120	0.016715	0.016328	23	9.222222
L185	8	0.642857	0.096202	0.009474	0.013887	23	8.875000
L186	8	0.642857	0.096518	0.010801	0.015440	23	8.750000
L187	10	0.422222	0.098170	0.044954	0.028068	23	8.700000
L188	8	0.642857	0.091092	0.007295	0.018067	24	8.375000
L189	8	0.642857	0.090448	0.005244	0.019449	24	8.250000
L190	8	0.642857	0.094365	0.012553	0.025166	23	8.375000
L191	8	0.642857	0.094347	0.013065	0.027669	23	8.375000
L192	8	0.642857	0.092820	0.005603	0.029048	23	8.125000
L193	8	0.642857	0.092407	0.003528	0.031108	23	8.000000
L194	9	0.500000	0.099462	0.082031	0.074999	22	7.888889
L195	8	0.642857	0.093149	0.006931	0.042196	23	7.750000
L196	8	0.642857	0.092185	0.005477	0.042802	23	7.375000
L197	7	0.714286	0.091880	0.003501	0.040085	23	7.428571
L198	8	0.500000	0.093167	0.028530	0.125057	23	7.750000
L199	6	0.733333	0.086632	0.000772	0.038092	24	6.833333
L200	5	0.800000	0.085827	0.000165	0.034144	24	6.800000
L201	5	0.400000	0.085901	0.002145	0.084801	24	6.000000
L202	3	0.666667	0.090251	0.000967	0.132079	23	7.666667
L203	8	0.500000	0.092049	0.008256	0.492301	23	9.500000
L204	10	0.533333	0.098558	0.023935	0.702670	22	10.400000
L205	9	0.555556	0.099601	0.016192	0.595211	22	10.111111
L206	6	0.733333	0.099146	0.000300	0.340947	22	10.166667
L207	8	0.464286	0.107128	0.126156	0.363561	21	9.250000
L208	7	0.619048	0.105945	0.009985	0.267484	21	8.571428
L209	6	0.533333	0.113667	0.135336	0.166734	20	8.000000
L210	7	0.380952	0.113126	0.033665	0.131751	20	7.142857
L211	6	0.533333	0.120940	0.156240	0.036377	19	7.333333
L212	6	0.666667	0.120010	0.017926	0.021412	19	7.333333
L213	7	0.571429	0.126746	0.249711	0.010142	18	7.571429
L214	6	0.800000	0.117772	0.001619	0.006769	19	7.833333
L215	9	0.500000	0.121470	0.094610	0.011127	19	7.555555
L216	9	0.583333	0.120590	0.042482	0.011306	19	7.222222
L217	8	0.642857	0.118725	0.031305	0.006166	19	7.500000
L218	8	0.642857	0.114450	0.008754	0.005439	20	7.500000
L219	9	0.444444	0.117578	0.195393	0.008348	20	7.555555
L220	6	0.800000	0.113979	0.003378	0.003765	20	7.833333
L221	6	0.666667	0.112998	0.002797	0.002845	20	7.333333
L222	7	0.476190	0.120502	0.124533	0.002375	19	6.714286
L223	6	0.400000	0.118951	0.306776	0.001477	19	6.166667
L224	4	0.833333	0.115831	0.000298	0.000498	19	6.500000
L225	5	0.600000	0.117274	0.045304	0.000333	19	6.800000
L226	8	0.428571	0.124812	0.393044	0.000643	18	7.125000
L227	7	0.476190	0.120212	0.018018	0.000277	18	8.000000
L228	8	0.464286	0.121205	0.035527	0.000387	18	9.000000
L229	9	0.500000	0.117467	0.030762	0.000474	18	9.333333
L230	11	0.454545	0.119865	0.036017	0.000629	18	9.272727
L231	11	0.418182	0.118415	0.071919	0.000696	18	9.545455
L232	12	0.348485	0.117578	0.042926	0.000695	18	8.500000
L233	9	0.444444	0.111359	0.014492	0.000478	19	8.555555
L234	7	0.619048	0.109047	0.008358	0.000320	19	8.857142
L235	6	0.800000	0.106647	0.001048	0.000263	20	8.166667
L236	7	0.714286	0.106761	0.002729	0.000319	20	8.000000
L237	10	0.488889	0.113306	0.063374	0.000490	19	8.300000
L238	8	0.642857	0.106601	0.006185	0.000400	20	7.875000
L239	8	0.642857	0.110276	0.014621	0.000543	20	8.125000
L240	8	0.642857	0.110349	0.017008	0.000601	20	8.625000
L241	9	0.500000	0.110840	0.031268	0.000668	20	8.555555
L242	8	0.642857	0.104481	0.003870	0.000668	21	8.375000
L243	9	0.500000	0.112110	0.068304	0.001851	20	8.222222
L244	10	0.533333	0.106215	0.013736	0.000887	21	7.600000
L245	9	0.583333	0.106170	0.008380	0.000831	21	7.666667
L246	6	0.800000	0.103505	0.001307	0.000690	21	8.166667
L247	7	0.571429	0.106442	0.065007	0.001918	21	7.714286
L248	6	0.800000	0.099008	0.001064	0.000533	22	7.666667
L249	7	0.571429	0.104986	0.021158	0.000499	21	7.285714
L250	7	0.523810	0.102380	0.006706	0.000339	21	7.285714
L251	5	0.700000	0.100992	0.001575	0.000139	21	6.600000
L252	7	0.571429	0.107706	0.026803	0.000190	20	6.857143
L253	7	0.476190	0.106807	0.015470	0.000206	20	7.142857
L254	5	0.800000	0.104898	0.002485	0.000111	20	7.200000
L255	8	0.428571	0.111883	0.027360	0.000235	19	7.375000
L256	9	0.444444	0.112616	0.032472	0.000310	19	8.000000
L257	7	0.619048	0.109143	0.001254	0.000321	19	9.285714
L258	10	0.444444	0.110594	0.009888	0.000455	19	8.800000
L259	7	0.571429	0.108455	0.007129	0.000312	19	8.714286
L260	5	0.500000	0.106261	0.005947	0.000161	19	7.600000
L261	5	0.500000	0.102485	0.002670	0.000065	19	5.800000
L262	4	0.666667	0.100890	0.000538	0.000036	19	5.750000
L263	6	0.600000	0.108478	0.005303	0.000058	18	6.666667
L264	7	0.571429	0.108502	0.009540	0.000066	18	6.714286
L265	8	0.464286	0.115136	0.043350	0.000230	18	8.250000
L266	8	0.642857	0.114765	0.016778	0.000087	17	8.000000
L267	9	0.583333	0.114792	0.027021	0.000092	17	7.666667
L268	7	0.714286	0.108738	0.000922	0.000073	18	7.428571
L269	7	0.666667	0.116562	0.005948	0.000094	17	8.285714
L270	7	0.666667	0.112973	0.004274	0.000079	17	8.285714
L271	11	0.381818	0.122304	0.041150	0.000144	16	7.636364
L272	8	0.535714	0.116426	0.037033	0.000061	16	7.875000
L273	6	0.800000	0.116480	0.004331	0.000040	16	8.166667
L274	7	0.619048	0.123423	0.066086	0.000077	16	8.285714
L275	7	0.666667	0.121293	0.037037	0.000044	15	8.000000
L276	8	0.571429	0.121559	0.033872	0.000033	15	7.000000
L277	8	0.500000	0.122364	0.080474	0.000028	15	7.125000
L278	8	0.392857	0.130253	0.162995	0.000041	14	7.750000
L279	5	0.700000	0.118555	0.020181	0.000013	15	7.600000
L280	7	0.523810	0.119235	0.066136	0.000014	15	7.571429
L281	7	0.476190	0.109767	0.034386	0.000006	16	8.000000
L282	8	0.571429	0.110252	0.019442	0.000006	16	9.000000
L283	9	0.444444	0.113152	0.083464	0.000009	16	8.777778
L284	8	0.535714	0.103958	0.008299	0.000005	17	8.625000
L285	9	0.388889	0.104306	0.038034	0.000008	17	8.111111
L286	4	0.833333	0.094975	0.000019	0.000002	18	7.500000
L287	5	0.700000	0.095066	0.001429	0.000002	18	7.200000
L288	8	0.571429	0.095686	0.002723	0.000003	18	7.500000
L289	9	0.472222	0.096406	0.006746	0.000005	18	8.000000
L290	11	0.454545	0.104503	0.020639	0.000007	17	8.818182
L291	11	0.418182	0.105631	0.040414	0.000008	17	9.363636
L292	10	0.511111	0.104854	0.016185	0.000006	17	9.400000
L293	9	0.500000	0.102087	0.011188	0.000005	17	9.000000
L294	8	0.500000	0.101567	0.013306	0.000003	17	8.500000
L295	6	0.666667	0.095833	0.000780	0.000002	18	8.500000
L296	6	0.533333	0.095247	0.002507	0.000001	18	6.333333
L297	3	1.000000	0.093341	0.000000	0.000000	18	6.000000
L298	3	1.000000	0.093341	0.000000	0.000000	18	6.000000
L299	9	0.388889	0.102317	0.032454	0.000002	17	7.111111
L300	9	0.500000	0.103742	0.011644	0.000003	17	8.888889
L301	10	0.466667	0.096780	0.006817	0.000004	18	9.300000
L302	11	0.454545	0.099720	0.012839	0.000005	18	9.818182
L303	10	0.466667	0.097442	0.009286	0.000005	18	9.700000
L304	10	0.422222	0.097480	0.012704	0.000005	18	9.400000
L305	7	0.523810	0.096649	0.004045	0.000004	18	9.285714
L306	8	0.428571	0.096818	0.015955	0.000004	18	7.875000
L307	6	0.533333	0.088711	0.000496	0.000002	19	6.500000
L308	2	1.000000	0.088319	0.000000	0.000001	19	7.000000
L313	2	1.000000	0.080797	0.000000	0.000000	20	5.500000
L314	5	0.700000	0.087070	0.002845	0.000001	19	6.000000
L315	6	0.666667	0.087868	0.009499	0.000002	19	6.500000
L316	7	0.619048	0.092545	0.002331	0.000003	19	7.571429
L317	7	0.714286	0.094579	0.004430	0.000004	18	7.571429
L318	8	0.642857	0.094975	0.015554	0.000005	18	7.750000
L319	10	0.466667	0.096184	0.023716	0.000007	18	8.100000
L320	9	0.500000	0.101033	0.018433	0.000008	18	8.888889
L321	8	0.642857	0.103591	0.020990	0.000009	17	9.250000
L322	10	0.422222	0.104175	0.050502	0.000012	17	9.200000
L323	11	0.400000	0.105163	0.074014	0.000015	17	9.454545
L324	10	0.488889	0.110594	0.047031	0.000019	17	9.900000
L325	9	0.527778	0.113486	0.060493	0.000019	16	9.666667
L326	10	0.422222	0.114240	0.108779	0.000023	16	9.700000
L327	11	0.472727	0.114162	0.096004	0.000030	16	9.909091
L328	10	0.488889	0.120648	0.125382	0.000035	16	9.500000
L329	8	0.642857	0.123944	0.093607	0.000035	15	9.625000
L330	8	0.642857	0.124284	0.085278	0.000039	15	9.625000
L331	11	0.436364	0.124253	0.195341	0.000051	15	9.090909
L332	9	0.500000	0.131212	0.283030	0.000083	15	8.888889
L333	9	0.555556	0.131489	0.102380	0.000063	14	8.888889
L334	9	0.583333	0.131385	0.085826	0.000063	14	8.888889
L335	9	0.527778	0.134938	0.223599	0.000091	14	8.777778
L336	9	0.444444	0.138997	1.000000	0.000153	14	8.555555
L337	9	0.500000	0.133673	0.534640	0.000054	14	8.666667
L338	10	0.400000	0.133960	0.686596	0.000047	14	7.900000
L339	6	0.600000	0.129041	0.039861	0.000029	15	9.000000
L340	8	0.464286	0.121500	0.252301	0.000010	15	8.625000
L341	8	0.571429	0.111037	0.030349	0.000003	16	9.000000
L342	9	0.500000	0.112009	0.099691	0.000004	16	9.555555
L343	10	0.444444	0.103291	0.018828	0.000003	17	9.400000
L344	11	0.454545	0.104241	0.043737	0.000004	17	9.818182
L345	10	0.488889	0.097044	0.009564	0.000004	18	10.000000
L346	10	0.466667	0.097120	0.012191	0.000004	18	9.800000
L347	9	0.388889	0.097461	0.031621	0.000005	18	9.111111
L348	7	0.380952	0.097233	0.018698	0.000004	18	9.000000
L349	5	0.400000	0.089507	0.004485	0.000002	19	7.400000
L350	8	0.250000	0.089555	0.010074	0.000003	19	7.000000
L351	4	0.500000	0.082684	0.000459	0.000001	20	6.000000
L352	5	0.600000	0.088131	0.000991	0.000001	19	6.600000
L353	6	0.600000	0.088147	0.003390	0.000002	19	6.833333
L354	6	0.733333	0.088116	0.000181	0.000003	19	7.500000
L355	9	0.444444	0.095777	0.020822	0.000005	18	7.777778
L356	9	0.444444	0.096184	0.022924	0.000005	18	8.111111
L357	8	0.642857	0.095484	0.008438	0.000006	18	8.250000
L358	8	0.642857	0.095484	0.004855	0.000007	18	8.750000
L359	11	0.436364	0.104503	0.066865	0.000015	17	9.454545
L360	9	0.500000	0.104175	0.035365	0.000010	17	8.777778
L361	8	0.642857	0.103334	0.005845	0.000010	17	9.000000
L362	10	0.488889	0.104002	0.009881	0.000015	17	9.100000
L363	11	0.472727	0.113435	0.092479	0.000022	16	9.181818
L364	8	0.642857	0.103248	0.001868	0.000010	17	8.375000
L365	7	0.714286	0.102717	0.000556	0.000009	17	8.428572
L366	8	0.571429	0.112539	0.018462	0.000017	16	8.875000
L367	8	0.500000	0.112110	0.039111	0.000012	16	7.500000
L368	6	0.600000	0.102569	0.001422	0.000005	17	6.666667
L369	4	0.666667	0.101464	0.003749	0.000002	17	5.750000
L370	5	0.500000	0.104437	0.008746	0.000002	17	5.800000
L371	4	0.500000	0.097633	0.000969	0.000001	18	5.250000
L372	7	0.428571	0.103785	0.011616	0.000001	17	6.428571
L373	5	0.700000	0.100585	0.001187	0.000001	17	7.600000
L374	7	0.571429	0.101382	0.001345	0.000002	17	7.857143
L375	6	0.666667	0.101899	0.004525	0.000002	17	8.666667
L376	7	0.476190	0.102485	0.011005	0.000002	17	7.714286
L377	7	0.523810	0.095429	0.005397	0.000002	18	8.000000
L378	6	0.400000	0.098422	0.018090	0.000002	18	8.166667
L379	8	0.428571	0.091275	0.010601	0.000002	19	7.875000
L380	7	0.619048	0.090909	0.002611	0.000001	19	7.428571
L381	4	0.833333	0.084419	0.000046	0.000001	20	7.000000
L382	4	0.833333	0.088209	0.000187	0.000001	19	7.500000
L383	9	0.444444	0.091762	0.009304	0.000002	19	7.555555
L384	10	0.466667	0.096332	0.014725	0.000003	18	8.700000
L385	11	0.436364	0.096556	0.016853	0.000003	18	8.727273
L386	8	0.535714	0.095594	0.002037	0.000002	18	9.500000
L387	10	0.444444	0.103120	0.027987	0.000003	17	9.000000
L388	10	0.488889	0.111434	0.047042	0.000004	16	8.500000
L389	11	0.436364	0.111086	0.035070	0.000004	16	7.727273
L390	9	0.500000	0.110033	0.012476	0.000003	16	7.333333
L391	6	0.533333	0.112210	0.006769	0.000003	16	7.500000
L392	4	0.500000	0.111062	0.012167	0.000002	16	6.750000
L393	5	0.400000	0.122424	0.033704	0.000008	15	7.000000
L394	6	0.666667	0.124875	0.070109	0.000011	15	8.000000
L395	9	0.472222	0.125946	0.168617	0.000019	15	7.333333
L396	9	0.555556	0.125978	0.835543	0.000017	15	7.444445
L397	6	0.866667	0.115030	0.000157	0.000006	16	7.500000
L398	8	0.607143	0.117855	0.348632	0.000007	16	6.625000
L399	7	0.761905	0.115056	0.000302	0.000007	16	7.142857
L400	5	1.000000	0.114818	0.000000	0.000004	16	7.400000
L401	7	0.571429	0.117772	0.693818	0.000004	16	6.428571
L402	4	0.500000	0.110520	0.464658	0.000001	17	7.000000
L403	6	0.466667	0.110398	0.563889	0.000001	17	6.000000
L404	7	0.571429	0.103958	0.578631	0.000000	18	5.857143
L405	5	0.800000	0.103699	0.119232	0.000000	18	6.600000
L406	4	1.000000	0.096072	0.000000	0.000000	19	7.000000
L407	9	0.416667	0.097997	0.927824	0.000000	19	5.333333
L408	7	0.619048	0.103742	0.137753	0.000000	18	6.000000
L409	6	0.600000	0.103721	0.159587	0.000000	18	6.333333
L410	5	0.700000	0.096649	0.027740	0.000000	19	6.200000
L411	4	0.833333	0.096631	0.013843	0.000000	19	6.250000
L412	5	0.500000	0.091576	0.144980	0.000000	20	6.000000
L413	5	0.400000	0.092493	0.812621	0.000000	20	6.600000
L414	7	0.428571	0.086722	0.239850	0.000000	21	6.571429
L415	6	0.666667	0.086317	0.122104	0.000000	21	7.000000
L416	7	0.619048	0.081483	0.098850	0.000000	22	8.142858
L417	6	0.800000	0.080941	0.013958	0.000000	22	8.166667
L418	8	0.642857	0.081151	0.073021	0.000000	22	7.750000
L419	9	0.583333	0.081456	0.138640	0.000000	22	7.666667
L420	11	0.400000	0.076971	0.107393	0.000000	23	8.363636
L421	8	0.642857	0.076475	0.023515	0.000000	23	8.250000
L422	8	0.642857	0.076522	0.041997	0.000000	23	8.500000
L423	8	0.642857	0.076971	0.058020	0.000000	23	8.750000
L424	8	0.642857	0.072540	0.023916	0.000000	24	8.750000
L425	8	0.642857	0.072361	0.024726	0.000000	24	8.375000
L426	8	0.642857	0.072382	0.023363	0.000000	24	8.500000
L427	10	0.466667	0.072911	0.044995	0.000000	24	9.000000
L428	9	0.500000	0.068525	0.038423	0.000000	25	8.555555
L429	8	0.642857	0.068319	0.009778	0.000000	25	8.500000
L430	9	0.500000	0.068553	0.007246	0.000000	25	9.000000
L431	10	0.400000	0.068610	0.024992	0.000000	25	9.300000
L432	7	0.523810	0.064537	0.001254	0.000000	26	8.000000
L433	7	0.523810	0.064420	0.000994	0.000000	26	7.857143
L434	4	0.666667	0.064188	0.000112	0.000000	26	7.750000
L435	6	0.600000	0.064221	0.000355	0.000000	26	7.833333
L436	11	0.400000	0.068356	0.022614	0.000000	25	8.272727
L437	8	0.571429	0.064595	0.001911	0.000000	26	9.000000
L438	10	0.488889	0.068610	0.011045	0.000000	25	9.600000
L439	13	0.346154	0.072985	0.065799	0.000000	24	9.076923
L440	10	0.488889	0.072932	0.028623	0.000000	24	9.300000
L441	10	0.488889	0.072879	0.008035	0.000000	24	9.400000
L442	11	0.381818	0.077484	0.195253	0.000000	23	8.909091
L443	12	0.409091	0.077388	0.040068	0.000000	23	9.416667
L444	12	0.378788	0.076994	0.031817	0.000000	23	8.250000
L445	9	0.583333	0.072382	0.001194	0.000000	24	9.333333
L446	6	0.800000	0.072204	0.000270	0.000000	24	10.166667
L447	10	0.466667	0.077185	0.061659	0.000000	23	9.700000
L448	12	0.424242	0.072783	0.013952	0.000000	24	9.333333
L449	8	0.642857	0.072183	0.002613	0.000000	24	9.000000
L450	10	0.533333	0.072445	0.033603	0.000000	24	8.700000
L451	10	0.555556	0.072466	0.069425	0.000000	24	9.000000
L452	8	0.714286	0.068253	0.002016	0.000000	25	8.875000
L453	7	0.809524	0.067845	0.000178	0.000000	25	8.571428
L454	6	0.933333	0.067799	0.000015	0.000000	25	8.833333
L455	9	0.555556	0.068086	0.027114	0.000000	25	7.888889
L456	9	0.527778	0.068086	0.027681	0.000000	25	7.666667
L457	6	0.800000	0.064122	0.002249	0.000000	26	8.166667
L458	7	0.714286	0.064254	0.002818	0.000000	26	8.142858
L459	8	0.642857	0.064562	0.004851	0.000000	26	8.375000
L460	8	0.642857	0.064545	0.004171	0.000000	26	8.125000
L461	8	0.642857	0.061197	0.000677	0.000000	27	7.750000
L462	9	0.500000	0.064612	0.022265	0.000000	26	8.111111
L463	11	0.418182	0.064847	0.013322	0.000000	26	7.909091
L464	7	0.714286	0.061204	0.000263	0.000000	27	8.142858
L465	6	0.800000	0.061144	0.000082	0.000000	27	8.333333
L466	9	0.416667	0.064604	0.005641	0.000000	26	7.777778
L467	6	0.666667	0.061152	0.000239	0.000000	27	7.833333
L468	4	0.666667	0.064412	0.000504	0.000000	26	8.250000
L469	10	0.377778	0.064949	0.010337	0.000000	26	8.500000
L470	8	0.428571	0.068676	0.019840	0.000000	25	9.000000
L471	8	0.500000	0.068818	0.022162	0.000000	25	9.750000
L472	8	0.464286	0.068837	0.007697	0.000000	25	9.250000
L473	8	0.500000	0.072911	0.013598	0.000000	24	9.750000
L474	10	0.400000	0.072847	0.044053	0.000000	24	9.200000
L475	9	0.583333	0.072645	0.002420	0.000000	24	9.888889
L476	9	0.527778	0.072455	0.003134	0.000000	24	9.000000
L477	6	0.666667	0.071943	0.000257	0.000000	24	8.500000
L478	4	0.666667	0.075998	0.002604	0.000000	23	7.250000
L479	8	0.464286	0.076440	0.008543	0.000000	23	7.375000
L480	6	0.533333	0.081006	0.030953	0.000000	22	6.666667
L481	5	0.700000	0.080993	0.018293	0.000000	22	7.400000
L482	6	0.333333	0.087116	0.574373	0.000000	21	5.833333
L483	5	0.600000	0.081297	0.006298	0.000000	22	6.400000
L484	7	0.333333	0.082316	0.484264	0.000000	22	8.714286
L485	6	0.666667	0.077173	0.021066	0.000000	23	9.333333
L486	9	0.472222	0.077448	0.205288	0.000000	23	9.222222
L487	7	0.619048	0.072550	0.025206	0.000000	24	9.571428
L488	9	0.472222	0.072645	0.079727	0.000000	24	9.777778
L489	10	0.444444	0.068319	0.042677	0.000000	25	8.700000
L490	9	0.527778	0.068104	0.022560	0.000000	25	8.000000
L491	8	0.571429	0.064337	0.001382	0.000000	26	7.500000
L492	4	0.833333	0.063942	0.000016	0.000000	26	7.250000
L493	6	0.600000	0.064221	0.004998	0.000000	26	6.833333
L494	6	0.466667	0.064238	0.008250	0.000000	26	6.000000
L495	4	0.500000	0.060869	0.001141	0.000000	27	5.500000
L496	4	0.500000	0.060869	0.001032	0.000000	27	5.500000
L497	6	0.533333	0.064404	0.008349	0.000000	26	6.333333
L498	6	0.666667	0.064387	0.005783	0.000000	26	6.666667
L499	7	0.523810	0.068553	0.020328	0.000000	25	7.571429
L500	6	0.600000	0.068216	0.008280	0.000000	25	8.000000
L501	8	0.571429	0.067956	0.007161	0.000000	25	6.875000
L502	9	0.527778	0.067984	0.008918	0.000000	25	6.888889
L503	8	0.500000	0.072246	0.118937	0.000000	24	7.750000
L504	6	0.800000	0.067569	0.000098	0.000000	25	7.833333
L505	7	0.666667	0.067579	0.004365	0.000000	25	7.285714
L506	8	0.571429	0.067588	0.016735	0.000000	25	6.250000
L507	7	0.619048	0.067469	0.015494	0.000000	25	6.000000
L508	5	0.800000	0.063357	0.000023	0.000000	26	6.000000
L509	4	1.000000	0.063341	0.000000	0.000000	26	6.000000
L510	4	1.000000	0.063341	0.000000	0.000000	26	6.000000
