Node	Degree	Cluster_Coeff	Closeness	Betweenness	Eigenvector centrality	Eccentricity	Average neighbor degree
A2	4	0.666667	0.222018	0.050844	0.077475	8	7.000000
A3	6	0.333333	0.253669	0.553212	0.209211	7	6.833333
A4	5	0.700000	0.250000	0.037391	0.246913	7	7.800000
A5	7	0.571429	0.266520	0.221046	0.355090	6	7.857143
A6	7	0.476190	0.267108	0.143732	0.350133	7	7.428571
A7	9	0.333333	0.292271	0.604143	0.404736	6	7.555555
A8	5	0.600000	0.239604	0.054995	0.127648	7	7.400000
A9	7	0.476190	0.250518	0.332264	0.126451	7	6.285714
A10	7	0.619048	0.247951	0.170199	0.128324	7	6.857143
A11	7	0.571429	0.228302	0.074110	0.108352	7	6.571429
A12	5	0.900000	0.223247	0.007841	0.073768	7	7.200000
A13	6	0.666667	0.224074	0.117843	0.081855	7	6.666667
A14	9	0.416667	0.237255	0.251374	0.201113	8	6.777778
A15	7	0.476190	0.230916	0.113913	0.209840	8	7.428571
A16	7	0.619048	0.234951	0.046087	0.336328	8	8.571428
A17	7	0.619048	0.239604	0.085294	0.369111	8	8.285714
A18	6	0.666667	0.243952	0.043284	0.349461	8	8.000000
A19	7	0.571429	0.256900	0.129023	0.521023	7	8.571428
A20	7	0.571429	0.272523	0.158718	0.572806	7	9.000000
A21	8	0.607143	0.280093	0.133409	0.738147	6	9.625000
A22	10	0.466667	0.303258	0.632728	0.874430	6	9.300000
A23	9	0.500000	0.288095	0.261683	0.804566	6	9.444445
A24	10	0.466667	0.304786	0.673266	0.879927	7	9.300000
A25	7	0.523810	0.282051	0.396574	0.562587	7	8.857142
A26	7	0.476190	0.276888	0.606941	0.373422	8	8.285714
A27	6	0.666667	0.251559	0.303665	0.218347	8	8.000000
A28	6	0.800000	0.239604	0.041911	0.184527	8	8.333333
A29	9	0.500000	0.230916	0.298096	0.230670	8	8.666667
A30	10	0.511111	0.261339	0.298518	0.301646	7	8.800000
A31	9	0.583333	0.248460	0.203356	0.259527	8	8.444445
A32	9	0.555556	0.228733	0.106959	0.232563	8	8.888889
A33	13	0.410256	0.251559	0.372773	0.326445	7	8.769231
A34	8	0.607143	0.245436	0.079722	0.221391	7	9.250000
A35	8	0.535714	0.242972	0.418969	0.184041	8	7.875000
A36	7	0.571429	0.218807	0.034638	0.146509	8	7.714286
A37	7	0.476190	0.219601	0.056912	0.138796	8	7.285714
A38	5	0.400000	0.231801	0.077017	0.102484	8	7.200000
A39	6	0.533333	0.238189	0.066357	0.157291	8	8.000000
A40	7	0.428571	0.267699	0.405772	0.218546	7	7.428571
A41	8	0.357143	0.295122	0.619268	0.370085	6	7.750000
A42	5	0.400000	0.268889	0.318576	0.182835	7	7.200000
A43	5	0.600000	0.266520	0.024559	0.290294	6	8.200000
A44	9	0.416667	0.310256	0.649694	0.595977	6	8.555555
A45	10	0.422222	0.309463	0.376868	0.841259	6	9.200000
A46	8	0.571429	0.287411	0.219404	0.794044	6	10.375000
A47	9	0.527778	0.286730	0.324248	0.793647	6	9.444445
A48	7	0.714286	0.242972	0.079239	0.428764	7	7.571429
A49	7	0.714286	0.242972	0.079239	0.428764	7	7.571429
A50	4	1.000000	0.196748	0.000000	0.165545	8	6.250000
A51	5	0.900000	0.213404	0.006669	0.244959	7	6.800000
A52	6	0.800000	0.227017	0.032284	0.347434	7	7.500000
A53	10	0.488889	0.267699	0.251917	0.774958	6	8.400000
A54	12	0.454545	0.288095	0.393751	1.000000	6	8.833333
A55	10	0.555556	0.290865	0.179857	0.962729	6	9.800000
A56	11	0.418182	0.298765	0.427951	0.904451	6	9.090909
A57	9	0.416667	0.283372	0.281516	0.552368	6	8.333333
A58	8	0.464286	0.293689	0.534518	0.420088	6	9.000000
A59	9	0.444444	0.273138	0.544974	0.331830	7	8.222222
A60	11	0.363636	0.273138	0.674202	0.349515	7	8.727273
A61	9	0.416667	0.244939	0.401507	0.236459	7	8.777778
A62	10	0.400000	0.243952	0.295746	0.245548	7	8.600000
A63	10	0.400000	0.221207	0.420385	0.182135	8	7.600000
A64	7	0.571429	0.213028	0.155868	0.130358	8	8.000000
A65	4	1.000000	0.182229	0.000000	0.047512	9	6.750000
A66	5	0.800000	0.183056	0.001828	0.051819	9	6.200000
A67	5	0.800000	0.183056	0.001828	0.051819	9	6.200000
A68	5	0.400000	0.183612	0.022098	0.042027	9	5.400000
A69	2	1.000000	0.172611	0.000000	0.012743	9	5.000000
A70	5	0.300000	0.206485	0.173250	0.069578	8	6.000000
A71	4	0.500000	0.213028	0.037120	0.078408	8	6.750000
A72	4	0.666667	0.230916	0.043940	0.126196	8	6.750000
A73	8	0.428571	0.253138	0.216946	0.245411	7	7.750000
A74	8	0.464286	0.266520	0.154416	0.356553	7	8.000000
A75	7	0.476190	0.273138	0.285653	0.424910	7	8.285714
A76	8	0.535714	0.271300	0.172366	0.672534	7	9.500000
A77	10	0.466667	0.298765	0.523545	0.864040	7	9.200000
A78	9	0.527778	0.282051	0.172620	0.825306	7	9.444445
A79	11	0.436364	0.297297	0.793536	0.961787	7	9.181818
A80	7	0.523810	0.273756	0.250447	0.549849	7	8.857142
A81	7	0.476190	0.269488	0.868970	0.325376	7	8.000000
A82	6	0.666667	0.230916	0.130286	0.144437	7	7.000000
A83	6	0.800000	0.221612	0.051683	0.096091	7	7.166667
A84	6	0.800000	0.202341	0.008812	0.070529	8	7.333333
A85	7	0.714286	0.227017	0.116024	0.103872	7	7.142857
A86	9	0.555556	0.231358	0.419044	0.119328	7	7.000000
A87	8	0.607143	0.198361	0.047546	0.078063	8	7.250000
A88	8	0.607143	0.204392	0.096739	0.075936	8	7.250000
A89	7	0.714286	0.213028	0.080258	0.071470	8	8.000000
A90	8	0.607143	0.213404	0.142647	0.079358	8	7.750000
A91	7	0.666667	0.195477	0.030956	0.067129	9	7.714286
A92	6	0.666667	0.200997	0.122991	0.075330	9	8.166667
A93	10	0.422222	0.226168	0.487621	0.130820	8	6.500000
A94	7	0.571429	0.200663	0.051418	0.076973	9	6.857143
A95	4	1.000000	0.185583	0.000000	0.037874	9	6.750000
A96	5	0.900000	0.191456	0.005046	0.061962	9	7.000000
A97	5	0.900000	0.191456	0.005046	0.061962	9	7.000000
A98	9	0.361111	0.228733	0.566173	0.235062	8	7.333333
A99	7	0.523810	0.266520	0.661126	0.378663	7	9.428572
A100	10	0.422222	0.300995	0.656907	0.816155	7	9.600000
A101	11	0.400000	0.309463	1.000000	0.861397	6	9.363636
A102	10	0.377778	0.318421	0.631878	0.797065	6	9.500000
A103	8	0.464286	0.290168	0.208373	0.639162	7	9.750000
A104	9	0.472222	0.292271	0.300207	0.650905	7	9.111111
A105	9	0.500000	0.264192	0.131131	0.642171	7	9.000000
A106	10	0.444444	0.275626	0.332271	0.605971	6	8.300000
A107	7	0.619048	0.252083	0.171378	0.362877	7	8.142858
A108	8	0.571429	0.241036	0.231335	0.360170	7	7.125000
A109	3	1.000000	0.195161	0.000000	0.076529	8	6.000000
A110	4	0.833333	0.195477	0.000430	0.106271	8	5.750000
A111	6	0.666667	0.217235	0.029546	0.203837	8	6.166667
A112	6	0.733333	0.235867	0.059485	0.290231	7	7.666667
A113	9	0.527778	0.260215	0.160328	0.589218	7	8.666667
A114	12	0.424242	0.289474	0.594711	0.919603	6	9.000000
A115	11	0.454545	0.302500	0.414557	0.971212	6	9.727273
A116	11	0.418182	0.297297	0.378076	0.935384	7	9.181818
A117	10	0.444444	0.298030	0.309079	0.865998	7	9.400000
A118	11	0.436364	0.280093	0.276549	0.732455	7	8.454545
A119	9	0.527778	0.264192	0.256881	0.529014	7	8.777778
A120	11	0.436364	0.270089	0.560950	0.554718	7	8.454545
A121	6	0.533333	0.227017	0.170416	0.189338	8	8.000000
A122	5	0.400000	0.208262	0.166014	0.078913	8	5.800000
A123	1	0.000000	0.172611	0.000000	0.009010	9	5.000000
