Node	Degree	Cluster_Coeff	Closeness	Betweenness	Eigenvector centrality	Eccentricity	Average neighbor degree
A15	4	1.000000	0.058917	0.000000	0.000000	25	6.500000
A16	6	0.600000	0.062430	0.131265	0.000000	24	6.833333
A17	6	0.800000	0.059292	0.004559	0.000000	25	6.666667
A18	7	0.714286	0.059334	0.013077	0.000000	25	6.714286
A19	7	0.714286	0.059334	0.013077	0.000000	25	6.714286
A20	8	0.500000	0.059747	0.257674	0.000000	25	7.250000
A21	8	0.571429	0.056712	0.025183	0.000000	26	7.250000
A22	8	0.571429	0.056732	0.050345	0.000000	26	7.500000
A23	7	0.666667	0.056828	0.169748	0.000000	26	7.857143
A24	7	0.714286	0.054058	0.010396	0.000000	27	7.857143
A25	8	0.642857	0.054067	0.023189	0.000000	27	7.625000
A26	8	0.642857	0.054067	0.035486	0.000000	27	7.500000
A27	8	0.642857	0.054172	0.121570	0.000000	27	7.625000
A28	8	0.642857	0.051666	0.014942	0.000000	28	7.875000
A29	7	0.714286	0.051658	0.009377	0.000000	28	8.142858
A30	7	0.666667	0.051642	0.017081	0.000000	28	8.000000
A31	9	0.555556	0.051745	0.095951	0.000000	28	7.444445
A32	9	0.583333	0.049468	0.014588	0.000000	29	7.333333
A33	7	0.761905	0.049425	0.002605	0.000000	29	7.571429
A34	6	0.933333	0.049381	0.000475	0.000000	29	7.833333
A35	7	0.761905	0.049512	0.015106	0.000000	29	7.571429
A36	8	0.642857	0.049520	0.036851	0.000000	29	7.250000
A37	7	0.666667	0.047444	0.002421	0.000000	30	7.142857
A38	6	0.600000	0.047477	0.009379	0.000000	30	6.500000
A39	7	0.523810	0.047484	0.017720	0.000000	30	6.428571
A40	4	1.000000	0.045485	0.000000	0.000000	31	6.500000
A41	6	0.600000	0.045615	0.003048	0.000000	31	5.666667
A42	7	0.523810	0.047390	0.008707	0.000000	30	5.428571
A43	5	0.700000	0.047424	0.008357	0.000000	30	6.000000
A44	5	0.700000	0.047424	0.008357	0.000000	30	6.000000
A45	5	0.600000	0.049330	0.018690	0.000000	29	6.000000
A46	7	0.476190	0.049454	0.045932	0.000000	29	5.857143
A47	6	0.666667	0.051507	0.030878	0.000000	28	6.666667
A48	6	0.800000	0.051459	0.002522	0.000000	28	7.166667
A49	6	0.800000	0.051459	0.002522	0.000000	28	7.166667
A50	8	0.607143	0.051666	0.054468	0.000000	28	7.000000
A51	8	0.607143	0.053893	0.046289	0.000000	27	7.125000
A52	8	0.607143	0.053859	0.032622	0.000000	27	7.375000
A53	7	0.714286	0.054024	0.013985	0.000000	27	8.000000
A54	8	0.642857	0.054085	0.052666	0.000000	27	7.875000
A55	8	0.642857	0.056511	0.063487	0.000000	26	7.875000
A56	8	0.642857	0.056492	0.048782	0.000000	26	7.875000
A57	8	0.642857	0.056693	0.037843	0.000000	26	7.875000
A58	8	0.642857	0.056741	0.050680	0.000000	26	8.000000
A59	8	0.642857	0.059397	0.083112	0.000000	25	8.000000
A60	8	0.642857	0.059408	0.067497	0.000000	25	8.000000
A61	8	0.642857	0.059640	0.058357	0.000000	25	8.125000
A62	8	0.642857	0.059672	0.047467	0.000000	25	8.125000
A63	8	0.642857	0.062593	0.105556	0.000000	24	8.125000
A64	8	0.642857	0.062617	0.088117	0.000000	24	8.250000
A65	9	0.500000	0.062887	0.286402	0.000000	24	8.111111
A66	8	0.642857	0.062617	0.040424	0.000000	24	8.250000
A67	8	0.642857	0.065815	0.138645	0.000000	23	8.250000
A68	9	0.500000	0.065867	0.300471	0.000000	23	7.888889
A69	8	0.642857	0.065764	0.219627	0.000000	23	8.250000
A70	8	0.642857	0.065481	0.035140	0.000000	23	8.125000
A71	8	0.642857	0.068958	0.204961	0.000000	22	8.125000
A72	8	0.642857	0.068916	0.329716	0.000000	22	8.125000
A73	8	0.642857	0.068774	0.170658	0.000000	22	8.000000
A74	8	0.642857	0.068437	0.028272	0.000000	22	8.000000
A75	8	0.642857	0.072214	0.283948	0.000000	21	8.000000
A76	8	0.642857	0.072136	0.348711	0.000000	21	8.000000
A77	8	0.642857	0.071950	0.121243	0.000000	21	7.875000
A78	8	0.642857	0.071551	0.019667	0.000000	21	7.625000
A79	8	0.642857	0.075655	0.380853	0.000000	20	7.375000
A80	8	0.642857	0.075536	0.354330	0.000000	20	7.125000
A81	7	0.714286	0.075298	0.067421	0.000000	20	7.142857
A82	6	0.800000	0.074827	0.009221	0.000000	20	7.166667
A83	6	0.666667	0.079290	0.505286	0.000000	19	6.500000
A84	6	0.533333	0.079121	0.349607	0.000000	19	5.833333
A85	4	0.500000	0.083168	0.633663	0.000000	18	5.250000
A86	4	0.500000	0.082941	0.239755	0.000000	18	4.750000
A87	5	0.500000	0.087353	0.767376	0.000000	17	4.200000
A88	4	0.666667	0.087058	0.124146	0.000000	17	4.500000
A89	4	0.666667	0.085765	0.001749	0.000000	17	4.250000
A90	5	0.500000	0.091856	0.913605	0.000001	16	4.000000
A91	3	0.666667	0.090030	0.006120	0.000001	16	4.333333
A92	4	0.333333	0.096709	0.938817	0.000006	16	3.750000
A93	3	0.666667	0.101917	0.235295	0.000017	17	4.000000
A94	4	0.500000	0.101979	0.708381	0.000037	17	3.750000
A95	4	0.500000	0.107717	0.482908	0.000120	18	3.750000
A96	4	0.500000	0.107717	0.477426	0.000200	18	3.750000
A97	4	0.500000	0.114062	0.734420	0.000859	19	4.250000
A98	3	0.666667	0.113984	0.242147	0.000848	19	4.666667
A99	6	0.266667	0.121026	1.000000	0.006838	20	5.833333
A100	6	0.533333	0.123026	0.204230	0.022204	21	7.333333
A101	7	0.476190	0.127814	0.791595	0.031603	21	7.428571
A102	7	0.571429	0.124258	0.053704	0.039514	22	7.714286
A103	8	0.500000	0.133095	0.630603	0.096049	22	8.625000
A104	8	0.642857	0.128156	0.121710	0.058224	22	7.875000
A105	9	0.583333	0.129694	0.297216	0.065919	22	7.777778
A106	9	0.527778	0.126177	0.037333	0.087785	23	8.333333
A107	9	0.500000	0.132937	0.250458	0.123536	23	8.555555
A108	8	0.642857	0.127135	0.064871	0.075753	23	8.500000
A109	8	0.642857	0.128846	0.185662	0.079377	23	8.625000
A110	8	0.642857	0.124814	0.031664	0.084590	24	8.625000
A111	9	0.500000	0.128550	0.164882	0.121601	24	8.444445
A112	8	0.642857	0.121114	0.016188	0.084611	24	8.250000
A113	9	0.444444	0.123753	0.195643	0.095612	24	8.222222
A114	9	0.555556	0.119557	0.029678	0.119696	25	7.777778
A115	9	0.527778	0.118921	0.022221	0.139862	25	7.777778
A116	6	0.733333	0.115797	0.003698	0.071671	25	7.833333
A117	5	0.900000	0.112605	0.000289	0.082235	26	8.000000
A118	7	0.619048	0.116847	0.020233	0.145611	26	7.714286
A119	9	0.472222	0.119900	0.030888	0.289186	26	8.333333
A120	8	0.500000	0.119472	0.011520	0.292609	26	8.375000
A121	8	0.464286	0.127328	0.144506	0.329686	25	8.625000
A122	5	0.700000	0.120547	0.001178	0.237237	26	8.800000
A123	6	0.400000	0.122486	0.018341	0.254185	26	7.333333
A124	4	0.166667	0.116765	0.014562	0.086242	27	6.750000
A125	4	0.666667	0.113752	0.003116	0.071001	27	7.500000
A126	8	0.392857	0.121774	0.042623	0.204465	26	8.375000
A127	7	0.619048	0.113791	0.009360	0.143150	27	9.142858
A128	11	0.436364	0.116725	0.049102	0.227524	27	9.272727
A129	10	0.488889	0.109872	0.040270	0.173867	28	8.800000
A130	11	0.509091	0.110197	0.027874	0.210767	28	9.363636
A131	8	0.642857	0.110197	0.011471	0.168424	28	9.750000
A132	11	0.472727	0.114962	0.049456	0.246734	28	9.727273
A133	10	0.466667	0.119387	0.093972	0.238961	27	10.000000
A134	10	0.577778	0.112153	0.024920	0.206165	28	9.600000
A135	10	0.577778	0.112153	0.024920	0.206165	28	9.600000
A136	9	0.444444	0.109263	0.030291	0.197483	29	9.888889
A137	10	0.488889	0.114530	0.057780	0.227144	28	9.700000
A138	10	0.444444	0.108766	0.029716	0.202806	29	9.000000
A139	10	0.377778	0.106995	0.057642	0.132468	29	7.800000
A140	7	0.523810	0.104231	0.014344	0.089495	29	7.857143
A141	4	0.833333	0.096821	0.000517	0.029861	30	7.000000
A142	4	0.666667	0.095714	0.000632	0.018541	30	5.750000
A143	7	0.523810	0.101608	0.006949	0.037652	29	6.142857
A144	5	0.600000	0.097925	0.005113	0.015706	29	6.000000
A145	6	0.600000	0.102041	0.008447	0.029070	29	6.666667
A146	7	0.523810	0.107648	0.036936	0.035593	28	6.571429
A147	6	0.600000	0.104231	0.015131	0.025447	28	6.333333
A148	5	0.700000	0.104167	0.005323	0.023925	28	6.800000
A149	7	0.476190	0.111778	0.052728	0.067281	27	7.428571
A150	8	0.464286	0.110234	0.023026	0.065470	27	7.125000
A151	7	0.523810	0.110561	0.003019	0.082990	27	7.857143
A152	8	0.428571	0.111518	0.043856	0.097982	27	8.125000
A153	6	0.533333	0.108979	0.006210	0.079965	27	8.500000
A154	6	0.466667	0.104687	0.055453	0.056911	28	7.166667
A155	3	0.666667	0.097696	0.002468	0.021747	29	7.000000
A156	5	0.400000	0.095989	0.039972	0.009031	29	4.200000
A157	3	1.000000	0.088671	0.000000	0.001405	30	4.666667
A158	4	0.666667	0.090590	0.002831	0.001675	30	4.250000
A159	5	0.500000	0.090811	0.007611	0.002385	30	4.400000
A160	4	0.500000	0.090126	0.007968	0.002779	31	5.750000
A161	6	0.533333	0.090909	0.007386	0.007331	31	6.500000
A162	8	0.571429	0.097186	0.029272	0.014495	30	6.625000
A163	8	0.642857	0.097158	0.011549	0.015970	30	6.750000
A164	8	0.464286	0.105412	0.098712	0.047699	29	7.500000
A165	5	0.700000	0.096486	0.001485	0.017997	30	7.200000
A166	6	0.800000	0.096431	0.001615	0.013322	30	7.166667
A167	7	0.714286	0.097045	0.003980	0.015259	30	7.000000
A168	7	0.619048	0.094128	0.003037	0.012674	30	6.571429
A169	7	0.523810	0.094874	0.013374	0.019987	30	6.714286
A170	4	0.500000	0.099791	0.014228	0.031699	29	7.750000
A171	7	0.476190	0.101239	0.021296	0.088749	29	7.857143
A172	5	0.900000	0.105879	0.001421	0.085323	28	9.800000
A173	10	0.400000	0.106790	0.028114	0.136636	28	7.700000
A174	11	0.418182	0.114608	0.067680	0.184773	27	8.545455
A175	9	0.416667	0.119430	0.033717	0.185592	26	8.777778
A176	11	0.363636	0.124814	0.165517	0.323467	26	9.272727
A177	8	0.428571	0.120201	0.032420	0.205346	26	9.125000
A178	6	0.533333	0.125374	0.017531	0.293569	26	10.333333
A179	10	0.355556	0.129244	0.214739	0.557790	26	10.100000
A180	6	0.466667	0.121597	0.012569	0.278637	27	9.000000
A181	8	0.428571	0.121951	0.092580	0.235691	27	9.125000
A182	9	0.361111	0.122174	0.178882	0.273704	27	8.222222
A183	8	0.500000	0.117379	0.071014	0.234779	28	8.750000
A184	10	0.422222	0.116279	0.121753	0.206163	28	9.200000
A185	9	0.555556	0.114923	0.120674	0.158717	28	8.555555
A186	8	0.642857	0.114569	0.031560	0.138306	28	8.500000
A187	9	0.500000	0.109049	0.017336	0.133564	29	8.222222
A188	10	0.422222	0.107510	0.079582	0.133166	29	9.200000
A189	7	0.571429	0.105313	0.014002	0.075393	29	7.857143
A190	6	0.533333	0.106620	0.012449	0.072848	29	7.500000
A191	5	0.300000	0.104426	0.014636	0.056507	29	6.400000
A192	6	0.533333	0.110415	0.022264	0.141648	28	7.666667
A193	5	0.700000	0.109513	0.009073	0.134586	28	8.200000
A194	7	0.571429	0.115002	0.034752	0.274034	27	8.857142
A195	8	0.464286	0.117792	0.044452	0.361120	27	9.250000
A196	10	0.444444	0.123708	0.067305	0.542831	26	9.300000
A197	11	0.436364	0.125704	0.033405	0.680153	26	9.454545
A198	11	0.381818	0.128205	0.105096	0.653258	26	9.090909
A199	7	0.619048	0.124628	0.003718	0.522654	26	10.857142
A200	9	0.444444	0.130604	0.027268	0.538689	25	9.888889
A201	8	0.535714	0.128352	0.025448	0.357806	25	9.625000
A202	13	0.371795	0.132046	0.219566	0.509829	25	9.076923
A203	9	0.472222	0.125421	0.094572	0.262133	25	9.333333
A204	11	0.381818	0.120547	0.101272	0.187960	26	8.000000
A205	7	0.523810	0.114062	0.019808	0.069055	26	7.428571
A206	6	0.533333	0.112871	0.009737	0.055220	26	7.333333
A207	4	0.500000	0.103555	0.004861	0.020031	27	6.250000
A208	6	0.466667	0.110707	0.007273	0.038264	26	6.333333
A209	6	0.466667	0.109549	0.008673	0.024054	26	5.833333
A210	6	0.600000	0.111407	0.002926	0.022550	25	7.166667
A211	5	0.700000	0.111111	0.002324	0.019701	25	7.200000
A212	6	0.600000	0.114765	0.006207	0.029821	25	7.000000
A213	8	0.321429	0.121289	0.080975	0.093702	25	7.625000
A214	8	0.428571	0.122621	0.058660	0.133604	25	7.875000
A215	7	0.619048	0.124489	0.032650	0.201959	25	9.428572
A216	9	0.444444	0.133946	0.281265	0.336237	24	9.444445
A217	8	0.535714	0.136068	0.120298	0.420139	24	10.375000
A218	14	0.351648	0.135190	0.202915	0.859554	25	9.642858
A219	12	0.424242	0.134484	0.161324	0.882736	25	10.416667
A220	13	0.384615	0.130097	0.095925	1.000000	26	10.307693
A221	10	0.511111	0.127086	0.035631	0.823292	26	11.000000
A222	11	0.381818	0.124582	0.115641	0.762213	27	10.454545
A223	10	0.444444	0.120158	0.040316	0.590978	27	10.100000
A224	12	0.378788	0.115917	0.079239	0.466411	28	8.583333
A225	11	0.436364	0.111741	0.026725	0.315085	28	7.727273
A226	6	0.600000	0.103651	0.003550	0.122117	29	7.333333
A227	5	0.700000	0.103715	0.000519	0.115210	29	8.000000
A228	8	0.500000	0.110161	0.013559	0.216160	28	8.375000
A229	7	0.428571	0.108239	0.007629	0.162712	28	7.714286
A230	8	0.464286	0.112605	0.031438	0.291279	28	9.000000
A231	6	0.800000	0.106417	0.000665	0.113816	28	8.000000
A232	8	0.571429	0.111222	0.020158	0.146226	27	7.750000
A233	9	0.527778	0.116319	0.062404	0.204307	27	8.111111
A234	8	0.642857	0.111185	0.017080	0.136929	27	8.250000
A235	8	0.642857	0.109908	0.009479	0.118756	27	8.250000
A236	8	0.642857	0.114844	0.035837	0.118155	26	8.625000
A237	9	0.555556	0.116279	0.040729	0.140325	26	9.111111
A238	10	0.488889	0.113329	0.026487	0.142648	26	9.000000
A239	8	0.642857	0.110053	0.007314	0.103818	26	9.250000
A240	9	0.527778	0.117010	0.094383	0.107612	25	8.888889
A241	12	0.409091	0.112681	0.038193	0.158648	26	9.000000
A242	10	0.533333	0.107717	0.012770	0.099322	26	8.400000
A243	8	0.571429	0.115081	0.084319	0.081612	25	8.750000
A244	6	0.800000	0.106756	0.000424	0.062278	26	9.166667
A245	9	0.500000	0.106824	0.034029	0.079414	26	8.444445
A246	7	0.619048	0.104557	0.009171	0.053520	26	7.571429
A247	5	0.800000	0.099142	0.000040	0.039570	27	8.200000
A248	5	0.500000	0.100390	0.000902	0.040272	27	7.600000
A249	10	0.422222	0.104231	0.009430	0.096073	27	8.400000
A250	8	0.428571	0.106315	0.012208	0.128947	27	9.375000
A251	10	0.444444	0.111965	0.033242	0.216274	27	9.700000
A252	7	0.619048	0.109872	0.006110	0.181228	27	9.428572
A253	8	0.571429	0.112529	0.012836	0.250746	27	9.125000
A254	7	0.666667	0.111481	0.003590	0.226628	27	8.571428
A255	6	0.733333	0.112078	0.001655	0.213347	27	8.833333
A256	6	0.666667	0.112947	0.003747	0.204276	27	8.333333
A257	5	0.500000	0.111148	0.037601	0.157181	28	8.200000
A258	5	0.600000	0.110634	0.002660	0.159446	28	8.400000
A259	7	0.428571	0.108625	0.053675	0.170004	29	8.428572
A260	9	0.416667	0.110089	0.038276	0.284850	29	9.000000
A261	10	0.511111	0.113714	0.025200	0.419707	28	8.900000
A262	8	0.678571	0.113061	0.008306	0.387769	28	9.875000
A263	6	0.800000	0.111333	0.003363	0.323376	28	10.666667
A264	11	0.381818	0.117092	0.027142	0.453513	27	8.181818
A265	12	0.378788	0.117958	0.068655	0.476923	27	8.250000
A266	9	0.527778	0.119686	0.023853	0.375261	26	8.666667
A267	12	0.393939	0.121026	0.077851	0.409284	26	8.833333
A268	10	0.511111	0.117051	0.031266	0.236780	26	8.600000
A269	11	0.436364	0.111001	0.036599	0.219497	27	9.090909
A270	10	0.422222	0.107372	0.022385	0.146514	27	8.700000
A271	10	0.400000	0.104459	0.027329	0.091703	27	7.500000
A272	8	0.428571	0.101793	0.010731	0.057025	27	7.250000
A273	4	1.000000	0.094713	0.000000	0.021904	28	7.000000
A274	5	0.800000	0.096793	0.000228	0.027656	28	6.600000
A275	5	0.800000	0.096793	0.000228	0.027656	28	6.600000
A276	6	0.533333	0.104459	0.013732	0.059333	27	7.333333
A277	7	0.666667	0.107752	0.004789	0.119154	27	8.714286
A278	7	0.619048	0.114805	0.042117	0.140010	26	8.285714
A279	7	0.619048	0.118333	0.020627	0.216094	26	9.142858
A280	7	0.476190	0.126463	0.115819	0.306834	25	9.428572
A281	10	0.422222	0.130047	0.117799	0.581378	25	9.300000
A282	8	0.571429	0.124721	0.028760	0.524887	26	10.375000
A283	9	0.472222	0.124258	0.034634	0.608131	26	10.444445
A284	12	0.424242	0.120982	0.061335	0.695960	27	9.916667
A285	11	0.454545	0.115797	0.039619	0.578409	28	9.727273
A286	11	0.381818	0.116198	0.081067	0.543298	28	9.545455
A287	9	0.472222	0.108943	0.038336	0.312998	29	9.111111
A288	6	0.666667	0.108309	0.019338	0.164024	29	9.166667
A289	7	0.619048	0.102321	0.005043	0.145144	30	8.857142
A290	11	0.418182	0.108484	0.034088	0.230239	29	8.818182
A291	9	0.527778	0.103299	0.023664	0.162168	30	8.888889
A292	8	0.642857	0.102290	0.007880	0.134058	30	9.125000
A293	9	0.527778	0.101608	0.014307	0.145738	30	9.222222
A294	11	0.418182	0.108274	0.078183	0.168287	29	9.636364
A295	12	0.393939	0.101546	0.031196	0.137142	30	8.833333
A296	8	0.642857	0.099613	0.007168	0.096025	30	9.500000
A297	8	0.642857	0.098675	0.009301	0.087017	30	9.250000
A298	12	0.454545	0.099230	0.061430	0.102333	30	8.083333
A299	10	0.555556	0.092593	0.002438	0.073109	31	7.800000
A300	6	0.800000	0.091405	0.000139	0.046803	31	8.333333
A301	6	0.800000	0.090590	0.000084	0.041132	31	8.000000
A302	6	0.800000	0.090492	0.000062	0.036359	31	7.666667
A303	6	0.800000	0.091405	0.000458	0.037531	31	8.000000
A304	6	0.666667	0.091530	0.000951	0.037782	31	8.000000
A305	8	0.500000	0.094233	0.008943	0.058890	31	8.000000
A306	6	0.400000	0.097158	0.005675	0.043722	30	7.166667
A307	7	0.428571	0.101392	0.023314	0.072984	30	7.428571
A308	5	0.600000	0.099054	0.008823	0.043967	30	6.600000
A309	4	0.666667	0.099200	0.001310	0.045858	30	6.500000
A310	8	0.428571	0.107029	0.053337	0.188105	29	7.875000
A311	8	0.571429	0.108169	0.010694	0.257116	29	8.875000
A312	10	0.400000	0.113752	0.027251	0.428681	28	9.700000
A313	11	0.381818	0.122621	0.095016	0.674939	27	10.545455
A314	11	0.436364	0.123071	0.072624	0.856423	27	10.818182
A315	11	0.454545	0.128846	0.104814	0.869174	26	10.454545
A316	10	0.511111	0.127328	0.044160	0.831285	26	10.800000
A317	10	0.466667	0.132937	0.129495	0.737942	25	10.500000
A318	10	0.400000	0.136679	0.242942	0.536707	24	9.600000
A319	10	0.400000	0.135958	0.288599	0.481457	24	9.800000
A320	10	0.377778	0.136567	0.612010	0.293361	23	9.200000
A321	7	0.714286	0.127522	0.010491	0.213855	24	9.571428
A322	8	0.642857	0.127570	0.017300	0.222229	24	9.000000
A323	10	0.444444	0.132306	0.089304	0.194762	23	8.300000
A324	11	0.454545	0.122397	0.032101	0.151744	24	7.545455
A325	8	0.642857	0.119132	0.007268	0.111828	24	7.500000
A326	6	0.800000	0.119005	0.002400	0.086370	24	8.166667
A327	6	0.800000	0.117875	0.003397	0.069551	24	7.833333
A328	6	0.733333	0.109299	0.000080	0.054438	25	7.000000
A329	6	0.600000	0.109692	0.000918	0.048738	25	7.166667
A330	5	0.600000	0.110854	0.001036	0.038863	25	8.200000
A331	7	0.428571	0.110452	0.002104	0.027577	25	6.714286
A332	11	0.290909	0.123252	0.107677	0.079513	24	7.090909
A333	8	0.464286	0.115358	0.041097	0.029394	25	6.875000
A334	6	0.666667	0.110707	0.003725	0.018124	25	7.166667
A335	6	0.666667	0.113984	0.016111	0.015835	24	6.833333
A336	5	0.800000	0.109980	0.002751	0.008127	24	6.200000
A337	6	0.600000	0.110964	0.024904	0.008377	24	6.000000
A338	5	0.500000	0.109585	0.018673	0.003974	23	5.800000
A339	6	0.533333	0.108979	0.020797	0.002579	23	6.166667
A340	6	0.666667	0.107786	0.020564	0.002102	22	6.500000
A341	6	0.800000	0.107510	0.002978	0.001967	22	6.666667
A342	6	0.800000	0.107510	0.002978	0.001967	22	6.666667
A343	8	0.500000	0.114883	0.040598	0.005641	22	6.500000
A344	8	0.500000	0.109944	0.044197	0.003449	21	6.500000
A345	6	0.666667	0.106688	0.000391	0.002582	22	7.000000
A346	7	0.380952	0.114962	0.041064	0.006295	22	6.285714
A347	7	0.380952	0.113829	0.022184	0.004733	21	5.857143
A348	4	0.666667	0.106080	0.007868	0.001361	22	5.000000
A349	4	0.666667	0.106080	0.007868	0.001361	22	5.000000
A350	2	1.000000	0.095961	0.000000	0.000292	23	4.000000
