Node	Degree	Cluster_Coeff	Closeness	Betweenness	Eigenvector centrality	Eccentricity	Average neighbor degree
A487	5	0.600000	0.192616	0.102646	0.072680	9	7.600000
A488	5	0.900000	0.170213	0.001434	0.046748	10	7.000000
A489	6	0.800000	0.171920	0.002672	0.056325	10	7.000000
A490	6	0.800000	0.163488	0.001825	0.059427	11	7.500000
A491	9	0.527778	0.188383	0.076012	0.119303	10	7.333333
A492	9	0.583333	0.180451	0.018722	0.091663	10	7.000000
A493	8	0.642857	0.171674	0.014650	0.091393	10	7.750000
A494	8	0.642857	0.185185	0.034064	0.102286	10	8.125000
A495	9	0.527778	0.200669	0.095983	0.142404	9	8.333333
A496	7	0.714286	0.194175	0.027203	0.092564	9	8.285714
A497	8	0.535714	0.196078	0.049111	0.116854	9	7.625000
A498	9	0.416667	0.213523	0.159029	0.160283	9	7.444445
A499	7	0.571429	0.218579	0.118667	0.085944	8	7.000000
A500	5	0.700000	0.212014	0.027718	0.061323	8	7.000000
A501	5	0.600000	0.211640	0.020071	0.055108	8	6.200000
A502	6	0.333333	0.239044	0.251037	0.105734	7	6.000000
A503	4	0.500000	0.215827	0.009883	0.057535	8	5.250000
A504	5	0.300000	0.243408	0.068405	0.133674	7	6.200000
A505	5	0.500000	0.236220	0.023546	0.197044	7	7.200000
A506	7	0.523810	0.256410	0.042861	0.375384	7	8.571428
A507	9	0.472222	0.272727	0.278220	0.512064	7	9.111111
A508	9	0.527778	0.260304	0.129484	0.510370	7	8.888889
A509	11	0.400000	0.265487	0.432375	0.580844	7	9.181818
A510	7	0.666667	0.223881	0.010462	0.367765	8	9.571428
A511	8	0.642857	0.233463	0.052387	0.406492	8	9.000000
A512	10	0.488889	0.241449	0.243227	0.450756	8	8.700000
A513	12	0.454545	0.228571	0.102762	0.489950	8	8.000000
A514	8	0.642857	0.202703	0.009081	0.314243	9	7.875000
A515	6	0.800000	0.202020	0.004187	0.246908	9	8.500000
A516	8	0.500000	0.207972	0.055965	0.262154	9	8.125000
A517	5	0.900000	0.191693	0.000125	0.185883	9	8.200000
A518	7	0.571429	0.198347	0.014872	0.274856	9	8.428572
A519	6	0.733333	0.194805	0.002582	0.249771	9	8.666667
A520	9	0.527778	0.224299	0.052930	0.389377	8	8.444445
A521	6	0.800000	0.193237	0.001025	0.242767	9	8.333333
A522	7	0.714286	0.202020	0.008501	0.280106	9	8.428572
A523	11	0.472727	0.233918	0.129954	0.456882	8	8.454545
A524	9	0.555556	0.231660	0.074945	0.383734	8	8.666667
A525	8	0.642857	0.203735	0.014561	0.314230	9	8.500000
A526	10	0.422222	0.220588	0.209393	0.356351	9	8.800000
A527	8	0.642857	0.231214	0.045428	0.341422	8	9.375000
A528	8	0.642857	0.228137	0.029820	0.316484	8	8.750000
A529	9	0.500000	0.225989	0.173283	0.306906	8	7.888889
A530	10	0.533333	0.240964	0.155492	0.383049	8	8.000000
A531	10	0.488889	0.256959	0.320924	0.399335	7	7.800000
A532	6	0.800000	0.215054	0.001317	0.218882	8	8.166667
A533	6	0.800000	0.223464	0.009222	0.219647	8	8.000000
A534	6	0.800000	0.226843	0.005899	0.244614	8	8.166667
A535	7	0.571429	0.241935	0.093306	0.323788	7	8.714286
A536	10	0.466667	0.270880	0.191373	0.545183	7	9.100000
A537	8	0.535714	0.291262	0.418137	0.511779	6	9.875000
A538	9	0.527778	0.280374	0.082883	0.543988	6	8.555555
A539	9	0.388889	0.294118	1.000000	0.632662	6	8.555555
A540	6	0.666667	0.267857	0.151141	0.386649	6	8.333333
A541	5	0.900000	0.252101	0.001381	0.299453	7	8.200000
A542	7	0.571429	0.262582	0.071188	0.417913	7	8.714286
A543	10	0.488889	0.277778	0.415855	0.577194	7	8.300000
A544	11	0.436364	0.292683	0.254710	0.671978	6	9.000000
A545	11	0.400000	0.281030	0.290182	0.604802	6	8.727273
A546	10	0.422222	0.275862	0.329416	0.509761	6	8.600000
A547	9	0.527778	0.267857	0.162885	0.464721	6	8.666667
A548	6	0.800000	0.236220	0.013140	0.291927	7	8.833333
A549	9	0.500000	0.262582	0.197930	0.406356	6	8.222222
A550	9	0.583333	0.263158	0.296531	0.428924	6	8.555555
A551	8	0.642857	0.244399	0.100916	0.347868	6	8.125000
A552	8	0.642857	0.231214	0.056331	0.336471	7	8.000000
A553	8	0.642857	0.249480	0.237250	0.353588	7	8.375000
A554	8	0.642857	0.248963	0.183754	0.349054	7	8.250000
A555	8	0.642857	0.231214	0.072684	0.341005	7	8.125000
A556	8	0.642857	0.222635	0.067315	0.355948	8	8.375000
A557	9	0.555556	0.240964	0.346756	0.455281	8	8.777778
A558	8	0.642857	0.221402	0.067056	0.363089	8	8.500000
A559	8	0.642857	0.206540	0.032930	0.352105	8	8.250000
A560	10	0.511111	0.214669	0.101687	0.490480	9	8.200000
A561	10	0.533333	0.213904	0.086034	0.475940	9	7.900000
A562	7	0.714286	0.196721	0.010620	0.282270	9	7.571429
A563	6	0.800000	0.184615	0.001412	0.244224	9	7.666667
A564	6	0.800000	0.184332	0.003806	0.268575	10	7.833333
A565	5	0.800000	0.183206	0.003622	0.217182	10	7.600000
A566	9	0.444444	0.197694	0.072955	0.584501	10	8.888889
A567	11	0.363636	0.229885	0.411507	0.808528	9	9.363636
A568	9	0.472222	0.210526	0.078541	0.678978	10	8.777778
A569	9	0.527778	0.229008	0.151822	0.793092	9	9.666667
A570	7	0.666667	0.195440	0.008766	0.566127	10	9.142858
A571	8	0.642857	0.206186	0.037889	0.615546	10	8.875000
A572	10	0.511111	0.228571	0.153875	0.759858	9	8.700000
A573	12	0.454545	0.215827	0.092942	0.817111	9	7.666667
A574	7	0.714286	0.189274	0.005236	0.447297	10	7.714286
A575	6	0.800000	0.188976	0.004322	0.387977	10	8.000000
A576	6	0.733333	0.189274	0.004433	0.377261	10	7.833333
A577	5	0.800000	0.179104	0.000468	0.297641	10	7.600000
A578	7	0.571429	0.203735	0.044097	0.513276	9	8.285714
A579	6	0.800000	0.203390	0.001163	0.498118	9	9.000000
A580	9	0.555556	0.215440	0.031441	0.724872	9	8.444445
A581	6	0.800000	0.228137	0.015902	0.530245	8	9.000000
A582	8	0.642857	0.233010	0.065200	0.670211	8	8.500000
A583	12	0.439394	0.248963	0.358130	1.000000	8	8.583333
A584	9	0.555556	0.245902	0.091077	0.804831	8	8.777778
A585	10	0.466667	0.269663	0.398842	0.832162	7	8.400000
A586	9	0.555556	0.273349	0.289813	0.822506	7	9.222222
A587	8	0.642857	0.240964	0.036781	0.777305	8	9.750000
A588	8	0.642857	0.237154	0.018092	0.725750	8	9.000000
A589	9	0.555556	0.263158	0.450169	0.759492	7	8.555555
A590	10	0.533333	0.239044	0.146916	0.824740	8	8.500000
A591	11	0.454545	0.240481	0.271450	0.871491	8	8.363636
A592	6	0.800000	0.223881	0.012492	0.507978	8	8.833333
A593	6	0.800000	0.222222	0.028259	0.494196	8	8.833333
A594	9	0.555556	0.206186	0.037709	0.664288	9	8.111111
A595	8	0.607143	0.205479	0.043338	0.594214	9	8.250000
A596	11	0.509091	0.218182	0.110377	0.829018	9	8.545455
A597	9	0.527778	0.216606	0.053395	0.680864	9	8.777778
A598	8	0.535714	0.216216	0.096338	0.587817	9	8.750000
A599	6	0.666667	0.189873	0.004459	0.369733	10	7.666667
A600	4	0.833333	0.188383	0.001553	0.216906	10	7.000000
A601	5	0.700000	0.179372	0.004850	0.307942	11	7.800000
A602	9	0.527778	0.206540	0.048181	0.587668	10	8.000000
A603	11	0.454545	0.209059	0.103686	0.777645	10	8.454545
A604	9	0.527778	0.207972	0.083301	0.688743	10	9.111111
A605	7	0.666667	0.191693	0.014404	0.520084	10	8.571428
A606	7	0.714286	0.191083	0.009157	0.508206	10	8.285714
A607	5	0.900000	0.180995	0.000146	0.364696	10	8.400000
