Node	Degree	Cluster_Coeff	Closeness	Betweenness	Eigenvector centrality	Eccentricity	Average neighbor degree
A10	4	1.000000	0.112801	0.000000	0.000022	16	6.750000
A11	5	0.900000	0.113448	0.000088	0.000030	16	7.000000
A12	6	0.800000	0.114249	0.000485	0.000039	16	7.000000
A13	7	0.714286	0.124302	0.009803	0.000051	15	7.571429
A14	9	0.583333	0.126781	0.038433	0.000072	15	8.222222
A15	9	0.583333	0.127416	0.029013	0.000082	15	8.666667
A16	8	0.642857	0.127052	0.017664	0.000084	15	8.875000
A17	12	0.363636	0.140823	0.205782	0.000117	14	8.833333
A18	11	0.436364	0.139827	0.160327	0.000126	14	9.090909
A19	8	0.642857	0.138737	0.039301	0.000118	14	9.250000
A20	9	0.527778	0.141382	0.180916	0.000134	14	9.111111
A21	8	0.642857	0.151489	0.243629	0.000147	13	9.250000
A22	9	0.500000	0.152790	0.182161	0.000170	13	8.444445
A23	8	0.642857	0.149832	0.082239	0.000175	13	8.625000
A24	8	0.642857	0.150465	0.091875	0.000191	13	9.000000
A25	9	0.500000	0.164510	0.400498	0.000258	12	8.555555
A26	8	0.642857	0.160072	0.127924	0.000245	12	8.375000
A27	7	0.571429	0.169202	0.788962	0.000630	11	7.714286
A28	5	0.900000	0.152137	0.000177	0.000182	12	8.400000
A29	10	0.511111	0.158504	0.087171	0.000270	12	7.500000
A30	11	0.418182	0.160072	0.198796	0.000272	12	7.545455
A31	6	0.733333	0.150465	0.018449	0.000181	12	7.666667
A32	5	0.700000	0.139280	0.008711	0.000105	13	8.200000
A33	8	0.535714	0.141833	0.026281	0.000130	13	7.625000
A34	6	0.666667	0.127599	0.001962	0.000062	14	7.166667
A35	6	0.800000	0.130979	0.001969	0.000058	14	7.666667
A36	8	0.607143	0.144598	0.050601	0.000094	13	8.250000
A37	9	0.555556	0.144715	0.071280	0.000100	13	8.111111
A38	7	0.714286	0.131268	0.002932	0.000058	14	8.000000
A39	8	0.535714	0.135671	0.032440	0.000063	14	8.000000
A40	11	0.454545	0.136503	0.040645	0.000080	14	7.636364
A41	8	0.571429	0.132935	0.008924	0.000055	14	7.500000
A42	5	0.800000	0.120596	0.000157	0.000032	15	7.800000
A43	6	0.800000	0.132539	0.002348	0.000040	14	7.833333
A44	6	0.800000	0.132539	0.002348	0.000040	14	7.833333
A45	8	0.500000	0.148457	0.079588	0.000073	13	8.375000
A46	9	0.472222	0.137878	0.031274	0.000070	14	8.666667
A47	10	0.400000	0.140047	0.133068	0.000077	14	9.000000
A48	9	0.500000	0.128427	0.032747	0.000051	15	8.222222
A49	10	0.422222	0.131172	0.098079	0.000050	15	8.100000
A50	5	0.900000	0.118667	0.000743	0.000021	16	8.400000
A51	7	0.619048	0.128892	0.042711	0.000031	15	8.000000
A52	7	0.619048	0.118984	0.009464	0.000025	16	7.571429
A53	9	0.416667	0.121336	0.046058	0.000029	16	7.444445
A54	6	0.600000	0.117182	0.007491	0.000017	16	7.666667
A55	7	0.619048	0.118430	0.007525	0.000020	16	7.714286
A56	6	0.733333	0.117105	0.001838	0.000017	16	7.500000
A57	6	0.800000	0.116340	0.000251	0.000018	16	7.500000
A58	10	0.422222	0.130307	0.174164	0.000048	15	7.700000
A59	10	0.488889	0.118746	0.015635	0.000026	16	6.700000
A60	6	0.800000	0.116188	0.000312	0.000018	16	7.333333
A61	6	0.666667	0.126062	0.012924	0.000028	15	8.333333
A62	6	0.533333	0.117105	0.008229	0.000017	16	7.166667
A63	5	0.400000	0.110628	0.006729	0.000014	17	7.800000
A64	6	0.533333	0.118509	0.006663	0.000019	16	6.833333
A65	8	0.392857	0.121419	0.048003	0.000030	16	7.375000
A66	6	0.800000	0.118272	0.001439	0.000025	16	7.833333
A67	7	0.714286	0.119383	0.004764	0.000033	16	8.285714
A68	9	0.527778	0.129455	0.064942	0.000050	15	8.444445
A69	9	0.500000	0.120760	0.037593	0.000043	16	7.888889
A70	8	0.642857	0.117647	0.002968	0.000040	16	7.875000
A71	12	0.409091	0.129455	0.076219	0.000082	15	8.500000
A72	8	0.607143	0.127874	0.022675	0.000051	15	8.625000
A73	6	0.800000	0.118115	0.001812	0.000033	16	8.500000
A74	6	0.666667	0.116340	0.002986	0.000030	16	7.666667
A75	8	0.428571	0.127690	0.040585	0.000045	15	7.000000
A76	4	0.666667	0.123354	0.006467	0.000015	15	5.750000
A77	4	0.666667	0.134746	0.018562	0.000021	14	6.000000
A78	5	0.500000	0.136608	0.045865	0.000032	14	6.200000
A79	7	0.380952	0.150720	0.096651	0.000096	13	7.142857
A80	8	0.535714	0.150465	0.090702	0.000104	13	7.875000
A81	8	0.571429	0.149958	0.128072	0.000105	13	8.250000
A82	8	0.500000	0.137664	0.048714	0.000064	14	7.875000
A83	8	0.500000	0.137558	0.061060	0.000046	14	7.125000
A84	4	0.833333	0.123440	0.000180	0.000018	15	6.750000
A85	4	0.833333	0.124389	0.000473	0.000015	15	6.500000
A86	7	0.476190	0.128335	0.039673	0.000031	15	7.000000
A87	7	0.428571	0.128150	0.016664	0.000032	15	7.857143
A88	9	0.500000	0.129267	0.021589	0.000058	15	8.666667
A89	10	0.466667	0.139717	0.090225	0.000084	14	8.800000
A90	9	0.472222	0.150211	0.158405	0.000113	13	8.555555
A91	8	0.392857	0.162706	0.182838	0.000161	12	7.750000
A92	8	0.464286	0.159785	0.390491	0.000252	12	6.750000
A93	5	0.600000	0.164815	0.206099	0.000414	11	6.000000
A94	4	0.833333	0.161232	0.060691	0.000398	11	5.750000
A95	5	0.600000	0.163453	0.259662	0.000818	11	5.400000
A96	5	0.500000	0.168561	0.351066	0.002000	10	4.600000
A97	5	0.300000	0.175542	1.000000	0.004109	10	5.000000
A98	4	0.500000	0.176763	0.671787	0.011791	9	5.000000
A99	4	0.500000	0.175889	0.671332	0.020778	9	5.250000
A100	6	0.533333	0.176763	0.990380	0.076470	9	6.166667
A101	6	0.666667	0.175542	0.352143	0.089758	9	6.500000
A102	6	0.800000	0.163603	0.010372	0.114922	10	7.166667
A103	6	0.800000	0.168720	0.024358	0.141562	10	7.500000
A104	8	0.642857	0.173152	0.358426	0.192667	10	7.125000
A105	9	0.583333	0.175716	0.924529	0.240369	10	7.111111
A106	8	0.642857	0.162113	0.026668	0.266509	11	7.500000
A107	8	0.642857	0.168242	0.199127	0.336623	11	8.125000
A108	8	0.642857	0.170825	0.522389	0.422588	11	8.875000
A109	8	0.571429	0.172983	0.571558	0.465825	11	9.000000
A110	7	0.619048	0.157522	0.039077	0.421500	12	8.857142
A111	11	0.400000	0.164510	0.431370	0.799610	12	9.363636
A112	12	0.363636	0.166979	0.563161	0.981041	12	9.833333
A113	11	0.418182	0.154113	0.122341	1.000000	13	10.545455
A114	11	0.418182	0.153448	0.137832	0.873759	13	9.454545
A115	11	0.436364	0.142286	0.153553	0.795177	14	9.545455
A116	10	0.488889	0.141833	0.097176	0.602612	14	9.200000
A117	10	0.422222	0.130307	0.072044	0.441301	15	8.500000
A118	8	0.428571	0.128986	0.076475	0.275899	15	8.000000
A119	6	0.600000	0.119143	0.024282	0.158635	16	7.500000
A120	7	0.476190	0.118430	0.030800	0.159276	16	7.285714
A121	4	0.666667	0.108802	0.003464	0.049014	17	6.500000
A122	7	0.428571	0.117337	0.055435	0.083476	16	6.428571
A123	6	0.600000	0.108470	0.008469	0.028237	17	6.500000
A124	6	0.733333	0.108537	0.008533	0.026968	17	7.166667
A125	6	0.800000	0.105889	0.000273	0.021887	17	7.166667
A126	8	0.607143	0.108669	0.022376	0.033673	17	6.750000
A127	8	0.642857	0.115434	0.038957	0.032489	16	6.875000
A128	8	0.642857	0.115360	0.033237	0.036621	16	7.000000
A129	7	0.714286	0.115285	0.017234	0.033860	16	7.285714
A130	6	0.800000	0.115210	0.008066	0.031618	16	7.666667
A131	8	0.535714	0.124912	0.122437	0.071916	15	6.625000
A132	7	0.571429	0.124650	0.062215	0.068589	15	6.571429
A133	4	1.000000	0.123098	0.000000	0.058134	15	7.000000
A134	5	0.600000	0.125352	0.021239	0.091559	15	7.000000
A135	8	0.357143	0.136713	0.248338	0.277501	14	7.375000
A136	5	0.800000	0.133935	0.001348	0.278737	14	8.200000
A137	8	0.571429	0.137878	0.018131	0.509144	14	8.250000
A138	6	0.733333	0.135053	0.001121	0.384806	14	8.166667
A139	6	0.600000	0.136190	0.005101	0.429330	14	8.333333
A140	7	0.666667	0.138092	0.008601	0.553070	14	9.142858
A141	7	0.619048	0.137664	0.017301	0.495534	14	8.571428
A142	8	0.464286	0.138737	0.168964	0.446432	14	8.500000
A143	7	0.523810	0.127507	0.014949	0.322107	15	8.571428
A144	8	0.535714	0.124215	0.073191	0.174853	15	6.875000
A145	7	0.666667	0.113665	0.011855	0.099851	16	6.428571
A146	4	0.833333	0.110834	0.003155	0.044260	16	6.250000
A147	4	0.833333	0.102299	0.000043	0.036115	17	5.750000
A148	6	0.733333	0.113304	0.008222	0.077133	16	6.333333
A149	6	0.733333	0.113593	0.009738	0.095319	16	7.000000
A150	9	0.444444	0.127052	0.070864	0.225701	15	7.333333
A151	8	0.464286	0.118430	0.021248	0.221854	16	7.750000
A152	9	0.444444	0.130117	0.057874	0.381534	15	8.666667
A153	9	0.444444	0.130786	0.034735	0.485995	15	9.111111
A154	11	0.418182	0.141382	0.093253	0.773019	14	9.090909
A155	10	0.488889	0.153316	0.258675	0.882873	13	10.000000
A156	11	0.436364	0.152790	0.093615	0.936715	13	9.636364
A157	11	0.436364	0.151489	0.068143	0.883974	13	9.181818
A158	12	0.393939	0.152007	0.299590	0.828920	13	9.000000
A159	7	0.571429	0.135878	0.003357	0.442865	14	8.428572
A160	7	0.619048	0.146141	0.011111	0.470902	13	9.285714
A161	7	0.571429	0.145544	0.038935	0.422412	13	8.714286
A162	6	0.800000	0.134951	0.000582	0.333327	14	8.666667
A163	10	0.444444	0.138092	0.021000	0.525403	14	8.300000
A164	12	0.409091	0.151748	0.174012	0.775103	13	9.000000
A165	8	0.642857	0.136608	0.017965	0.376756	14	8.125000
A166	8	0.642857	0.137028	0.029696	0.351168	14	8.125000
A167	8	0.535714	0.138306	0.060570	0.326410	14	8.000000
A168	8	0.464286	0.139717	0.056224	0.378128	14	8.250000
A169	6	0.666667	0.125529	0.015808	0.190457	15	7.166667
A170	7	0.476190	0.126152	0.057131	0.172537	15	6.428571
A171	4	0.666667	0.114987	0.001166	0.064430	16	6.000000
A172	5	0.600000	0.116645	0.008626	0.081312	16	6.800000
A173	6	0.533333	0.117647	0.014723	0.120446	16	7.000000
A174	8	0.535714	0.116951	0.015483	0.137074	16	6.375000
A175	6	0.600000	0.116416	0.013024	0.105533	16	6.833333
A176	4	1.000000	0.106587	0.000000	0.054931	17	6.500000
A177	5	0.900000	0.113665	0.000415	0.077280	16	6.800000
A178	7	0.619048	0.117028	0.017685	0.161604	16	7.285714
A179	9	0.444444	0.126690	0.049020	0.218247	15	7.000000
A180	9	0.472222	0.129079	0.069523	0.382156	15	8.333333
A181	7	0.619048	0.138737	0.061781	0.406314	14	9.428572
A182	7	0.571429	0.140379	0.026378	0.466971	14	9.428572
A183	10	0.422222	0.151877	0.118784	0.655036	13	8.300000
A184	8	0.607143	0.149329	0.008894	0.567198	13	8.500000
A185	9	0.500000	0.162706	0.306716	0.614900	12	8.333333
A186	4	1.000000	0.140379	0.000000	0.207782	13	7.000000
A187	5	0.900000	0.143664	0.000731	0.274860	13	7.400000
A188	6	0.800000	0.146382	0.002649	0.364335	13	7.833333
