Node	Degree	Cluster_Coeff	Closeness	Betweenness	Eigenvector centrality	Eccentricity	Average neighbor degree
A5	3	1.000000	0.112543	0.000000	0.000223	15	5.000000
A6	3	1.000000	0.112543	0.000000	0.000223	15	5.000000
A7	6	0.600000	0.126631	0.044494	0.000886	14	4.833333
A8	6	0.600000	0.126631	0.044494	0.000886	14	4.833333
A9	5	0.800000	0.143640	0.025047	0.001537	13	6.000000
A10	6	0.666667	0.144353	0.075632	0.002531	13	5.833333
A11	6	0.666667	0.144353	0.075632	0.002531	13	5.833333
A12	6	0.533333	0.166561	0.147267	0.006926	12	6.500000
A13	6	0.533333	0.167305	0.158570	0.009895	12	7.000000
A14	8	0.428571	0.173740	0.218058	0.015052	11	7.000000
A15	6	0.666667	0.172596	0.119357	0.011397	11	7.333333
A16	6	0.800000	0.154938	0.006217	0.009777	12	7.000000
A17	6	0.800000	0.157452	0.009957	0.010909	12	6.833333
A18	8	0.642857	0.165928	0.129645	0.017608	12	7.000000
A19	8	0.642857	0.165928	0.129645	0.017608	12	7.000000
A20	6	0.800000	0.154938	0.007240	0.014951	12	7.333333
A21	7	0.571429	0.158500	0.054000	0.026321	12	7.571429
A22	9	0.416667	0.169251	0.264771	0.051625	11	7.444445
A23	9	0.444444	0.161928	0.067325	0.087268	11	7.555555
A24	9	0.416667	0.166349	0.140774	0.088915	11	7.555555
A25	7	0.523810	0.153486	0.045127	0.035669	11	7.000000
A26	6	0.600000	0.152503	0.030268	0.032456	11	7.000000
A27	5	0.600000	0.144592	0.011128	0.019801	12	5.800000
A28	3	0.666667	0.134912	0.000516	0.007283	12	5.000000
A29	4	0.333333	0.142082	0.038235	0.012945	12	5.000000
A30	5	0.600000	0.151796	0.053660	0.053138	12	6.000000
A31	5	0.900000	0.159659	0.004317	0.072474	11	6.800000
A32	6	0.800000	0.161629	0.009932	0.096846	11	6.833333
A33	7	0.714286	0.167626	0.022663	0.126991	11	6.857143
A34	8	0.642857	0.171354	0.055714	0.166465	11	7.000000
A35	8	0.642857	0.185028	0.074161	0.205382	10	7.625000
A36	8	0.642857	0.187411	0.050913	0.242567	10	8.000000
A37	8	0.642857	0.195522	0.063070	0.300023	10	8.625000
A38	9	0.500000	0.201229	0.117265	0.392864	10	8.777778
A39	10	0.466667	0.217247	0.296049	0.440462	9	8.700000
A40	8	0.642857	0.201849	0.035232	0.442559	10	9.375000
A41	11	0.418182	0.213703	0.347235	0.668680	10	9.272727
A42	10	0.466667	0.226840	0.295353	0.657949	9	9.900000
A43	10	0.444444	0.225279	1.000000	0.602745	9	9.200000
A44	9	0.555556	0.210273	0.137767	0.656741	10	10.000000
A45	13	0.358974	0.224315	0.732610	1.000000	10	10.153846
A46	9	0.555556	0.205008	0.119941	0.649110	10	10.000000
A47	8	0.642857	0.201384	0.082200	0.523878	10	9.375000
A48	10	0.422222	0.190545	0.352022	0.544223	11	8.800000
A49	10	0.511111	0.192364	0.076282	0.571239	11	8.600000
A50	8	0.642857	0.175839	0.016576	0.383228	11	7.875000
A51	6	0.800000	0.173625	0.003592	0.282753	11	8.000000
A52	6	0.800000	0.165718	0.003353	0.265370	12	8.000000
A53	6	0.666667	0.163444	0.002014	0.243422	12	7.333333
A54	8	0.357143	0.173052	0.033771	0.350870	11	7.500000
A55	6	0.600000	0.180814	0.011392	0.325781	11	8.166667
A56	6	0.733333	0.182578	0.003567	0.358765	11	8.500000
A57	6	0.800000	0.189443	0.006288	0.391964	10	8.833333
A58	11	0.400000	0.193930	0.113539	0.700362	10	8.818182
A59	12	0.363636	0.216350	0.207553	0.871186	10	9.333333
A60	8	0.642857	0.205329	0.031953	0.571695	10	9.375000
A61	10	0.444444	0.216350	0.472541	0.681285	9	9.200000
A62	11	0.454545	0.216172	0.162201	0.852154	10	9.909091
A63	11	0.363636	0.234557	0.875200	0.753021	9	9.636364
A64	8	0.642857	0.209432	0.038392	0.509386	10	9.125000
A65	9	0.527778	0.219247	0.180151	0.563210	10	9.444445
A66	8	0.642857	0.209265	0.105647	0.439190	10	9.375000
A67	8	0.535714	0.209432	0.154085	0.393042	10	9.125000
A68	8	0.535714	0.193073	0.090861	0.306705	11	8.625000
A69	11	0.363636	0.196697	0.324182	0.311242	11	8.000000
A70	9	0.472222	0.187277	0.082352	0.243106	11	8.222222
A71	7	0.523810	0.174783	0.152545	0.141376	11	8.571428
A72	6	0.733333	0.170130	0.014530	0.119356	12	8.833333
A73	8	0.571429	0.173510	0.045087	0.146372	12	8.625000
A74	9	0.472222	0.171803	0.052502	0.139180	12	7.555555
A75	9	0.472222	0.177027	0.127888	0.179957	12	7.666667
A76	6	0.733333	0.160934	0.020408	0.103691	12	7.833333
A77	5	0.900000	0.155767	0.000263	0.094757	13	7.800000
A78	7	0.619048	0.175251	0.063914	0.182591	12	7.714286
A79	8	0.535714	0.174900	0.055770	0.242899	12	7.125000
A80	8	0.535714	0.193501	0.161476	0.369559	11	8.500000
A81	6	0.733333	0.188218	0.024761	0.333131	11	9.000000
A82	7	0.666667	0.181440	0.031774	0.406270	12	9.000000
A83	9	0.527778	0.186477	0.102252	0.504609	12	8.666667
A84	11	0.436364	0.206137	0.279881	0.790353	11	9.545455
A85	10	0.422222	0.204848	0.424197	0.719467	11	10.200000
A86	11	0.381818	0.188761	0.622734	0.677131	12	9.272727
A87	10	0.466667	0.203891	0.147012	0.796135	11	10.000000
A88	11	0.436364	0.206625	0.256678	0.943950	11	10.727273
A89	9	0.527778	0.188625	0.097376	0.674012	11	10.333333
A90	8	0.642857	0.186212	0.037349	0.603021	11	9.875000
A91	11	0.454545	0.200306	0.224230	0.799523	10	9.454545
A92	12	0.424242	0.181566	0.129493	0.667773	11	8.166667
A93	9	0.583333	0.174318	0.023377	0.480240	11	8.000000
A94	6	0.800000	0.171354	0.004635	0.359806	11	8.833333
A95	7	0.666667	0.169689	0.014552	0.399028	11	8.857142
A96	6	0.800000	0.154938	0.000356	0.271595	12	7.833333
A97	7	0.523810	0.157547	0.011974	0.293014	12	7.857143
A98	6	0.600000	0.156605	0.007379	0.231600	12	7.833333
A99	7	0.476190	0.159271	0.028056	0.222116	12	8.000000
A100	6	0.666667	0.152948	0.003420	0.138672	13	7.333333
A101	6	0.800000	0.153486	0.001092	0.134019	13	7.666667
A102	6	0.800000	0.152681	0.000651	0.130303	13	7.833333
A103	8	0.642857	0.154938	0.006548	0.176548	13	7.625000
A104	11	0.418182	0.177989	0.190698	0.346876	12	7.909091
A105	8	0.642857	0.154846	0.005831	0.185299	13	8.250000
A106	8	0.642857	0.154938	0.007434	0.185128	13	8.500000
A107	9	0.527778	0.169689	0.137543	0.238144	12	8.666667
A108	10	0.444444	0.176312	0.341326	0.301717	12	8.500000
A109	8	0.642857	0.152770	0.044583	0.146156	13	7.875000
A110	8	0.642857	0.152681	0.083330	0.132325	13	7.625000
A111	7	0.714286	0.152503	0.078560	0.113724	13	7.714286
A112	6	0.800000	0.152326	0.051217	0.089796	13	7.666667
A113	7	0.571429	0.134982	0.108556	0.062332	14	6.142857
A114	6	0.600000	0.134774	0.074377	0.047647	14	6.000000
A115	3	1.000000	0.120018	0.000000	0.013902	15	6.000000
A116	5	0.400000	0.121184	0.109428	0.014483	15	4.600000
A117	3	0.666667	0.109623	0.009867	0.002342	16	4.333333
A118	4	0.500000	0.111584	0.031904	0.003437	16	4.500000
A119	4	0.500000	0.105136	0.005883	0.003042	17	4.500000
A120	6	0.533333	0.115827	0.042187	0.010902	16	6.000000
A121	5	0.700000	0.114812	0.015064	0.010557	16	6.600000
A122	6	0.733333	0.115013	0.001835	0.017660	16	7.166667
A123	7	0.666667	0.115064	0.002914	0.020659	16	6.857143
A124	6	0.800000	0.117647	0.000496	0.024207	15	7.666667
A125	6	0.800000	0.127308	0.008496	0.029855	15	8.000000
A126	10	0.511111	0.128431	0.157818	0.042248	15	6.900000
A127	9	0.583333	0.127867	0.057484	0.049525	15	7.444445
A128	8	0.642857	0.131923	0.032698	0.056767	14	7.875000
A129	8	0.642857	0.144432	0.164084	0.073870	14	8.250000
A130	8	0.642857	0.144592	0.143775	0.084227	14	8.500000
A131	8	0.642857	0.144035	0.049800	0.093879	14	8.250000
A132	8	0.642857	0.149033	0.059848	0.110401	13	8.250000
A133	9	0.555556	0.165195	0.442051	0.194421	13	8.555555
A134	8	0.642857	0.150748	0.040227	0.132937	13	8.375000
A135	8	0.642857	0.150143	0.017687	0.138309	13	8.375000
A136	9	0.555556	0.170907	0.140692	0.213959	12	8.666667
A137	9	0.555556	0.172937	0.127032	0.215847	12	8.777778
A138	8	0.642857	0.163342	0.041627	0.139078	12	8.500000
A139	8	0.642857	0.162531	0.020753	0.137692	12	8.375000
A140	9	0.555556	0.177748	0.174380	0.169661	11	8.666667
A141	9	0.583333	0.169470	0.080790	0.129193	11	7.777778
A142	8	0.642857	0.161629	0.026435	0.107505	12	7.750000
A143	7	0.666667	0.171916	0.026131	0.119144	11	8.571428
A144	9	0.472222	0.178840	0.124571	0.145241	11	7.666667
A145	6	0.733333	0.164780	0.014920	0.066104	12	7.333333
A146	6	0.600000	0.169251	0.091297	0.056331	12	6.833333
A147	5	0.500000	0.171466	0.104517	0.034390	12	5.800000
A148	4	0.500000	0.177989	0.097824	0.021869	11	5.000000
A149	4	0.500000	0.183860	0.122244	0.018334	11	4.500000
A150	5	0.300000	0.202005	0.495702	0.086729	10	5.600000
A151	4	0.500000	0.192223	0.208249	0.021144	11	6.000000
A152	6	0.400000	0.195231	0.357905	0.033812	11	7.166667
A153	10	0.466667	0.194796	0.181122	0.062382	11	9.200000
A154	9	0.500000	0.189580	0.140160	0.053184	11	8.777778
A155	6	0.733333	0.177387	0.057081	0.028848	11	8.333333
A156	8	0.571429	0.174550	0.050845	0.041078	12	8.750000
A157	10	0.444444	0.171691	0.189899	0.044075	12	8.200000
A158	7	0.619048	0.166033	0.053751	0.023732	12	7.714286
A159	5	0.800000	0.151533	0.005390	0.015490	13	8.200000
A160	7	0.571429	0.148106	0.061519	0.013145	13	6.857143
A161	9	0.416667	0.149629	0.099480	0.016646	13	7.000000
A162	6	0.733333	0.131592	0.005871	0.006270	14	6.666667
A163	5	0.800000	0.130608	0.005155	0.005193	14	6.600000
A164	6	0.733333	0.131592	0.005871	0.006270	14	6.666667
A165	5	0.600000	0.122430	0.001283	0.004164	15	6.200000
A166	8	0.464286	0.138918	0.034181	0.010714	14	6.875000
A167	6	0.666667	0.135121	0.014050	0.008834	14	6.833333
A168	6	0.800000	0.146451	0.004564	0.011551	13	7.333333
A169	5	0.900000	0.146205	0.002170	0.010475	13	7.400000
A170	8	0.500000	0.150229	0.052681	0.018047	13	7.125000
A171	9	0.472222	0.153756	0.093830	0.024132	13	7.555555
A172	8	0.535714	0.167626	0.095577	0.031211	12	7.625000
A173	8	0.535714	0.171018	0.070102	0.042891	12	8.750000
A174	10	0.466667	0.176788	0.117629	0.065675	12	9.100000
A175	8	0.500000	0.176431	0.049061	0.052660	12	9.000000
A176	7	0.666667	0.188625	0.143877	0.053990	11	8.714286
A177	9	0.500000	0.194940	0.408799	0.078298	11	9.000000
A178	11	0.345455	0.200920	0.376774	0.102118	11	9.181818
A179	7	0.571429	0.213878	0.455968	0.110491	10	8.857142
A180	8	0.607143	0.216708	0.346624	0.131331	10	8.500000
A181	9	0.527778	0.218515	0.217190	0.136954	10	8.111111
A182	9	0.472222	0.232270	0.828039	0.202354	9	8.111111
A183	9	0.472222	0.225086	0.945658	0.284130	9	8.555555
A184	6	0.733333	0.213529	0.101271	0.146358	9	8.833333
A185	8	0.464286	0.216529	0.561602	0.115043	10	7.750000
A186	4	0.666667	0.188625	0.030023	0.031249	11	7.750000
A187	8	0.500000	0.212318	0.290283	0.072909	10	7.625000
A188	7	0.523810	0.209098	0.211665	0.061350	10	7.714286
A189	8	0.464286	0.191101	0.279509	0.030460	11	6.875000
A190	8	0.392857	0.191941	0.355801	0.031082	11	7.125000
A191	8	0.464286	0.197736	0.305603	0.044230	11	8.125000
A192	6	0.666667	0.182833	0.149714	0.032967	12	9.000000
A193	9	0.472222	0.192082	0.316969	0.050418	11	8.444445
A194	10	0.422222	0.180814	0.340212	0.052622	12	8.600000
A195	9	0.527778	0.186876	0.304518	0.051882	12	9.111111
A196	10	0.533333	0.186876	0.128690	0.064904	12	9.400000
A197	13	0.397436	0.191101	0.256675	0.087421	12	9.538462
A198	8	0.642857	0.171242	0.026452	0.056794	13	10.000000
A199	10	0.444444	0.173971	0.201625	0.060504	13	9.600000
A200	11	0.454545	0.184377	0.128113	0.081833	12	9.818182
A201	9	0.555556	0.168706	0.066706	0.060848	13	10.000000
A202	8	0.642857	0.162430	0.021338	0.048440	13	9.500000
A203	9	0.527778	0.164263	0.090971	0.047634	13	9.222222
A204	11	0.436364	0.177507	0.297329	0.059974	12	8.636364
A205	10	0.511111	0.159659	0.182848	0.036472	13	7.500000
A206	8	0.642857	0.156980	0.039817	0.029601	13	7.875000
A207	6	0.800000	0.155952	0.010845	0.023471	13	8.500000
A208	7	0.571429	0.155213	0.062307	0.021761	13	7.857143
A209	6	0.733333	0.139957	0.003252	0.014679	14	7.000000
A210	6	0.600000	0.140633	0.063566	0.012571	14	6.666667
A211	5	0.500000	0.139957	0.093060	0.007541	14	6.000000
A212	4	0.500000	0.125539	0.042757	0.002486	15	5.250000
A213	4	0.500000	0.124881	0.038749	0.001300	15	5.750000
A214	6	0.400000	0.119362	0.041290	0.000848	16	5.666667
A215	8	0.464286	0.118659	0.028660	0.000760	16	5.375000
A216	4	0.666667	0.106939	0.000837	0.000253	17	5.750000
A217	4	0.833333	0.114161	0.002280	0.000264	16	5.750000
A218	5	0.700000	0.114261	0.005203	0.000389	16	5.800000
A219	6	0.600000	0.127000	0.069645	0.000963	15	6.666667
A220	7	0.523810	0.127805	0.050634	0.001239	15	6.571429
A221	7	0.523810	0.127805	0.043938	0.001552	15	6.571429
A222	5	0.700000	0.138259	0.023818	0.002162	14	6.600000
A223	9	0.388889	0.143013	0.225892	0.004417	14	5.888889
A224	5	0.700000	0.141622	0.032464	0.003506	14	6.800000
A225	5	0.600000	0.156418	0.135325	0.008637	13	7.400000
A226	8	0.357143	0.162129	0.342893	0.014619	13	6.500000
A227	4	0.833333	0.141698	0.000662	0.002899	14	6.750000
A228	4	0.666667	0.142005	0.004605	0.002947	14	6.000000
A229	6	0.466667	0.143562	0.045426	0.003968	14	6.166667
A230	6	0.533333	0.142237	0.018739	0.004894	14	6.333333
A231	6	0.666667	0.142546	0.029005	0.005745	14	7.000000
A232	6	0.800000	0.141852	0.001918	0.006572	14	7.333333
A233	7	0.714286	0.153216	0.019277	0.007980	13	7.285714
A234	9	0.527778	0.161828	0.105240	0.016601	13	7.666667
A235	8	0.642857	0.154846	0.036123	0.011415	13	7.750000
A236	8	0.642857	0.154118	0.016408	0.012198	13	8.000000
A237	8	0.642857	0.170795	0.094795	0.014014	12	8.375000
A238	10	0.444444	0.178231	0.216389	0.025303	12	8.500000
A239	8	0.642857	0.170907	0.038628	0.013781	12	8.375000
A240	8	0.642857	0.170462	0.034468	0.013540	12	8.375000
A241	9	0.500000	0.192082	0.515045	0.024643	11	8.111111
A242	8	0.642857	0.170240	0.057179	0.012196	12	8.000000
A243	8	0.642857	0.164263	0.030978	0.010063	12	7.500000
A244	8	0.642857	0.164987	0.074059	0.009018	12	7.375000
A245	7	0.714286	0.164676	0.054445	0.007657	12	7.428571
A246	6	0.800000	0.149288	0.010669	0.005181	13	7.333333
A247	6	0.666667	0.144512	0.016142	0.004075	13	6.666667
A248	7	0.476190	0.151096	0.082546	0.003377	12	5.714286
A249	4	0.666667	0.141012	0.003503	0.001181	12	5.500000
A250	4	0.666667	0.141012	0.011809	0.001058	12	5.000000
A251	5	0.500000	0.152237	0.075645	0.002066	11	4.600000
A252	4	0.500000	0.145961	0.029828	0.002845	11	4.500000
A253	4	0.500000	0.163852	0.105396	0.010033	11	4.750000
A254	5	0.500000	0.162531	0.043845	0.012316	11	5.200000
A255	5	0.400000	0.189855	0.679314	0.072592	10	6.400000
A256	6	0.600000	0.161928	0.194039	0.012255	11	5.833333
A257	7	0.571429	0.162028	0.237201	0.012533	11	5.428571
A258	5	0.900000	0.140257	0.000043	0.004002	12	6.000000
A259	4	1.000000	0.140182	0.000000	0.002771	12	6.250000
A260	6	0.666667	0.140483	0.047500	0.004104	12	5.500000
A261	7	0.523810	0.140709	0.215613	0.004165	12	5.142857
A262	4	0.500000	0.123877	0.051924	0.001014	13	5.250000
A263	4	0.500000	0.123936	0.125007	0.000611	13	4.750000
A264	4	0.500000	0.110595	0.033743	0.000196	14	3.750000
A265	4	0.500000	0.110549	0.055575	0.000096	14	3.250000
A266	3	0.666667	0.099734	0.000186	0.000034	15	3.333333
A267	2	1.000000	0.099620	0.000000	0.000014	15	3.500000
