Node	Degree	Cluster_Coeff	Closeness	Betweenness	Eigenvector centrality	Eccentricity	Average neighbor degree
A-2	3	1.000000	0.133189	0.000000	0.028820	15	7.333333
A-1	4	0.666667	0.137892	0.003672	0.048733	15	6.500000
A0	5	0.200000	0.149817	0.070949	0.190892	15	8.400000
A2	10	0.377778	0.163782	0.290727	0.745339	15	9.300000
A3	9	0.500000	0.157490	0.054384	0.856069	16	9.666667
A4	9	0.472222	0.157895	0.062553	0.875743	16	9.888889
A5	11	0.345455	0.152890	0.092138	0.982745	17	9.636364
A6	10	0.422222	0.151199	0.067939	0.745912	17	9.200000
A7	11	0.363636	0.148820	0.150900	0.659467	17	8.545455
A8	6	0.466667	0.137970	0.116647	0.237309	18	8.166667
A9	5	0.700000	0.136743	0.032753	0.230468	18	8.400000
A10	7	0.380952	0.129134	0.122471	0.219268	19	8.428572
A11	11	0.309091	0.140652	0.146598	0.507744	18	8.363636
A12	7	0.428571	0.132973	0.065956	0.339736	19	8.142858
A13	8	0.464286	0.143860	0.090716	0.539485	18	9.000000
A14	7	0.666667	0.140011	0.015535	0.429591	18	8.428572
A15	7	0.714286	0.137047	0.009930	0.389285	18	8.142858
A16	8	0.642857	0.138670	0.047407	0.440059	18	8.250000
A17	11	0.418182	0.149909	0.137301	0.720898	17	8.545455
A18	8	0.642857	0.134573	0.007323	0.437008	18	8.500000
A19	8	0.642857	0.134721	0.012377	0.435735	18	9.000000
A20	10	0.488889	0.142279	0.091431	0.486741	17	9.200000
A21	9	0.500000	0.135016	0.028360	0.478457	18	9.222222
A22	8	0.642857	0.126739	0.004308	0.371516	18	8.875000
A23	11	0.436364	0.133768	0.031066	0.417387	17	8.363636
A24	10	0.511111	0.133117	0.023703	0.377957	17	8.200000
A25	9	0.555556	0.128728	0.010006	0.334092	18	7.666667
A26	6	0.800000	0.121003	0.000238	0.222566	18	8.333333
A27	6	0.800000	0.122024	0.000375	0.208182	18	8.000000
A28	6	0.733333	0.125638	0.003821	0.201886	18	7.333333
A29	6	0.600000	0.127329	0.007320	0.233626	18	7.666667
A30	7	0.476190	0.136213	0.039780	0.357031	17	8.000000
A31	8	0.428571	0.141298	0.037348	0.526836	17	8.625000
A32	8	0.607143	0.141787	0.010794	0.629892	17	9.125000
A33	8	0.571429	0.145648	0.013166	0.731364	17	9.750000
A34	8	0.535714	0.146341	0.040920	0.700006	17	9.625000
A35	8	0.357143	0.140813	0.127197	0.458310	18	8.500000
A36	9	0.416667	0.136667	0.145300	0.277616	18	8.222222
A37	6	0.733333	0.125127	0.019018	0.141354	19	7.666667
A38	7	0.666667	0.125191	0.039732	0.147862	19	7.285714
A39	7	0.666667	0.121602	0.006981	0.124502	19	7.714286
A40	8	0.571429	0.121782	0.044720	0.128282	19	7.375000
A41	7	0.619048	0.112534	0.016635	0.077136	20	6.285714
A42	6	0.666667	0.112483	0.009299	0.062391	20	6.500000
A43	6	0.466667	0.109236	0.025413	0.036240	20	5.500000
A44	4	0.666667	0.101653	0.001761	0.021683	21	5.750000
A45	4	0.500000	0.098994	0.000735	0.010412	21	4.750000
A46	4	0.500000	0.102585	0.000952	0.011261	20	5.000000
A47	5	0.500000	0.103841	0.005877	0.020218	20	5.000000
A48	5	0.600000	0.107847	0.009100	0.029821	19	5.600000
A49	5	0.700000	0.107895	0.002167	0.041392	19	6.200000
A50	7	0.571429	0.115169	0.027959	0.080711	19	6.714286
A51	7	0.619048	0.120000	0.031234	0.102468	18	7.285714
A52	7	0.666667	0.120117	0.015319	0.122182	18	7.714286
A53	7	0.714286	0.121182	0.006269	0.142563	18	8.142858
A54	11	0.418182	0.129134	0.083403	0.234366	18	7.909091
A55	9	0.555556	0.134721	0.066507	0.228785	17	8.333333
A56	8	0.642857	0.130159	0.026556	0.218809	17	8.500000
A57	8	0.642857	0.131270	0.021811	0.236765	17	8.625000
A58	10	0.466667	0.139852	0.080718	0.349654	17	8.700000
A59	8	0.642857	0.139932	0.084781	0.279996	16	8.625000
A60	8	0.642857	0.139773	0.035900	0.284449	16	8.375000
A61	8	0.642857	0.141136	0.026619	0.294315	16	8.375000
A62	10	0.444444	0.148193	0.063784	0.488820	16	8.600000
A63	8	0.535714	0.147041	0.198798	0.302528	15	8.375000
A64	7	0.666667	0.138047	0.003567	0.271480	16	8.000000
A65	8	0.571429	0.140893	0.017545	0.313383	16	7.625000
A66	9	0.472222	0.145390	0.023451	0.447382	16	8.111111
A67	5	0.800000	0.130504	0.000833	0.200132	17	7.600000
A68	4	1.000000	0.130159	0.000000	0.171812	17	8.000000
A69	10	0.400000	0.146254	0.058375	0.514334	16	7.500000
A70	9	0.444444	0.151478	0.068976	0.624910	16	8.888889
A71	12	0.393939	0.154912	0.096966	0.953956	16	9.166667
A72	11	0.436364	0.157490	0.122579	1.000000	16	9.454545
A73	10	0.466667	0.149817	0.058369	0.925998	17	9.400000
A74	10	0.400000	0.153462	0.124331	0.822121	17	9.000000
A75	8	0.357143	0.151478	0.167045	0.570577	17	9.000000
A76	7	0.523810	0.148014	0.098517	0.355076	17	7.714286
A77	7	0.476190	0.154523	0.198391	0.331364	16	8.000000
A78	7	0.380952	0.143608	0.112734	0.273694	17	7.428571
A79	5	0.600000	0.145476	0.020018	0.105320	16	6.600000
A80	6	0.400000	0.142940	0.100097	0.098014	16	6.666667
A81	5	0.700000	0.138280	0.001702	0.066098	16	6.600000
A83	8	0.464286	0.155009	0.239121	0.135140	15	6.500000
A84	7	0.619048	0.148014	0.068309	0.108287	15	7.000000
A85	7	0.666667	0.147305	0.010957	0.120779	15	7.428571
A86	7	0.714286	0.152040	0.011110	0.153816	15	8.428572
A87	8	0.642857	0.159637	0.255287	0.176674	14	8.375000
A88	8	0.642857	0.155401	0.042547	0.179264	14	8.125000
A89	9	0.500000	0.156290	0.209723	0.217767	14	7.888889
A90	12	0.424242	0.161949	0.128683	0.382798	14	7.833333
A91	9	0.527778	0.160889	0.565832	0.219128	13	8.000000
A92	6	0.800000	0.150920	0.000951	0.159968	14	8.666667
A93	6	0.800000	0.149362	0.001310	0.174853	14	8.833333
A94	8	0.535714	0.155992	0.138002	0.199726	13	7.750000
A95	9	0.416667	0.160156	0.214362	0.321952	14	7.888889
A96	7	0.476190	0.161417	0.186521	0.274410	14	9.000000
A97	7	0.523810	0.158812	0.173252	0.463917	15	9.142858
A98	8	0.535714	0.152795	0.099406	0.645948	16	9.000000
A99	9	0.500000	0.155992	0.131106	0.756814	16	9.222222
A100	11	0.454545	0.147837	0.055742	0.860566	17	8.909091
A101	11	0.436364	0.148640	0.098039	0.825391	17	9.272727
A102	10	0.466667	0.139932	0.047482	0.669999	18	9.400000
A103	9	0.472222	0.137277	0.059399	0.502674	18	9.111111
A104	9	0.416667	0.128796	0.043397	0.308523	19	8.222222
A105	6	0.666667	0.124683	0.019715	0.175695	19	8.333333
A106	7	0.571429	0.118383	0.019865	0.145692	20	8.142858
A107	6	0.800000	0.115331	0.000785	0.121080	20	8.166667
A108	8	0.642857	0.116477	0.005845	0.169541	20	8.125000
A109	11	0.454545	0.127001	0.081245	0.261063	19	8.181818
A110	9	0.500000	0.114846	0.018259	0.149468	20	8.333333
A111	8	0.642857	0.113784	0.003793	0.138169	20	8.375000
A112	9	0.555556	0.116367	0.030879	0.156039	20	8.222222
A113	10	0.511111	0.116532	0.078860	0.150344	20	7.900000
A114	8	0.642857	0.105806	0.000925	0.100238	21	7.875000
A115	6	0.800000	0.104770	0.000131	0.078585	21	8.000000
A116	7	0.666667	0.105173	0.007606	0.073120	21	7.428571
A117	6	0.733333	0.105083	0.003717	0.056842	21	7.333333
A118	8	0.464286	0.105943	0.013933	0.058108	21	7.125000
A119	5	0.600000	0.097041	0.000794	0.027670	22	6.800000
A120	6	0.666667	0.103666	0.003549	0.023733	21	7.166667
A121	7	0.619048	0.103710	0.004161	0.025779	21	6.857143
A122	8	0.500000	0.105761	0.010018	0.041209	21	7.250000
A123	6	0.800000	0.102843	0.000530	0.019611	21	7.333333
A124	7	0.714286	0.102886	0.000947	0.022086	21	7.000000
A125	8	0.607143	0.113103	0.047162	0.028928	20	7.000000
A126	7	0.619048	0.113000	0.018348	0.026122	20	7.000000
A127	7	0.571429	0.112948	0.017285	0.024258	20	6.571429
A129	8	0.321429	0.125767	0.135363	0.065584	19	6.375000
A130	5	0.700000	0.119244	0.013000	0.022614	19	6.600000
A131	5	0.600000	0.119650	0.013052	0.023340	19	6.000000
A132	6	0.333333	0.130435	0.100945	0.054866	18	5.666667
A133	4	0.500000	0.125064	0.013350	0.033079	18	6.000000
A134	5	0.500000	0.125127	0.011645	0.052782	18	6.400000
A135	8	0.357143	0.135612	0.062558	0.153036	17	6.750000
A136	9	0.472222	0.128998	0.041520	0.157919	18	6.555555
A137	5	0.600000	0.121362	0.003767	0.054306	18	6.400000
A138	4	0.833333	0.114525	0.000027	0.040696	19	6.500000
A139	6	0.600000	0.114632	0.000387	0.061854	19	5.833333
A140	6	0.666667	0.114685	0.000272	0.075348	19	6.166667
A141	4	0.833333	0.113836	0.000034	0.054630	19	6.500000
A142	7	0.619048	0.127992	0.020906	0.148202	18	7.285714
A143	7	0.523810	0.127992	0.020958	0.183663	18	7.285714
A144	11	0.381818	0.143608	0.139191	0.586051	17	8.090909
A145	6	0.600000	0.139932	0.016833	0.401797	17	8.666667
A146	6	0.666667	0.132329	0.001298	0.416911	18	8.833333
A147	7	0.619048	0.134721	0.020962	0.481763	18	9.142858
A148	7	0.619048	0.133914	0.005126	0.424150	18	8.571428
A149	8	0.500000	0.128998	0.028668	0.353495	19	7.625000
A150	9	0.444444	0.129884	0.025810	0.391645	19	7.888889
A151	5	0.600000	0.119650	0.022673	0.141524	20	7.000000
A152	5	0.500000	0.123742	0.020884	0.114937	19	6.000000
A153	4	0.500000	0.119708	0.021590	0.046563	19	5.000000
A154	4	0.500000	0.125638	0.019908	0.053653	18	5.750000
A155	6	0.533333	0.124873	0.028395	0.089694	18	6.333333
A156	8	0.500000	0.134060	0.039351	0.209487	17	8.000000
A157	7	0.666667	0.127925	0.004184	0.168272	17	8.428572
A158	7	0.714286	0.126674	0.006123	0.139002	17	8.000000
A159	8	0.642857	0.128998	0.018563	0.153164	17	7.875000
A160	11	0.436364	0.140091	0.121166	0.290802	16	8.454545
A161	8	0.642857	0.132329	0.012156	0.145296	16	8.000000
A162	8	0.642857	0.132543	0.016188	0.136794	16	8.000000
A163	8	0.642857	0.137047	0.029975	0.135764	16	8.375000
A164	8	0.642857	0.142526	0.101279	0.127047	15	8.375000
A165	7	0.714286	0.137430	0.015033	0.096712	15	8.142858
A166	7	0.666667	0.137507	0.020243	0.086769	15	7.714286
A167	10	0.333333	0.146429	0.086558	0.129128	15	6.200000
A168	8	0.428571	0.142940	0.130624	0.069596	14	6.000000
A169	5	0.500000	0.139773	0.025068	0.049985	14	7.200000
A170	4	0.500000	0.144028	0.140173	0.030381	13	6.250000
A171	7	0.333333	0.153846	0.216224	0.113310	13	6.285714
A172	5	0.500000	0.148910	0.241838	0.027968	12	5.600000
A173	6	0.400000	0.154426	0.796205	0.068491	12	6.666667
A174	5	0.600000	0.141136	0.018841	0.013835	12	5.200000
A175	6	0.533333	0.146953	1.000000	0.014122	11	5.000000
A176	4	0.833333	0.133189	0.001416	0.004059	12	5.250000
A177	5	0.600000	0.133261	0.012388	0.004149	12	4.600000
A178	5	0.500000	0.138280	0.983745	0.002751	12	4.400000
A179	3	0.666667	0.125896	0.004166	0.000854	13	4.666667
A180	4	0.333333	0.130228	0.979607	0.000434	13	3.750000
A181	3	0.666667	0.121242	0.187265	0.000060	14	4.666667
A182	4	0.500000	0.122816	0.768699	0.000061	14	4.750000
A183	6	0.533333	0.114685	0.366241	0.000018	15	6.000000
A184	6	0.666667	0.115983	0.570897	0.000012	15	6.666667
A185	6	0.800000	0.107096	0.008365	0.000007	16	7.333333
A186	7	0.619048	0.109188	0.382708	0.000005	16	7.714286
A187	8	0.642857	0.108322	0.148649	0.000008	16	7.375000
A188	9	0.583333	0.108513	0.354146	0.000008	16	7.333333
A189	8	0.642857	0.100531	0.013131	0.000005	17	7.875000
A190	9	0.527778	0.102372	0.100818	0.000005	17	8.111111
A191	8	0.642857	0.101948	0.179964	0.000004	17	8.375000
A192	8	0.642857	0.102032	0.193765	0.000004	17	8.375000
A193	8	0.642857	0.094871	0.017500	0.000003	18	8.250000
A194	9	0.500000	0.096206	0.221140	0.000003	18	8.333333
A195	8	0.642857	0.095460	0.142377	0.000003	18	8.250000
A196	8	0.642857	0.095460	0.092374	0.000002	18	8.250000
A197	8	0.642857	0.089098	0.019541	0.000002	19	8.250000
A198	9	0.500000	0.089781	0.317722	0.000002	19	8.444445
A199	8	0.642857	0.088553	0.044550	0.000001	19	8.250000
A200	8	0.642857	0.088489	0.029964	0.000001	19	8.000000
A201	8	0.642857	0.082940	0.013024	0.000001	20	7.750000
A202	10	0.466667	0.083164	0.077336	0.000001	20	7.500000
A203	7	0.714286	0.081945	0.006833	0.000001	20	7.428571
A204	6	0.800000	0.081836	0.001459	0.000001	20	7.500000
A205	6	0.733333	0.077092	0.000323	0.000000	21	7.333333
A206	6	0.600000	0.077019	0.005806	0.000000	21	7.000000
A207	7	0.523810	0.077432	0.010222	0.000000	21	7.428571
A208	6	0.666667	0.072417	0.000857	0.000000	22	7.000000
A209	6	0.800000	0.072502	0.000188	0.000000	22	7.333333
A210	5	0.900000	0.072459	0.000058	0.000000	22	7.600000
A211	8	0.607143	0.077603	0.010851	0.000000	21	7.250000
A212	10	0.466667	0.077823	0.031625	0.000000	21	7.400000
A213	8	0.607143	0.077725	0.009250	0.000000	21	7.625000
A214	7	0.714286	0.077750	0.001240	0.000000	21	8.428572
A215	9	0.500000	0.083588	0.232993	0.000000	20	8.222222
A216	8	0.642857	0.077848	0.009245	0.000000	21	8.250000
A217	8	0.642857	0.077799	0.013766	0.000000	21	8.000000
A218	8	0.642857	0.077774	0.022534	0.000000	21	8.000000
A219	8	0.642857	0.077799	0.041114	0.000000	21	8.125000
A220	8	0.642857	0.072803	0.003606	0.000000	22	7.875000
A221	8	0.642857	0.072760	0.004688	0.000000	22	7.750000
A222	8	0.642857	0.072695	0.004230	0.000000	22	7.500000
A223	8	0.642857	0.072674	0.004268	0.000000	22	7.125000
A224	7	0.714286	0.072014	0.000852	0.000000	22	7.142857
A225	7	0.666667	0.076493	0.011088	0.000000	21	6.571429
A226	6	0.733333	0.076374	0.007957	0.000000	21	6.500000
A227	5	0.800000	0.076303	0.006576	0.000000	21	6.400000
A228	4	0.500000	0.081081	0.074380	0.000000	20	5.250000
A230	3	0.333333	0.086620	0.090053	0.000000	19	3.666667
A231	3	0.666667	0.086346	0.002063	0.000000	19	4.333333
A232	4	0.500000	0.093394	0.111724	0.000000	18	5.000000
A233	6	0.533333	0.093323	0.013432	0.000000	18	6.000000
A234	8	0.392857	0.101863	0.367641	0.000002	17	7.000000
A235	6	0.800000	0.094073	0.007183	0.000001	18	7.666667
A236	7	0.714286	0.094181	0.020447	0.000001	18	7.571429
A237	8	0.642857	0.094253	0.044670	0.000001	18	7.500000
A238	9	0.500000	0.095460	0.131829	0.000001	18	7.777778
A239	8	0.642857	0.087669	0.011572	0.000001	19	7.750000
A240	8	0.642857	0.087701	0.026318	0.000000	19	8.000000
A241	8	0.642857	0.087701	0.036454	0.000000	19	8.000000
A242	8	0.642857	0.087638	0.042676	0.000000	19	7.750000
A243	8	0.642857	0.080974	0.010017	0.000000	20	7.250000
A244	8	0.642857	0.080948	0.017611	0.000000	20	6.750000
A245	7	0.714286	0.080894	0.009074	0.000000	20	6.714286
A246	6	0.800000	0.080788	0.003255	0.000000	20	6.666667
A247	5	0.900000	0.075046	0.000033	0.000000	21	6.600000
A248	4	1.000000	0.074977	0.000000	0.000000	21	6.500000
