Node	Degree	Cluster_Coeff	Closeness	Betweenness	Eigenvector centrality	Eccentricity	Average neighbor degree
A80	4	0.833333	0.097766	0.000029	0.001074	19	9.250000
A81	5	0.700000	0.098618	0.000207	0.001407	19	8.400000
A82	6	0.533333	0.099064	0.005105	0.001640	19	7.666667
A83	6	0.466667	0.097283	0.039914	0.001367	19	7.000000
A84	5	0.700000	0.098668	0.001219	0.001471	19	7.200000
A85	7	0.476190	0.098618	0.015861	0.002660	19	7.285714
A86	7	0.666667	0.100564	0.007847	0.004021	19	8.428572
A87	7	0.619048	0.098597	0.008087	0.003788	20	8.000000
A88	7	0.619048	0.098456	0.012662	0.003825	20	7.714286
A89	6	0.600000	0.096329	0.004169	0.002966	20	7.333333
A90	6	0.533333	0.096012	0.026290	0.001876	20	6.500000
A91	6	0.600000	0.091193	0.008520	0.001045	21	6.333333
A92	6	0.733333	0.086679	0.000067	0.001319	22	7.500000
A93	7	0.619048	0.090961	0.011032	0.002895	21	7.285714
A94	6	0.466667	0.097028	0.082799	0.014852	20	7.333333
A95	7	0.523810	0.091271	0.011490	0.003328	21	7.428571
A96	6	0.333333	0.093034	0.033187	0.005337	21	6.500000
A97	8	0.500000	0.088813	0.023947	0.004317	21	5.375000
A98	4	0.666667	0.085176	0.002501	0.001181	22	5.750000
A99	4	0.833333	0.081596	0.000004	0.000827	22	5.500000
A100	5	0.700000	0.081603	0.000015	0.001162	22	5.200000
A101	5	0.700000	0.081645	0.000048	0.001485	22	5.800000
A102	5	0.700000	0.088422	0.008529	0.003640	21	6.400000
A103	7	0.476190	0.088838	0.004933	0.004684	21	5.714286
A104	7	0.380952	0.096911	0.128407	0.024223	20	6.571429
A105	4	0.666667	0.089407	0.006484	0.003511	21	6.750000
A106	5	0.500000	0.089423	0.018399	0.003648	21	6.600000
A107	8	0.428571	0.087426	0.014437	0.002047	21	6.500000
A108	7	0.523810	0.087402	0.011166	0.001477	21	6.571429
A109	4	0.833333	0.080431	0.000006	0.000541	22	6.250000
A110	4	0.833333	0.085146	0.000816	0.000655	21	6.750000
A111	6	0.666667	0.085206	0.001321	0.001151	21	6.666667
A112	10	0.444444	0.090986	0.028869	0.003290	21	6.700000
A113	9	0.472222	0.091004	0.028931	0.003223	21	7.111111
A114	7	0.619048	0.091245	0.025402	0.001472	21	7.142857
A115	6	0.600000	0.091236	0.018359	0.001075	21	6.666667
A116	6	0.533333	0.096031	0.047862	0.001659	20	6.500000
A117	8	0.428571	0.105488	0.087947	0.007916	19	7.375000
A118	10	0.466667	0.105731	0.029954	0.010166	19	7.700000
A119	10	0.400000	0.106198	0.061066	0.006955	19	8.300000
A120	9	0.527778	0.106069	0.017193	0.006737	19	8.777778
A121	9	0.416667	0.107790	0.042346	0.005492	18	8.777778
A122	8	0.464286	0.105246	0.023901	0.003337	18	8.375000
A123	10	0.422222	0.105999	0.041815	0.004190	18	9.300000
A124	12	0.393939	0.107887	0.039283	0.004392	18	9.416667
A125	10	0.422222	0.104198	0.029178	0.002568	18	8.200000
A126	10	0.400000	0.103604	0.041151	0.002216	18	7.800000
A127	4	0.833333	0.094765	0.000056	0.000583	19	7.500000
A128	4	0.666667	0.094006	0.003461	0.000356	19	5.750000
A129	6	0.466667	0.094896	0.024056	0.000601	19	5.833333
A130	3	0.666667	0.087118	0.000081	0.000106	20	4.666667
A131	4	0.333333	0.088042	0.008507	0.000092	20	4.500000
A132	3	0.666667	0.084637	0.000692	0.000033	21	5.000000
A133	6	0.333333	0.089432	0.031237	0.000170	20	4.500000
A134	5	0.600000	0.084771	0.001830	0.000061	21	4.800000
A135	4	0.833333	0.084764	0.000446	0.000058	21	5.500000
A136	5	0.600000	0.084779	0.001701	0.000065	21	5.000000
A137	6	0.400000	0.090414	0.025117	0.000277	21	5.666667
A138	4	0.500000	0.083312	0.000637	0.000071	22	5.250000
A139	6	0.400000	0.090516	0.025439	0.000294	21	5.666667
A140	4	0.666667	0.085312	0.000957	0.000068	22	5.000000
A141	4	0.666667	0.089018	0.003342	0.000123	22	5.500000
A142	6	0.400000	0.089068	0.007181	0.000179	22	4.833333
A143	6	0.466667	0.093568	0.016896	0.000671	22	7.666667
A144	6	0.400000	0.093595	0.036402	0.000528	22	6.666667
A145	3	0.666667	0.085783	0.000205	0.000079	23	5.333333
A146	4	0.333333	0.085875	0.010041	0.000072	23	3.750000
A147	2	1.000000	0.081776	0.000000	0.000016	23	4.000000
A148	4	0.333333	0.085798	0.007946	0.000088	22	3.750000
A149	3	0.666667	0.088389	0.001561	0.000161	21	5.333333
A150	6	0.533333	0.092837	0.017195	0.000620	21	6.166667
A151	6	0.666667	0.096677	0.013705	0.000881	20	6.833333
A152	6	0.800000	0.096735	0.002363	0.001061	20	7.666667
A153	8	0.464286	0.104481	0.050879	0.002925	19	8.750000
A154	9	0.555556	0.102013	0.026832	0.002016	20	8.222222
A155	9	0.583333	0.099054	0.009917	0.001902	20	8.222222
A156	8	0.642857	0.099135	0.002578	0.002109	20	9.250000
A157	11	0.400000	0.108752	0.093463	0.004257	19	9.818182
A158	10	0.466667	0.102392	0.017040	0.002700	20	9.500000
A159	10	0.422222	0.099013	0.070930	0.002177	20	8.300000
A160	11	0.490909	0.105016	0.035528	0.003740	19	9.000000
A161	10	0.466667	0.103973	0.031229	0.002988	19	8.900000
A162	6	0.800000	0.096271	0.000177	0.001541	20	8.833333
A163	6	0.800000	0.098932	0.002706	0.001641	20	8.666667
A164	6	0.800000	0.099969	0.001291	0.001936	20	8.833333
A165	9	0.444444	0.108605	0.035487	0.003784	19	9.555555
A166	11	0.363636	0.110183	0.074998	0.005387	19	9.727273
A167	12	0.333333	0.115578	0.103470	0.008336	18	10.500000
A168	9	0.500000	0.117755	0.027873	0.008968	18	11.000000
A169	10	0.466667	0.119910	0.052210	0.011974	18	10.900000
A170	11	0.400000	0.122535	0.141065	0.014916	17	9.818182
A171	11	0.363636	0.123335	0.119198	0.022879	17	8.818182
A172	8	0.464286	0.122644	0.108280	0.030582	17	8.125000
A173	6	0.466667	0.124098	0.135883	0.037428	17	8.500000
A174	7	0.428571	0.115150	0.049760	0.056232	18	7.285714
A175	9	0.361111	0.115164	0.106437	0.040123	18	7.333333
A176	5	0.500000	0.110120	0.039709	0.011226	19	7.200000
A177	7	0.428571	0.115068	0.107432	0.007665	19	8.142858
A178	6	0.733333	0.107454	0.006052	0.003185	20	7.666667
A179	7	0.666667	0.107586	0.033214	0.003412	20	8.000000
A180	10	0.422222	0.107550	0.057496	0.003415	20	8.700000
A181	9	0.500000	0.110702	0.090001	0.003419	20	8.666667
A182	8	0.642857	0.101862	0.005140	0.002249	21	8.875000
A183	11	0.418182	0.102132	0.065808	0.002460	21	8.454545
A184	9	0.500000	0.103072	0.027292	0.002283	20	9.777778
A185	9	0.527778	0.104074	0.036835	0.002246	21	10.111111
A186	10	0.488889	0.097529	0.024188	0.001743	21	8.600000
A187	9	0.555556	0.097460	0.011462	0.001578	21	8.777778
A188	12	0.454545	0.100785	0.028819	0.002398	21	8.916667
A189	10	0.488889	0.098597	0.023791	0.001794	22	8.700000
A190	6	0.800000	0.092525	0.000102	0.000972	22	8.833333
A191	6	0.800000	0.093070	0.000273	0.000982	22	8.666667
A192	6	0.800000	0.094989	0.000307	0.001082	22	9.000000
A193	9	0.555556	0.099865	0.008498	0.001849	21	9.333333
A194	11	0.418182	0.103215	0.020029	0.002669	21	9.545455
A195	13	0.333333	0.108397	0.081846	0.004203	20	9.846154
A196	10	0.444444	0.112962	0.039989	0.004674	20	10.500000
A197	10	0.466667	0.117669	0.097548	0.005879	19	11.100000
A198	10	0.444444	0.122613	0.117106	0.006244	19	10.900000
A199	12	0.363636	0.125817	0.365850	0.007984	19	9.916667
A200	5	0.600000	0.121668	0.034484	0.003046	19	10.200000
A201	7	0.619048	0.116558	0.005836	0.004367	20	9.142858
A202	7	0.571429	0.117741	0.058693	0.004000	20	9.428572
A203	6	0.800000	0.112856	0.000445	0.003642	20	8.833333
A204	10	0.400000	0.122957	0.340192	0.012638	19	8.100000
A205	12	0.409091	0.117942	0.107964	0.006514	20	9.416667
A206	9	0.527778	0.114262	0.131307	0.004397	20	8.444445
A207	8	0.642857	0.111291	0.014822	0.003974	20	9.125000
A208	8	0.642857	0.111304	0.029801	0.003792	20	9.375000
A209	10	0.444444	0.109432	0.045633	0.003513	21	9.500000
A210	10	0.444444	0.105269	0.054050	0.002711	21	7.700000
A211	8	0.642857	0.103760	0.010273	0.001950	21	8.375000
A212	8	0.642857	0.103749	0.011858	0.001669	21	8.250000
A213	10	0.511111	0.100595	0.029243	0.001674	22	7.800000
A214	7	0.714286	0.095830	0.002669	0.001067	22	7.857143
A215	6	0.800000	0.094560	0.000511	0.000817	22	7.666667
A216	7	0.666667	0.097489	0.001596	0.000921	22	7.571429
A217	6	0.733333	0.094245	0.000978	0.000767	22	7.666667
A218	7	0.571429	0.097955	0.011742	0.001241	22	8.571428
A219	9	0.500000	0.101486	0.023906	0.001843	21	8.777778
A220	10	0.466667	0.105976	0.009444	0.002496	21	9.000000
A221	11	0.418182	0.111600	0.061012	0.003102	20	9.181818
A222	8	0.535714	0.110158	0.013294	0.002264	20	9.375000
A223	10	0.311111	0.115329	0.305024	0.002650	20	8.000000
A224	4	0.500000	0.108214	0.288923	0.000582	21	7.250000
A225	3	1.000000	0.105662	0.000000	0.000415	21	6.666667
A226	6	0.533333	0.105894	0.013710	0.000856	21	6.500000
A227	7	0.619048	0.104266	0.005012	0.001270	21	8.000000
A228	7	0.666667	0.102523	0.003996	0.001256	21	8.000000
A229	7	0.619048	0.100785	0.003374	0.001195	21	7.857143
A230	7	0.619048	0.100785	0.003374	0.001195	21	7.857143
A231	4	0.666667	0.094449	0.000651	0.000646	22	8.000000
A232	9	0.500000	0.100407	0.004304	0.001813	21	8.222222
A233	9	0.416667	0.102273	0.033506	0.002162	21	9.333333
A234	10	0.488889	0.105836	0.018905	0.003043	21	10.000000
A235	11	0.436364	0.110221	0.070394	0.004048	20	10.454545
A236	11	0.381818	0.115233	0.051717	0.004832	20	10.454545
A237	13	0.358974	0.120601	0.211143	0.005843	19	10.384615
A238	12	0.393939	0.120180	0.142137	0.005205	19	9.250000
A239	10	0.422222	0.120752	0.211414	0.003857	19	9.500000
A240	7	0.571429	0.113521	0.030029	0.001791	19	9.285714
A241	9	0.555556	0.113615	0.046881	0.002581	20	9.666667
A242	9	0.583333	0.112094	0.034131	0.002413	20	9.555555
A243	9	0.500000	0.114262	0.087735	0.001511	19	8.555555
A244	8	0.642857	0.106444	0.011191	0.001131	20	8.125000
A245	9	0.583333	0.106315	0.025816	0.001032	20	7.777778
A246	9	0.500000	0.107430	0.036244	0.000829	20	7.555555
A247	7	0.571429	0.107658	0.117646	0.000550	20	8.142858
A248	6	0.800000	0.099658	0.003165	0.000433	21	7.666667
A249	6	0.666667	0.099483	0.013757	0.000347	21	7.166667
A250	7	0.476190	0.099084	0.021153	0.000377	21	6.714286
A251	5	0.600000	0.094970	0.006698	0.000202	21	6.000000
A252	6	0.666667	0.098952	0.009171	0.000435	21	6.666667
A253	6	0.666667	0.098952	0.009171	0.000435	21	6.666667
A254	5	0.800000	0.097077	0.003001	0.000400	21	6.800000
A255	7	0.571429	0.097165	0.005763	0.001003	21	8.000000
A256	10	0.422222	0.104572	0.042555	0.001867	20	8.300000
A257	9	0.500000	0.104277	0.018893	0.002225	20	9.666667
A258	9	0.472222	0.109048	0.032034	0.003468	20	9.666667
A259	9	0.472222	0.113228	0.032250	0.004891	19	10.000000
A260	11	0.381818	0.118625	0.117831	0.006780	19	9.636364
A261	11	0.454545	0.122613	0.110704	0.008433	18	10.090909
A262	9	0.555556	0.126047	0.111483	0.008042	18	10.666667
A263	10	0.400000	0.126794	0.171498	0.008605	18	9.200000
A264	9	0.527778	0.124483	0.069861	0.007238	17	9.888889
A265	8	0.428571	0.125000	0.121086	0.006119	17	9.375000
A266	7	0.571429	0.119080	0.020077	0.003158	18	9.714286
A267	11	0.381818	0.121668	0.152800	0.003004	17	9.090909
A268	10	0.466667	0.122691	0.063450	0.002787	17	8.300000
A269	8	0.607143	0.114930	0.005681	0.001482	18	8.250000
A270	6	0.733333	0.112434	0.002666	0.000914	18	8.333333
A271	4	1.000000	0.105511	0.000000	0.000506	18	8.000000
A272	6	0.600000	0.109109	0.001156	0.000708	18	8.000000
A273	12	0.409091	0.117899	0.033886	0.001882	17	7.916667
A274	10	0.422222	0.120270	0.053691	0.001248	17	8.400000
A275	8	0.464286	0.113816	0.027790	0.000946	18	8.750000
A276	9	0.472222	0.117841	0.135452	0.001392	18	9.333333
A277	9	0.472222	0.116544	0.140040	0.000935	18	8.666667
A278	8	0.642857	0.112264	0.006680	0.000657	18	8.250000
A279	9	0.500000	0.111278	0.023255	0.000709	19	7.777778
A280	7	0.714286	0.108912	0.004118	0.000482	19	7.857143
A281	7	0.571429	0.108949	0.026204	0.000387	19	7.714286
A282	7	0.476190	0.108154	0.027240	0.000377	19	7.285714
A283	6	0.533333	0.103850	0.012786	0.000295	20	6.833333
A284	5	0.500000	0.104052	0.013172	0.000358	19	6.200000
A285	6	0.333333	0.103293	0.028425	0.000593	19	6.166667
A286	4	0.666667	0.102338	0.001784	0.000549	20	6.750000
A287	8	0.392857	0.107827	0.044285	0.001713	19	7.500000
A288	8	0.357143	0.108826	0.028881	0.002750	19	8.500000
A289	9	0.444444	0.113749	0.051208	0.005075	19	9.777778
A290	9	0.472222	0.116164	0.062216	0.006938	19	10.444445
A291	11	0.454545	0.122566	0.108081	0.009743	18	10.090909
A292	11	0.418182	0.122957	0.068943	0.010756	18	9.727273
A293	11	0.436364	0.127145	0.193214	0.013463	17	9.727273
A294	9	0.416667	0.128434	0.200693	0.016550	17	9.222222
A295	8	0.464286	0.125751	0.282363	0.015844	16	9.500000
A296	10	0.377778	0.128349	0.217420	0.013244	16	8.000000
A297	6	0.600000	0.123020	0.064816	0.008473	16	8.333333
A298	7	0.476190	0.118523	0.017826	0.004751	17	7.571429
A299	8	0.464286	0.118742	0.122248	0.005012	17	8.625000
A300	7	0.619048	0.111394	0.004939	0.003289	17	9.000000
A301	7	0.666667	0.112290	0.012551	0.002692	17	8.571428
A302	7	0.714286	0.112277	0.009869	0.002522	17	8.857142
A303	12	0.439394	0.114181	0.164461	0.005372	17	9.916667
A304	9	0.555556	0.106645	0.006895	0.003018	17	9.444445
A305	10	0.422222	0.111009	0.207097	0.002559	17	8.900000
A306	9	0.555556	0.111009	0.033760	0.002911	17	9.444445
A307	14	0.406593	0.111201	0.108557	0.004262	17	9.214286
A308	7	0.714286	0.104617	0.004179	0.001743	18	9.000000
A309	7	0.571429	0.107478	0.077871	0.001498	18	8.857142
A310	7	0.571429	0.105062	0.012998	0.001494	18	8.142858
A311	7	0.523810	0.105188	0.019867	0.001430	18	8.285714
A312	7	0.571429	0.104458	0.001888	0.002282	18	10.000000
A313	10	0.488889	0.108202	0.039614	0.004295	18	10.600000
A314	12	0.393939	0.112264	0.079356	0.006218	18	10.833333
A315	11	0.400000	0.112081	0.051510	0.007020	18	10.909091
A316	13	0.307692	0.116332	0.153105	0.009042	17	9.846154
A317	11	0.327273	0.114848	0.128919	0.009640	18	9.909091
A318	9	0.500000	0.116136	0.058867	0.010254	18	10.333333
A319	9	0.416667	0.114425	0.051359	0.013406	18	9.444445
A320	7	0.428571	0.114127	0.071311	0.020905	18	8.714286
A321	7	0.428571	0.108838	0.045849	0.029655	19	8.285714
A322	8	0.428571	0.116431	0.137914	0.091393	18	7.875000
A323	7	0.476190	0.111009	0.057008	0.108306	19	8.142858
A324	10	0.355556	0.115454	0.077845	0.348389	18	8.500000
A325	8	0.464286	0.115109	0.118027	0.266392	18	8.750000
A326	8	0.535714	0.111355	0.007727	0.360137	19	9.500000
A327	10	0.422222	0.114005	0.098754	0.447892	19	10.000000
A328	10	0.444444	0.112579	0.068832	0.443643	19	10.300000
A329	11	0.436364	0.114425	0.067332	0.447048	18	10.090909
A330	11	0.454545	0.112737	0.054974	0.369067	18	10.272727
A331	11	0.472727	0.112553	0.027707	0.346764	18	9.818182
A332	12	0.318182	0.110423	0.070465	0.204484	18	8.250000
A333	8	0.464286	0.109147	0.067549	0.144879	18	8.375000
A334	4	0.666667	0.100114	0.002591	0.044268	19	8.000000
A335	5	0.500000	0.099689	0.002022	0.053475	19	6.600000
A336	3	0.666667	0.096339	0.000170	0.031341	20	5.666667
A337	6	0.466667	0.102523	0.003306	0.101966	19	7.666667
A338	6	0.600000	0.105430	0.009077	0.153390	19	8.500000
A339	9	0.444444	0.106869	0.014455	0.215311	19	9.333333
A340	8	0.535714	0.106162	0.023318	0.231517	19	10.375000
A341	11	0.400000	0.107131	0.092017	0.257400	19	9.454545
A342	10	0.466667	0.106338	0.027073	0.215158	19	8.400000
A343	11	0.381818	0.106621	0.157858	0.213555	19	7.818182
A344	7	0.476190	0.108020	0.038822	0.166663	19	8.142858
A345	4	0.833333	0.100114	0.000605	0.055008	20	7.500000
A346	6	0.733333	0.100166	0.001784	0.084139	20	7.500000
A347	6	0.666667	0.098175	0.001337	0.077687	20	7.666667
A348	7	0.571429	0.099105	0.006137	0.101025	20	8.285714
A349	8	0.500000	0.100722	0.014995	0.096634	19	8.125000
A350	6	0.666667	0.094107	0.002108	0.050918	19	8.000000
A351	6	0.800000	0.093878	0.000259	0.046598	19	8.166667
A352	10	0.466667	0.099391	0.011488	0.120172	19	8.300000
A353	9	0.555556	0.101251	0.065999	0.083267	18	8.333333
A354	8	0.642857	0.096493	0.004177	0.054050	18	7.875000
A355	8	0.642857	0.096483	0.002125	0.054136	18	8.000000
A356	10	0.466667	0.104018	0.019516	0.094333	18	8.600000
A357	8	0.571429	0.100585	0.080610	0.046267	17	7.875000
A358	6	0.800000	0.096522	0.000320	0.036913	18	8.333333
A359	7	0.571429	0.102034	0.007051	0.051848	18	7.857143
A360	9	0.361111	0.104594	0.056858	0.063105	17	7.000000
A361	2	1.000000	0.094728	0.000000	0.011666	18	8.000000
A392	4	1.000000	0.090772	0.000000	0.011651	20	7.000000
A393	7	0.476190	0.099731	0.051571	0.033372	19	6.428571
A394	6	0.800000	0.092748	0.001491	0.021248	20	7.000000
A395	7	0.714286	0.092766	0.003600	0.026949	20	7.000000
A396	8	0.642857	0.092784	0.006830	0.033243	20	7.000000
A397	8	0.642857	0.097836	0.017640	0.046601	20	7.750000
A398	8	0.642857	0.095186	0.010126	0.057562	21	8.000000
A399	8	0.642857	0.095186	0.007036	0.061879	21	8.000000
A400	8	0.642857	0.095186	0.004864	0.068316	21	7.875000
A401	10	0.533333	0.102251	0.041081	0.156635	20	7.600000
A402	9	0.583333	0.099876	0.023712	0.152342	21	7.666667
A403	6	0.800000	0.092846	0.000019	0.068098	21	7.833333
A404	6	0.800000	0.099381	0.002640	0.096819	21	7.833333
A405	6	0.800000	0.099803	0.002821	0.135043	21	8.000000
A406	8	0.535714	0.110019	0.046936	0.373617	20	9.625000
A407	9	0.472222	0.110550	0.074939	0.483193	20	10.222222
A408	10	0.488889	0.114862	0.113364	0.685647	20	11.200000
A409	11	0.490909	0.116206	0.085401	0.813027	19	11.363636
A410	12	0.439394	0.120150	0.171960	0.828265	19	11.250000
A411	10	0.466667	0.121285	0.203548	0.616486	19	11.100000
A412	11	0.400000	0.119627	0.323067	0.473910	19	9.454545
A413	10	0.377778	0.117310	0.161859	0.289623	19	9.000000
A414	4	0.833333	0.112185	0.000098	0.112827	20	9.750000
A415	7	0.571429	0.111368	0.003592	0.118292	20	8.285714
A416	7	0.523810	0.110045	0.020267	0.104754	20	8.714286
A417	6	0.800000	0.103326	0.000527	0.078903	21	8.500000
A418	8	0.607143	0.107948	0.012005	0.113412	20	8.375000
A419	12	0.393939	0.112434	0.045417	0.236157	20	8.666667
A420	9	0.527778	0.104447	0.011131	0.116984	21	8.111111
A421	8	0.642857	0.101572	0.004287	0.087910	21	8.250000
A422	8	0.642857	0.101614	0.008614	0.084934	21	8.375000
A423	9	0.527778	0.104119	0.040684	0.125093	21	8.555555
A424	7	0.714286	0.096638	0.001876	0.059419	22	8.000000
A425	7	0.666667	0.094839	0.004067	0.051352	22	7.428571
A426	7	0.619048	0.094999	0.005829	0.046610	22	7.000000
A427	8	0.392857	0.095726	0.009295	0.072629	22	7.500000
A428	5	0.600000	0.087913	0.000289	0.029422	23	6.600000
A429	5	0.500000	0.090211	0.001355	0.036443	22	6.600000
A430	6	0.533333	0.093368	0.003234	0.082890	22	8.166667
A431	7	0.428571	0.098557	0.025984	0.127558	21	8.571428
A432	9	0.444444	0.093677	0.011219	0.106502	22	8.444445
A433	6	0.666667	0.090712	0.004219	0.041115	22	7.833333
A434	6	0.800000	0.087601	0.000146	0.032268	23	8.000000
A435	6	0.800000	0.086765	0.000155	0.025267	23	7.833333
A436	9	0.527778	0.093522	0.017009	0.058023	22	8.000000
A437	10	0.511111	0.089216	0.003743	0.055527	23	7.900000
A438	8	0.642857	0.088171	0.001960	0.031536	23	8.125000
A439	8	0.642857	0.090601	0.004659	0.030505	23	8.375000
A440	10	0.444444	0.096185	0.044981	0.060310	22	8.600000
A441	8	0.642857	0.091942	0.006892	0.026423	23	8.625000
A442	8	0.642857	0.092188	0.006304	0.022430	23	8.375000
A443	8	0.642857	0.095186	0.017498	0.021079	22	8.500000
A444	9	0.527778	0.096872	0.033826	0.024835	22	8.555555
A445	8	0.642857	0.092721	0.005947	0.014150	22	8.125000
A446	8	0.642857	0.092972	0.005642	0.012188	22	7.875000
A447	9	0.444444	0.100239	0.090484	0.016866	21	7.888889
A448	8	0.571429	0.094440	0.018182	0.008951	22	8.000000
A449	7	0.619048	0.094107	0.009124	0.006663	22	8.000000
A450	6	0.600000	0.094282	0.014154	0.005125	22	8.000000
A451	8	0.428571	0.092632	0.031353	0.003515	23	7.250000
A452	8	0.428571	0.090236	0.015616	0.002320	23	6.750000
A453	5	0.900000	0.085267	0.000310	0.001661	24	7.600000
A454	5	0.800000	0.085967	0.000625	0.002148	23	7.400000
A455	8	0.500000	0.090177	0.040270	0.003528	23	7.000000
A456	9	0.444444	0.088592	0.012437	0.004858	23	7.000000
A457	7	0.523810	0.089365	0.023222	0.008799	23	7.285714
A458	7	0.571429	0.089365	0.024111	0.010288	23	7.428571
A459	6	0.800000	0.085585	0.001083	0.012595	24	7.166667
A460	6	0.800000	0.089941	0.004497	0.018312	23	7.333333
A461	8	0.642857	0.090076	0.019749	0.026642	23	7.125000
A462	8	0.642857	0.090076	0.019749	0.026642	23	7.125000
A463	7	0.666667	0.087689	0.003315	0.033429	23	7.285714
A464	8	0.571429	0.093887	0.038640	0.070849	22	8.000000
A465	8	0.571429	0.094034	0.029531	0.081618	22	8.375000
A466	7	0.666667	0.092810	0.004623	0.092747	22	8.857142
A467	10	0.488889	0.098668	0.031938	0.193274	22	9.300000
A468	10	0.533333	0.101262	0.071727	0.225471	21	9.700000
A469	9	0.444444	0.094896	0.008161	0.135207	22	9.666667
A470	10	0.444444	0.096281	0.003231	0.174070	22	8.800000
A471	13	0.397436	0.102611	0.048406	0.342800	21	9.461538
A472	9	0.611111	0.105338	0.021132	0.336198	21	10.888889
A473	11	0.381818	0.108141	0.096825	0.372914	21	10.000000
A474	8	0.464286	0.112553	0.039790	0.262164	20	10.250000
A475	7	0.428571	0.112553	0.078995	0.204519	20	10.285714
A476	8	0.321429	0.114343	0.646167	0.138533	20	8.500000
A477	5	0.700000	0.109308	0.228417	0.024939	20	9.200000
A478	8	0.571429	0.109844	0.311898	0.030076	20	8.500000
A479	9	0.472222	0.108093	0.105842	0.040342	21	8.333333
A480	8	0.571429	0.104209	0.027788	0.028008	21	8.875000
A481	7	0.666667	0.103895	0.020006	0.028171	21	9.000000
A482	8	0.500000	0.105754	0.043617	0.029597	21	8.125000
A483	8	0.642857	0.102512	0.012862	0.041288	22	8.750000
A484	10	0.466667	0.106751	0.077642	0.066739	21	8.300000
A485	9	0.527778	0.106244	0.034486	0.049305	21	8.333333
A486	10	0.422222	0.102273	0.061742	0.062325	22	8.800000
A487	9	0.500000	0.105108	0.032317	0.102360	21	9.222222
A488	8	0.642857	0.105097	0.012705	0.071727	21	9.000000
A489	8	0.642857	0.104617	0.009225	0.072764	21	8.500000
A490	10	0.533333	0.106479	0.027461	0.138666	21	8.500000
A491	9	0.583333	0.106244	0.009613	0.132924	21	8.444445
A492	7	0.571429	0.110158	0.057825	0.081707	20	7.714286
A493	6	0.800000	0.102175	0.002887	0.077995	21	8.333333
A494	7	0.666667	0.104288	0.007791	0.153771	21	9.142858
A495	9	0.388889	0.101754	0.070095	0.188729	21	9.666667
A496	12	0.409091	0.108654	0.098397	0.422102	20	10.000000
A497	11	0.381818	0.108275	0.110777	0.473125	20	9.818182
A498	10	0.533333	0.109794	0.035604	0.539883	20	11.100000
A499	11	0.454545	0.115801	0.099080	0.569232	20	10.727273
A500	11	0.400000	0.115426	0.105820	0.476660	20	10.363636
A501	13	0.371795	0.121438	0.480119	0.468344	19	9.615385
A502	11	0.345455	0.120135	0.233337	0.229960	19	7.818182
A503	7	0.571429	0.118131	0.018013	0.175849	19	9.000000
A504	5	0.700000	0.113655	0.003693	0.065689	20	7.200000
A505	7	0.523810	0.118479	0.109079	0.113665	19	7.714286
A506	6	0.466667	0.120646	0.087971	0.091609	19	6.666667
A507	5	0.600000	0.114752	0.002378	0.036211	19	6.000000
A508	7	0.380952	0.121698	0.232667	0.052387	18	6.142857
A509	5	0.500000	0.117468	0.063076	0.033475	19	6.400000
A510	4	0.666667	0.115592	0.013818	0.071336	19	6.500000
A511	6	0.333333	0.117482	0.125673	0.157286	19	7.166667
A512	8	0.535714	0.118087	0.041133	0.459790	19	9.875000
A513	12	0.454545	0.121178	0.141442	0.851186	19	10.833333
A514	14	0.406593	0.117482	0.115656	0.971911	19	10.714286
A515	13	0.448718	0.121315	0.124465	1.000000	19	11.307693
A516	13	0.410256	0.122535	0.115142	0.992575	18	11.307693
A517	10	0.466667	0.120285	0.110331	0.674714	18	11.000000
A518	9	0.500000	0.119925	0.322221	0.488457	18	10.333333
A519	7	0.523810	0.117339	0.299108	0.308691	18	10.142858
A520	7	0.571429	0.118247	0.388716	0.219483	17	9.285714
A521	8	0.464286	0.118450	0.089931	0.159369	17	9.000000
A522	7	0.571429	0.119672	0.348646	0.057141	16	7.857143
A523	8	0.535714	0.116515	0.035733	0.038486	16	7.375000
A524	6	0.666667	0.106952	0.005943	0.009554	16	6.666667
A525	6	0.600000	0.106941	0.010632	0.007449	16	5.666667
A526	4	0.833333	0.096667	0.000004	0.002517	17	5.250000
A527	3	1.000000	0.096658	0.000000	0.001636	17	5.333333
A528	6	0.600000	0.105754	0.008249	0.006159	16	5.833333
A529	7	0.523810	0.112434	0.148167	0.015054	15	7.142857
A530	9	0.388889	0.118131	1.000000	0.024477	15	7.000000
A531	6	0.666667	0.118160	0.023602	0.039795	16	8.166667
A532	10	0.422222	0.123099	0.847756	0.066401	16	8.800000
A533	7	0.619048	0.119375	0.039944	0.046260	16	9.857142
A534	13	0.423077	0.124547	0.699783	0.069134	16	8.692307
A535	10	0.466667	0.122644	0.143298	0.060866	15	8.500000
A536	8	0.642857	0.123193	0.057584	0.069378	16	9.250000
A537	11	0.472727	0.124322	0.135541	0.102949	16	8.909091
A538	9	0.555556	0.124870	0.116775	0.106913	16	9.000000
A539	7	0.714286	0.121991	0.023159	0.097224	16	8.571428
A540	7	0.666667	0.124274	0.071372	0.133897	17	8.428572
A541	8	0.500000	0.125685	0.156114	0.281597	17	9.375000
A542	7	0.476190	0.124082	0.156058	0.202443	17	8.428572
A543	9	0.361111	0.124242	0.145764	0.458905	18	9.444445
A544	13	0.435897	0.123288	0.131780	0.878891	18	10.769231
A545	11	0.472727	0.117125	0.044607	0.630028	19	10.272727
A546	10	0.466667	0.116841	0.047163	0.511194	19	9.400000
A547	8	0.428571	0.113161	0.047676	0.235050	18	7.875000
A548	4	1.000000	0.108324	0.000000	0.129747	19	8.000000
A549	5	0.700000	0.108642	0.003117	0.141565	19	7.200000
A550	9	0.444444	0.111938	0.048660	0.390707	19	8.555555
A551	5	0.300000	0.105338	0.086358	0.128276	19	7.600000
A552	8	0.500000	0.110983	0.017884	0.368504	19	9.250000
A553	12	0.424242	0.117755	0.055560	0.733721	19	10.583333
A554	11	0.454545	0.116741	0.047027	0.773562	19	11.272727
A555	12	0.393939	0.122410	0.160275	0.793615	18	11.166667
A556	11	0.436364	0.117439	0.061813	0.631736	18	11.090909
A557	12	0.439394	0.118977	0.186203	0.514841	18	9.916667
A558	12	0.439394	0.117683	0.200100	0.380787	18	9.333333
A559	10	0.466667	0.116024	0.299541	0.253477	17	9.300000
A560	6	0.600000	0.111111	0.079321	0.111001	17	9.500000
A561	6	0.266667	0.109569	0.360748	0.047066	16	7.500000
A562	6	0.266667	0.105592	0.217625	0.018258	16	6.666667
A563	6	0.533333	0.107646	0.039294	0.012025	17	6.833333
A564	6	0.666667	0.104288	0.031200	0.008666	17	6.833333
A565	6	0.800000	0.106775	0.004637	0.009094	17	7.333333
A566	6	0.800000	0.104993	0.005493	0.010605	17	7.833333
A567	8	0.642857	0.108446	0.023288	0.016073	17	7.750000
A568	9	0.583333	0.108458	0.033789	0.019339	17	7.666667
A569	9	0.611111	0.112290	0.024170	0.022899	17	8.000000
A570	9	0.638889	0.112343	0.028040	0.028431	17	8.777778
A571	11	0.490909	0.117928	0.038575	0.047318	16	9.000000
A572	8	0.678571	0.115454	0.014975	0.035458	17	9.625000
A573	6	0.933333	0.111188	0.000010	0.024191	17	9.833333
A574	9	0.555556	0.118189	0.066633	0.035137	16	9.000000
A575	5	0.800000	0.119717	0.022582	0.021920	15	9.600000
A576	10	0.377778	0.128761	0.806835	0.036024	15	8.300000
A577	6	0.533333	0.123335	0.197231	0.014833	16	8.333333
A578	7	0.523810	0.125685	0.254945	0.008613	16	7.428571
A579	8	0.357143	0.124773	0.308254	0.005492	16	7.625000
A580	5	0.600000	0.122879	0.216476	0.002055	16	8.600000
A581	8	0.357143	0.121852	0.373231	0.001715	16	8.250000
A582	10	0.444444	0.121775	0.232278	0.001646	17	8.100000
A583	6	0.466667	0.117726	0.048008	0.000747	17	8.833333
A584	5	0.400000	0.117813	0.270472	0.000382	17	7.000000
A585	3	0.666667	0.108385	0.007704	0.000051	18	5.666667
A586	6	0.533333	0.111639	0.249993	0.000074	18	6.500000
A587	6	0.666667	0.105280	0.011799	0.000048	19	7.500000
A588	9	0.444444	0.109769	0.385646	0.000106	19	8.777778
A589	7	0.714286	0.106739	0.009548	0.000062	19	8.714286
A590	9	0.555556	0.108863	0.200719	0.000077	19	8.666667
A591	11	0.436364	0.104108	0.064299	0.000103	20	9.181818
A592	10	0.444444	0.107179	0.150554	0.000133	20	8.700000
A593	10	0.466667	0.103593	0.028142	0.000074	20	8.300000
A594	11	0.381818	0.103917	0.098961	0.000080	20	8.636364
A595	7	0.571429	0.099217	0.008539	0.000054	21	9.285714
A596	7	0.523810	0.099700	0.009526	0.000040	21	7.285714
A597	4	0.666667	0.095121	0.000191	0.000014	21	5.750000
A598	3	1.000000	0.094811	0.000000	0.000009	21	5.666667
A599	6	0.400000	0.100396	0.018327	0.000031	20	6.500000
A600	7	0.523810	0.101743	0.012948	0.000061	20	8.142858
A601	8	0.500000	0.104538	0.243363	0.000082	20	8.625000
A602	6	0.800000	0.101743	0.000974	0.000077	20	8.166667
A603	8	0.571429	0.106011	0.048583	0.000113	19	7.625000
A604	8	0.642857	0.108728	0.036752	0.000146	19	8.000000
A605	10	0.466667	0.110436	0.239775	0.000184	19	8.000000
A606	8	0.571429	0.108129	0.026201	0.000171	19	8.500000
A607	8	0.357143	0.111394	0.126233	0.000361	18	8.125000
A608	9	0.416667	0.113870	0.141432	0.000388	18	8.777778
A609	8	0.428571	0.114452	0.152974	0.000674	17	8.875000
A610	8	0.500000	0.115829	0.281686	0.000493	17	8.375000
A611	11	0.400000	0.111717	0.207308	0.000327	18	8.090909
A612	9	0.527778	0.110804	0.219542	0.000529	18	8.444445
A613	8	0.642857	0.107598	0.078154	0.000266	18	8.250000
A614	8	0.535714	0.108409	0.268023	0.000207	18	8.125000
A615	7	0.666667	0.104436	0.059803	0.000164	19	8.428572
A616	7	0.619048	0.102208	0.084174	0.000137	19	7.857143
A617	8	0.535714	0.099504	0.112808	0.000094	19	7.625000
A618	8	0.500000	0.097371	0.069018	0.000053	19	7.875000
A619	7	0.666667	0.094292	0.052239	0.000038	19	7.857143
A620	7	0.714286	0.092855	0.023466	0.000027	19	8.000000
A621	9	0.527778	0.093486	0.090411	0.000029	19	8.111111
A622	8	0.642857	0.090448	0.033462	0.000020	19	8.000000
A623	8	0.642857	0.089158	0.039552	0.000015	19	8.000000
A624	8	0.642857	0.088235	0.038868	0.000012	19	8.375000
A625	9	0.527778	0.088308	0.063951	0.000011	19	8.555555
A626	8	0.642857	0.085814	0.022887	0.000008	19	8.375000
A627	8	0.642857	0.084637	0.029490	0.000006	19	8.375000
A628	10	0.466667	0.084075	0.055772	0.000006	19	8.700000
A629	8	0.642857	0.083944	0.027683	0.000004	19	8.500000
A630	8	0.642857	0.081909	0.012521	0.000003	19	8.125000
A631	8	0.642857	0.080822	0.021543	0.000003	19	8.000000
A632	10	0.466667	0.080337	0.041433	0.000002	20	8.000000
A633	7	0.714286	0.080170	0.009444	0.000002	20	7.571429
A634	6	0.800000	0.078382	0.002033	0.000001	20	7.666667
A635	7	0.523810	0.077474	0.016204	0.000001	20	7.285714
A636	6	0.533333	0.076923	0.034698	0.000001	21	6.833333
A637	4	0.500000	0.074334	0.008373	0.000000	21	6.000000
A638	7	0.333333	0.074066	0.035060	0.000000	22	6.714286
A639	4	0.500000	0.071769	0.002415	0.000000	22	6.500000
A640	5	0.400000	0.071657	0.032407	0.000000	23	5.800000
A641	4	0.833333	0.070016	0.000174	0.000000	23	6.500000
A642	6	0.666667	0.071614	0.007687	0.000000	22	6.666667
A643	8	0.464286	0.074721	0.278071	0.000000	22	6.875000
A644	7	0.666667	0.071876	0.006579	0.000000	22	7.142857
A645	7	0.714286	0.073584	0.027075	0.000000	22	8.000000
A646	9	0.527778	0.073737	0.107355	0.000000	22	7.888889
A647	8	0.642857	0.073691	0.126446	0.000000	22	8.125000
A648	8	0.642857	0.071238	0.011900	0.000000	23	8.125000
A649	10	0.444444	0.073288	0.097120	0.000000	22	8.300000
A650	8	0.642857	0.073265	0.066013	0.000000	22	8.500000
A651	8	0.642857	0.073271	0.072679	0.000000	22	8.375000
A652	8	0.642857	0.071201	0.017778	0.000001	22	8.500000
A653	9	0.527778	0.073810	0.093503	0.000001	22	8.555555
A654	8	0.642857	0.073725	0.067292	0.000001	22	8.250000
A655	8	0.642857	0.073720	0.046985	0.000001	22	8.250000
A656	9	0.527778	0.072531	0.111711	0.000001	23	8.333333
A657	8	0.642857	0.075737	0.113250	0.000002	22	8.250000
A658	8	0.642857	0.075767	0.082334	0.000002	22	8.125000
A659	8	0.642857	0.075749	0.054210	0.000003	22	8.000000
A660	8	0.642857	0.074965	0.078287	0.000004	23	8.125000
A661	8	0.642857	0.079110	0.168473	0.000005	22	8.250000
A662	8	0.642857	0.079129	0.087903	0.000007	22	8.500000
A663	7	0.714286	0.079097	0.034960	0.000006	22	8.714286
A664	9	0.472222	0.078760	0.167809	0.000009	22	8.666667
A665	10	0.400000	0.083543	0.346699	0.000022	21	8.600000
A666	10	0.422222	0.083082	0.099040	0.000013	21	8.000000
A667	7	0.619048	0.082083	0.020735	0.000011	21	8.571428
A668	5	0.900000	0.077083	0.000046	0.000006	22	8.400000
A669	8	0.607143	0.077743	0.004573	0.000010	22	7.875000
A670	10	0.488889	0.078083	0.045341	0.000015	22	7.400000
A671	7	0.619048	0.076991	0.002176	0.000011	22	6.857143
A672	5	0.800000	0.073210	0.000203	0.000009	23	7.600000
A673	5	0.700000	0.073221	0.001167	0.000012	23	7.200000
A674	8	0.464286	0.077875	0.045901	0.000042	22	8.250000
A675	6	0.666667	0.077071	0.004456	0.000047	22	9.500000
A676	8	0.535714	0.077232	0.017608	0.000065	22	9.125000
A677	11	0.436364	0.077511	0.018920	0.000089	22	8.727273
A678	11	0.436364	0.078172	0.021044	0.000093	22	9.090909
A679	12	0.393939	0.078147	0.032527	0.000118	22	9.750000
A680	12	0.409091	0.078818	0.038546	0.000128	22	10.250000
A681	11	0.454545	0.083067	0.055518	0.000111	21	9.363636
A682	12	0.424242	0.083463	0.033258	0.000135	21	9.166667
A683	12	0.439394	0.088292	0.130608	0.000126	20	8.333333
A684	8	0.642857	0.087063	0.003292	0.000085	20	8.500000
A685	6	0.800000	0.086843	0.000888	0.000061	20	8.333333
A686	5	1.000000	0.086546	0.000000	0.000054	20	8.200000
A687	6	0.866667	0.086562	0.000009	0.000065	20	8.000000
A688	9	0.500000	0.093070	0.176583	0.000191	19	7.888889
A689	8	0.535714	0.087553	0.021142	0.000126	20	8.875000
A690	9	0.361111	0.087945	0.060694	0.000183	20	9.333333
A691	6	0.666667	0.082385	0.001228	0.000083	21	9.666667
A692	7	0.666667	0.082562	0.013169	0.000094	21	10.428572
A693	11	0.454545	0.082953	0.023191	0.000166	21	10.636364
A694	10	0.533333	0.082967	0.041944	0.000154	21	11.300000
A695	14	0.384615	0.082435	0.067008	0.000160	21	9.785714
A696	9	0.472222	0.081520	0.039031	0.000108	21	10.000000
A697	6	0.533333	0.080802	0.004740	0.000061	21	9.666667
A698	6	0.666667	0.081631	0.000622	0.000047	21	9.333333
A699	6	0.733333	0.081362	0.000405	0.000034	21	8.666667
A700	6	0.666667	0.081184	0.010135	0.000025	21	8.166667
A701	7	0.523810	0.081218	0.057636	0.000025	21	7.714286
A702	4	0.500000	0.075176	0.008083	0.000005	22	6.000000
A703	6	0.533333	0.075205	0.035409	0.000003	22	5.333333
A704	5	0.700000	0.069996	0.000052	0.000001	23	5.200000
A705	4	1.000000	0.069985	0.000000	0.000001	23	5.750000
A706	6	0.600000	0.070575	0.000625	0.000001	23	5.000000
A707	6	0.600000	0.070575	0.000625	0.000001	23	5.000000
A708	4	0.666667	0.069661	0.000062	0.000001	23	5.250000
A709	5	0.500000	0.074790	0.009014	0.000001	22	5.200000
A710	4	0.500000	0.074785	0.008837	0.000002	22	5.250000
A711	6	0.533333	0.080734	0.028203	0.000009	21	6.333333
A712	6	0.666667	0.080728	0.013906	0.000012	21	7.166667
A713	6	0.666667	0.081659	0.012422	0.000013	21	8.166667
A714	10	0.377778	0.087450	0.134268	0.000035	20	8.100000
A715	8	0.571429	0.086593	0.044642	0.000030	20	8.375000
A716	9	0.472222	0.081985	0.009240	0.000030	21	8.000000
A717	11	0.436364	0.087000	0.024474	0.000056	20	8.454545
A718	12	0.378788	0.087252	0.098339	0.000091	20	8.500000
A719	10	0.444444	0.086609	0.016543	0.000095	20	9.300000
A720	11	0.418182	0.086945	0.074569	0.000126	20	9.272727
A721	11	0.454545	0.087015	0.062486	0.000171	20	10.181818
A722	11	0.436364	0.082413	0.018726	0.000206	21	9.727273
A723	11	0.400000	0.087657	0.072386	0.000275	20	9.818182
A724	9	0.555556	0.086702	0.082635	0.000281	20	9.888889
A725	10	0.511111	0.089950	0.058546	0.000403	19	9.800000
A726	12	0.469697	0.092489	0.262063	0.000546	19	9.166667
A727	11	0.454545	0.094755	0.191773	0.000882	18	8.363636
A728	7	0.523810	0.093841	0.087121	0.000699	18	8.428572
A729	5	0.400000	0.100021	0.243961	0.002780	17	8.000000
A730	8	0.392857	0.100817	0.095133	0.001636	17	7.125000
A731	8	0.285714	0.103582	0.293221	0.005920	17	5.750000
A732	5	0.600000	0.099176	0.001976	0.001051	17	6.400000
A733	4	0.833333	0.098527	0.001001	0.000900	17	6.250000
A734	5	0.600000	0.098749	0.033524	0.000922	17	5.800000
A735	7	0.285714	0.103359	0.076225	0.000977	17	5.428571
A736	5	0.500000	0.096784	0.036166	0.000237	18	5.800000
A737	5	0.600000	0.097440	0.042982	0.000167	18	7.000000
A738	6	0.533333	0.091837	0.052289	0.000109	19	7.666667
A739	6	0.533333	0.097450	0.039563	0.000164	18	6.333333
A740	7	0.333333	0.098820	0.675428	0.000263	18	7.428571
A741	4	0.500000	0.103716	0.279694	0.000688	17	6.750000
A742	6	0.400000	0.105005	0.444957	0.001277	17	6.333333
A743	8	0.321429	0.111278	0.774880	0.005072	16	6.375000
A744	5	0.600000	0.111150	0.339516	0.003532	16	7.200000
A745	6	0.533333	0.104913	0.195816	0.001930	17	7.333333
A746	7	0.476190	0.105326	0.224977	0.002048	17	7.000000
A747	8	0.392857	0.099054	0.423923	0.000813	18	9.000000
A748	9	0.416667	0.092721	0.066307	0.000371	19	9.111111
A749	10	0.444444	0.091540	0.027291	0.000405	19	8.000000
A750	5	0.600000	0.084928	0.003524	0.000105	20	6.600000
A751	4	0.833333	0.083900	0.000293	0.000071	20	6.250000
A752	4	0.666667	0.080890	0.000012	0.000058	20	5.250000
A753	6	0.600000	0.084164	0.000696	0.000132	20	6.333333
A754	6	0.533333	0.086882	0.010560	0.000262	19	7.833333
A755	9	0.555556	0.088503	0.016626	0.000404	19	8.777778
A756	8	0.642857	0.088797	0.046890	0.000374	19	9.500000
A757	10	0.444444	0.086749	0.183591	0.000253	20	9.500000
A758	8	0.571429	0.087268	0.009557	0.000221	20	9.375000
A759	7	0.619048	0.086306	0.003807	0.000129	20	10.000000
A760	7	0.571429	0.087157	0.007397	0.000113	20	9.714286
A761	11	0.381818	0.092578	0.162797	0.000156	19	8.272727
A762	9	0.416667	0.093577	0.197457	0.000109	19	9.666667
A763	10	0.400000	0.093233	0.372799	0.000087	19	9.100000
A764	9	0.416667	0.088155	0.268027	0.000055	20	9.222222
A765	5	0.700000	0.086898	0.004436	0.000035	20	9.800000
A766	10	0.377778	0.087347	0.024617	0.000085	20	8.700000
A767	10	0.400000	0.083805	0.115201	0.000082	21	9.400000
A768	6	0.733333	0.082718	0.009753	0.000060	21	10.333333
A769	7	0.523810	0.078014	0.026563	0.000051	22	9.285714
A770	8	0.535714	0.077455	0.040029	0.000052	22	9.250000
A771	10	0.422222	0.073680	0.037548	0.000047	23	7.800000
A772	6	0.666667	0.072855	0.002222	0.000019	23	7.666667
A773	6	0.466667	0.073043	0.004300	0.000036	23	8.666667
A774	6	0.666667	0.072938	0.001236	0.000040	23	8.666667
A775	7	0.428571	0.072999	0.012452	0.000035	23	8.000000
A776	5	0.600000	0.072151	0.001626	0.000021	23	7.600000
A777	8	0.285714	0.076544	0.038373	0.000037	22	7.250000
A778	6	0.333333	0.071898	0.008892	0.000009	23	5.833333
A779	4	0.666667	0.071170	0.003262	0.000005	23	6.000000
A780	5	0.600000	0.070809	0.001305	0.000003	23	5.400000
A781	5	0.600000	0.070809	0.001305	0.000003	23	5.400000
A782	6	0.466667	0.074288	0.023741	0.000009	22	6.000000
A783	6	0.533333	0.069970	0.000113	0.000006	23	5.666667
A784	4	0.833333	0.069955	0.000003	0.000005	23	6.500000
A785	6	0.600000	0.074466	0.008323	0.000016	22	7.000000
A786	8	0.428571	0.075182	0.017650	0.000018	22	6.500000
A787	8	0.500000	0.080150	0.061745	0.000050	21	8.000000
A788	8	0.571429	0.080150	0.031603	0.000052	21	8.250000
A789	8	0.607143	0.075417	0.001569	0.000031	22	8.125000
A790	8	0.535714	0.076289	0.007071	0.000034	22	8.375000
A791	10	0.466667	0.080384	0.130724	0.000081	21	8.400000
A792	8	0.642857	0.075405	0.005025	0.000029	22	8.375000
A793	9	0.500000	0.076271	0.023392	0.000028	22	8.111111
A794	8	0.642857	0.075494	0.024881	0.000023	22	8.375000
A795	8	0.642857	0.075358	0.042756	0.000020	22	8.250000
A796	8	0.642857	0.071033	0.004798	0.000013	23	7.750000
A797	8	0.642857	0.071228	0.013454	0.000011	23	7.750000
A798	8	0.642857	0.071102	0.018007	0.000009	23	7.375000
A799	7	0.714286	0.070997	0.008924	0.000007	23	7.428571
A800	6	0.800000	0.067197	0.000162	0.000005	24	7.500000
A801	8	0.464286	0.068052	0.017553	0.000005	24	6.000000
A802	6	0.600000	0.067560	0.004868	0.000003	24	6.166667
A803	3	1.000000	0.064153	0.000000	0.000001	25	6.333333
A804	5	0.500000	0.065160	0.005618	0.000003	25	5.600000
A805	5	0.500000	0.068914	0.013853	0.000009	24	7.400000
A806	6	0.600000	0.069440	0.011249	0.000012	24	7.000000
A807	8	0.500000	0.073026	0.021850	0.000021	23	7.125000
A808	8	0.464286	0.073573	0.039238	0.000017	23	7.625000
A809	7	0.619048	0.069631	0.011860	0.000005	24	7.571429
A810	9	0.527778	0.073500	0.124943	0.000004	23	7.222222
A811	8	0.678571	0.068810	0.017069	0.000002	24	7.000000
A812	6	0.933333	0.068644	0.000015	0.000002	24	7.500000
A813	7	0.761905	0.069561	0.004253	0.000003	24	7.428571
A814	7	0.809524	0.068658	0.000092	0.000002	24	7.142857
A815	7	0.714286	0.068746	0.010342	0.000002	24	7.142857
A816	6	0.600000	0.068746	0.032526	0.000001	24	7.333333
A817	7	0.476190	0.065864	0.030269	0.000001	25	7.142857
A818	6	0.666667	0.065792	0.015275	0.000000	25	7.000000
A819	6	0.800000	0.063838	0.001307	0.000000	25	7.333333
A820	6	0.800000	0.063847	0.000705	0.000000	25	7.500000
A821	8	0.642857	0.063944	0.005322	0.000000	25	7.250000
A822	9	0.583333	0.063982	0.011044	0.000000	25	7.222222
A823	8	0.642857	0.062995	0.006112	0.000000	24	7.625000
A824	8	0.642857	0.065186	0.009487	0.000000	24	8.125000
A825	8	0.642857	0.065200	0.008750	0.000000	24	8.375000
A826	8	0.642857	0.065231	0.008107	0.000000	24	8.375000
A827	8	0.642857	0.066796	0.018265	0.000000	23	8.375000
A828	10	0.422222	0.069425	0.103789	0.000000	23	8.300000
A829	8	0.642857	0.066824	0.007521	0.000000	23	8.375000
A830	8	0.642857	0.066847	0.008170	0.000000	23	8.375000
A831	9	0.527778	0.068933	0.044342	0.000000	23	8.555555
A832	8	0.642857	0.068914	0.027230	0.000000	23	8.375000
A833	8	0.642857	0.066880	0.004207	0.000000	24	7.875000
A834	8	0.642857	0.066894	0.004821	0.000000	24	7.750000
A835	9	0.472222	0.070981	0.059031	0.000000	23	8.000000
A836	7	0.619048	0.066810	0.015155	0.000000	24	7.428571
A837	6	0.666667	0.066473	0.003547	0.000000	24	7.500000
A838	7	0.523810	0.068904	0.017221	0.000000	23	6.857143
A839	6	0.600000	0.066959	0.004785	0.000000	23	6.166667
A840	6	0.600000	0.069727	0.028220	0.000000	23	6.500000
A841	6	0.600000	0.067300	0.013949	0.000000	23	6.333333
A842	5	0.700000	0.065564	0.001230	0.000000	24	5.800000
A843	7	0.523810	0.068482	0.016319	0.000000	23	5.857143
A844	4	0.666667	0.067188	0.002629	0.000000	23	6.500000
A845	6	0.600000	0.069445	0.002964	0.000000	23	7.000000
A846	8	0.464286	0.071652	0.066640	0.000000	22	6.875000
A847	6	0.800000	0.071529	0.000728	0.000000	22	8.000000
A848	7	0.714286	0.071599	0.001840	0.000000	22	8.000000
A849	10	0.466667	0.073974	0.019119	0.000000	22	7.300000
A850	9	0.500000	0.076739	0.326628	0.000000	21	8.111111
A851	8	0.642857	0.075334	0.012633	0.000000	21	8.250000
A852	9	0.555556	0.075435	0.020728	0.000000	21	8.444445
A853	9	0.555556	0.078178	0.060171	0.000001	21	8.555555
A854	8	0.642857	0.079705	0.269969	0.000001	20	8.625000
A855	8	0.642857	0.078420	0.028432	0.000001	20	8.750000
A856	10	0.444444	0.078503	0.039405	0.000001	20	8.500000
A857	8	0.642857	0.081548	0.076682	0.000001	20	8.625000
A858	8	0.642857	0.083211	0.249560	0.000001	19	8.500000
A859	10	0.466667	0.081923	0.050799	0.000002	19	8.800000
A860	8	0.642857	0.081853	0.023332	0.000002	19	8.750000
A861	8	0.642857	0.085282	0.095851	0.000002	19	8.500000
A862	8	0.642857	0.087086	0.242343	0.000003	18	8.500000
A863	10	0.444444	0.085730	0.042936	0.000005	18	8.500000
A864	8	0.642857	0.085577	0.021901	0.000004	18	8.250000
A865	8	0.642857	0.089448	0.120728	0.000004	18	8.250000
A866	8	0.642857	0.091453	0.242893	0.000006	18	8.500000
A867	8	0.642857	0.090000	0.032006	0.000006	19	8.375000
A868	8	0.642857	0.089891	0.019949	0.000007	19	8.000000
A869	8	0.642857	0.094412	0.155580	0.000010	18	7.875000
A870	10	0.422222	0.096706	0.262301	0.000018	18	7.600000
A871	7	0.714286	0.095271	0.023092	0.000010	19	7.714286
A872	7	0.666667	0.095177	0.016402	0.000012	19	7.285714
A873	7	0.523810	0.100764	0.220507	0.000030	18	7.285714
A874	6	0.600000	0.098820	0.231082	0.000018	19	7.333333
A875	5	0.500000	0.097460	0.014716	0.000021	19	6.800000
A876	8	0.357143	0.106081	0.328591	0.000084	19	7.375000
A877	6	0.466667	0.104959	0.080809	0.000067	19	7.833333
A878	6	0.600000	0.097806	0.078098	0.000021	20	7.000000
A879	7	0.571429	0.097836	0.139927	0.000022	20	7.000000
A880	6	0.800000	0.091583	0.031209	0.000009	21	7.666667
A881	7	0.714286	0.092578	0.041812	0.000010	21	7.571429
A882	8	0.642857	0.092623	0.059101	0.000011	21	7.500000
A883	8	0.642857	0.092632	0.054270	0.000011	21	7.875000
A884	10	0.466667	0.087921	0.106657	0.000012	22	8.100000
A885	8	0.642857	0.088985	0.022271	0.000013	22	8.875000
A886	8	0.642857	0.089010	0.021487	0.000015	22	9.375000
A887	9	0.555556	0.089035	0.021203	0.000017	22	9.000000
A888	11	0.418182	0.085684	0.048666	0.000020	23	8.727273
A889	10	0.533333	0.087363	0.022371	0.000031	23	8.800000
A890	11	0.454545	0.087371	0.018798	0.000035	23	8.454545
A891	6	0.800000	0.086391	0.001006	0.000016	23	9.166667
A892	6	0.800000	0.085768	0.002111	0.000021	23	9.333333
A893	8	0.535714	0.090211	0.013502	0.000038	22	9.000000
A894	10	0.488889	0.092003	0.030760	0.000067	22	9.400000
A895	11	0.454545	0.091575	0.018612	0.000061	22	9.000000
A896	9	0.500000	0.090211	0.005447	0.000041	22	8.222222
A897	5	0.700000	0.089515	0.000961	0.000019	22	8.400000
A898	4	0.833333	0.088074	0.000003	0.000014	22	7.000000
A899	7	0.619048	0.095716	0.017871	0.000035	21	8.428572
A900	7	0.619048	0.096146	0.012318	0.000040	21	9.000000
A901	12	0.393939	0.097826	0.048946	0.000091	21	9.083333
A902	9	0.583333	0.092197	0.004929	0.000075	22	9.444445
A903	7	0.761905	0.093942	0.006012	0.000080	22	10.000000
A904	9	0.500000	0.095792	0.034581	0.000103	21	9.555555
A905	11	0.490909	0.097945	0.043866	0.000127	21	9.818182
A906	9	0.583333	0.098175	0.016332	0.000130	21	9.555555
A907	10	0.466667	0.099074	0.067511	0.000198	21	9.400000
A908	11	0.418182	0.104097	0.088940	0.000186	20	9.272727
A909	9	0.472222	0.104788	0.108205	0.000161	20	9.777778
A910	8	0.464286	0.099299	0.047620	0.000259	21	9.125000
A911	9	0.388889	0.101743	0.093777	0.000349	21	8.555555
A912	5	0.600000	0.100880	0.004973	0.000219	21	8.200000
A913	6	0.466667	0.102940	0.077330	0.000787	21	8.666667
A914	8	0.321429	0.103571	0.144534	0.000562	21	8.000000
A915	6	0.533333	0.099834	0.044176	0.000163	21	8.166667
A916	10	0.377778	0.105650	0.301746	0.000197	20	8.200000
A917	7	0.666667	0.096891	0.005621	0.000088	21	8.857142
A918	8	0.535714	0.097263	0.092527	0.000079	21	8.750000
A919	8	0.642857	0.097126	0.025984	0.000081	21	8.625000
A920	11	0.418182	0.097420	0.080737	0.000113	21	8.727273
A921	8	0.642857	0.089623	0.004555	0.000053	22	8.125000
A922	10	0.466667	0.089882	0.039077	0.000052	22	7.800000
A923	9	0.555556	0.090050	0.034824	0.000048	22	7.666667
A924	6	0.800000	0.089324	0.003699	0.000032	22	8.500000
A925	6	0.800000	0.082960	0.000018	0.000024	23	7.666667
A926	7	0.619048	0.084921	0.003822	0.000028	23	7.000000
A927	6	0.666667	0.084913	0.002864	0.000025	23	7.333333
A928	7	0.428571	0.087530	0.034376	0.000065	23	6.857143
A929	5	0.600000	0.081383	0.000782	0.000029	24	6.200000
A930	4	0.666667	0.081211	0.000849	0.000038	24	6.250000
A931	7	0.523810	0.085524	0.010701	0.000129	23	7.285714
A932	6	0.666667	0.083543	0.003292	0.000153	24	8.333333
A933	9	0.472222	0.085676	0.015800	0.000304	24	9.222222
A934	10	0.444444	0.085798	0.014621	0.000362	24	9.600000
A935	10	0.466667	0.085554	0.035483	0.000332	24	9.400000
A936	10	0.488889	0.090202	0.048302	0.000346	23	8.800000
A937	11	0.454545	0.092127	0.037920	0.000523	23	10.181818
A938	11	0.490909	0.091679	0.024722	0.000517	23	9.909091
A939	9	0.444444	0.092003	0.088209	0.000447	23	10.000000
A940	8	0.571429	0.097028	0.068118	0.000582	22	10.000000
A941	12	0.348485	0.099525	0.189238	0.000993	22	9.000000
A942	9	0.472222	0.097067	0.040641	0.000625	22	8.555555
A943	8	0.428571	0.099617	0.083203	0.000597	21	8.500000
A944	10	0.355556	0.105523	0.222348	0.001688	21	8.800000
A945	8	0.392857	0.101102	0.190285	0.001068	21	8.250000
A946	5	0.400000	0.096156	0.017360	0.000329	22	6.600000
A947	4	0.500000	0.091977	0.026322	0.000149	22	5.000000
A948	3	0.666667	0.087881	0.002077	0.000051	23	4.333333
A949	4	0.333333	0.084600	0.015143	0.000023	23	3.750000
A950	3	0.666667	0.078644	0.000046	0.000006	24	4.666667
A951	5	0.400000	0.080647	0.007818	0.000019	24	4.400000
A952	5	0.400000	0.080647	0.014257	0.000017	24	4.400000
A953	4	0.500000	0.075934	0.001139	0.000005	25	5.000000
A954	4	0.500000	0.075922	0.000780	0.000005	25	5.250000
A955	6	0.533333	0.075827	0.005449	0.000012	25	6.333333
A956	6	0.666667	0.075803	0.002008	0.000013	25	6.500000
A957	6	0.800000	0.075797	0.000065	0.000015	25	7.166667
A958	5	0.900000	0.075761	0.000013	0.000014	25	7.600000
A959	9	0.472222	0.081074	0.034039	0.000054	24	7.333333
A960	9	0.555556	0.081170	0.017517	0.000026	24	7.111111
A961	8	0.607143	0.081149	0.007593	0.000026	24	7.625000
A962	7	0.714286	0.082392	0.005955	0.000026	24	8.571428
A963	9	0.500000	0.087015	0.076733	0.000070	23	8.444445
A964	8	0.642857	0.083168	0.014621	0.000026	24	8.375000
A965	8	0.642857	0.083139	0.008150	0.000025	24	8.250000
A966	9	0.500000	0.086136	0.029989	0.000031	23	8.555555
A967	9	0.555556	0.085974	0.012282	0.000030	23	8.888889
A968	8	0.642857	0.084392	0.015187	0.000021	23	8.750000
A969	8	0.642857	0.084348	0.008655	0.000020	23	8.750000
A970	10	0.444444	0.089966	0.080621	0.000031	22	8.800000
A971	10	0.511111	0.085691	0.012157	0.000024	23	8.900000
A972	8	0.642857	0.084726	0.020969	0.000016	23	9.000000
A973	8	0.642857	0.084704	0.012628	0.000015	23	9.250000
A974	10	0.466667	0.086383	0.039047	0.000018	23	9.000000
A975	9	0.555556	0.081555	0.005760	0.000013	24	8.777778
A976	9	0.555556	0.083197	0.037053	0.000012	24	8.888889
A977	10	0.511111	0.083161	0.022394	0.000011	24	8.400000
A978	9	0.527778	0.082903	0.007597	0.000009	24	7.888889
A979	6	0.800000	0.080397	0.000550	0.000006	24	8.666667
A980	9	0.500000	0.084533	0.035501	0.000010	23	8.555555
A981	6	0.666667	0.079944	0.000420	0.000004	24	7.333333
A982	7	0.476190	0.084222	0.047303	0.000005	23	7.428571
A983	3	0.666667	0.079501	0.000024	0.000001	24	6.000000
A984	5	0.300000	0.082294	0.027583	0.000005	24	6.600000
A985	5	0.700000	0.081666	0.006078	0.000011	24	7.000000
A986	9	0.416667	0.083812	0.024964	0.000021	24	7.777778
A987	6	0.800000	0.085221	0.003679	0.000021	23	7.666667
A988	7	0.714286	0.085229	0.007102	0.000028	23	7.285714
A989	8	0.571429	0.085418	0.035025	0.000029	23	7.500000
A990	10	0.400000	0.088211	0.045852	0.000053	23	7.900000
A991	7	0.619048	0.088838	0.039805	0.000070	22	7.428571
A992	6	0.666667	0.088829	0.029850	0.000068	22	7.833333
A993	7	0.428571	0.091758	0.043660	0.000203	22	7.857143
A994	8	0.321429	0.093133	0.109590	0.000284	22	6.875000
A995	7	0.476190	0.091549	0.016471	0.000299	23	8.428572
A996	6	0.333333	0.087506	0.041293	0.000135	23	7.000000
A997	7	0.523810	0.091470	0.023301	0.000290	23	8.714286
A998	10	0.444444	0.091740	0.032009	0.000419	23	9.000000
A999	7	0.714286	0.087713	0.001809	0.000272	23	9.714286
A1000	9	0.472222	0.091072	0.045187	0.000363	23	9.000000
A1001	10	0.511111	0.088292	0.009478	0.000378	23	9.500000
A1002	12	0.454545	0.088405	0.019713	0.000435	23	9.416667
A1003	9	0.583333	0.084749	0.002948	0.000280	24	8.666667
A1004	10	0.511111	0.088042	0.021112	0.000339	23	8.700000
A1005	9	0.416667	0.087410	0.020841	0.000284	24	8.666667
A1006	7	0.666667	0.085071	0.005427	0.000220	24	9.142858
A1007	6	0.733333	0.083232	0.001150	0.000174	24	8.333333
A1008	8	0.535714	0.084764	0.011115	0.000297	23	7.875000
A1009	7	0.619048	0.084370	0.003175	0.000295	23	7.714286
A1010	6	0.800000	0.089291	0.007665	0.000450	22	7.833333
A1011	6	0.800000	0.089010	0.002381	0.000474	22	7.500000
A1012	8	0.642857	0.089307	0.007762	0.000552	22	7.125000
A1013	10	0.488889	0.091254	0.048206	0.000616	22	7.400000
A1014	8	0.500000	0.096512	0.125507	0.002205	21	7.125000
A1015	6	0.733333	0.089018	0.000105	0.000555	22	7.166667
A1016	6	0.600000	0.091124	0.018380	0.000544	22	7.666667
A1017	5	0.400000	0.090270	0.001509	0.001075	22	5.800000
A1018	3	0.666667	0.093887	0.000718	0.001719	21	6.000000
A1019	6	0.533333	0.097866	0.010915	0.005567	21	7.333333
A1020	7	0.619048	0.102830	0.013027	0.010296	20	8.142858
A1021	10	0.444444	0.105211	0.166565	0.017457	20	8.500000
A1022	11	0.454545	0.105407	0.099138	0.022317	20	8.181818
A1023	10	0.511111	0.107298	0.433902	0.014478	20	8.300000
A1024	9	0.583333	0.102676	0.024247	0.009837	21	8.888889
A1025	9	0.527778	0.105350	0.089526	0.008897	21	9.222222
A1026	8	0.642857	0.105097	0.076220	0.007413	21	9.500000
A1027	10	0.466667	0.107394	0.442742	0.005862	21	9.100000
A1028	9	0.527778	0.101808	0.067905	0.004645	22	9.000000
A1029	8	0.642857	0.103940	0.043089	0.003728	22	9.375000
A1030	10	0.488889	0.105906	0.117779	0.003278	21	9.000000
A1031	10	0.466667	0.105871	0.195186	0.002733	21	9.800000
A1032	9	0.527778	0.101582	0.040033	0.002097	22	9.444445
A1033	10	0.444444	0.104617	0.302975	0.001813	22	8.500000
A1034	10	0.466667	0.103226	0.036798	0.001536	21	9.000000
A1035	10	0.488889	0.101443	0.107014	0.001291	22	9.800000
A1036	8	0.642857	0.097638	0.014973	0.000965	22	9.625000
A1037	10	0.444444	0.099463	0.069229	0.000869	22	9.300000
A1038	9	0.555556	0.095158	0.019072	0.000738	22	9.888889
A1039	11	0.454545	0.094877	0.038631	0.000699	22	9.636364
A1040	8	0.642857	0.091557	0.006819	0.000470	23	9.250000
A1041	10	0.444444	0.095262	0.065823	0.000439	22	8.800000
A1042	11	0.472727	0.089531	0.020579	0.000408	23	8.363636
A1043	9	0.583333	0.089282	0.008451	0.000316	23	8.555555
A1044	6	0.800000	0.087545	0.001674	0.000198	23	8.333333
A1045	6	0.800000	0.087197	0.003475	0.000173	23	8.333333
A1046	6	0.666667	0.082308	0.001164	0.000146	24	7.666667
A1047	8	0.571429	0.082939	0.002572	0.000201	24	7.875000
A1048	6	0.666667	0.080877	0.000552	0.000143	24	7.833333
A1049	6	0.800000	0.081589	0.000475	0.000160	24	8.333333
A1050	8	0.607143	0.087769	0.005873	0.000252	23	8.750000
A1051	11	0.472727	0.087833	0.016634	0.000384	23	8.727273
A1052	8	0.642857	0.086205	0.004311	0.000268	24	8.625000
A1053	9	0.555556	0.087110	0.008833	0.000325	24	9.111111
A1054	11	0.436364	0.093878	0.052097	0.000595	23	9.545455
A1055	9	0.555556	0.089035	0.008900	0.000413	23	9.666667
A1056	9	0.555556	0.087625	0.006161	0.000369	24	9.000000
A1057	11	0.418182	0.088405	0.028899	0.000454	24	9.000000
A1058	10	0.444444	0.094440	0.061632	0.000673	23	8.700000
A1059	7	0.714286	0.090746	0.005533	0.000306	23	8.571428
A1060	7	0.619048	0.090669	0.010698	0.000294	23	8.571428
A1061	7	0.523810	0.090918	0.030846	0.000313	23	8.142858
A1062	7	0.476190	0.093860	0.038828	0.000502	23	7.428571
A1063	6	0.600000	0.091749	0.024874	0.000571	23	7.000000
A1064	6	0.666667	0.093704	0.010138	0.000851	23	7.166667
A1065	7	0.523810	0.093942	0.050434	0.001176	23	7.142857
A1066	8	0.428571	0.099125	0.102388	0.001931	22	7.250000
A1067	7	0.571429	0.094153	0.021434	0.000853	23	6.428571
A1068	7	0.380952	0.099813	0.067483	0.001532	22	6.571429
A1069	4	0.500000	0.098537	0.019197	0.001846	22	6.750000
A1070	6	0.400000	0.105430	0.073802	0.004925	21	5.833333
A1071	7	0.285714	0.104811	0.112955	0.010881	21	6.428571
A1072	5	0.500000	0.106715	0.137705	0.002542	21	7.200000
A1073	4	0.666667	0.100543	0.022130	0.002137	22	7.000000
