Node	Degree	Cluster_Coeff	Closeness	Betweenness	Eigenvector centrality	Eccentricity	Average neighbor degree
A-3	2	1.000000	0.167084	0.000000	0.009966	10	5.000000
A-2	5	0.500000	0.182648	0.033487	0.038906	10	5.600000
A-1	5	0.600000	0.190476	0.056485	0.053015	9	6.800000
A0	8	0.535714	0.198020	0.053332	0.123420	9	8.250000
A1	11	0.454545	0.222222	0.320357	0.220746	9	9.090909
A2	13	0.423077	0.226244	0.250880	0.272550	9	8.923077
A3	11	0.472727	0.219298	0.148971	0.298580	9	10.090909
A4	11	0.436364	0.217155	0.200080	0.280308	9	9.363636
A5	10	0.488889	0.210084	0.111017	0.264677	9	10.000000
A6	11	0.472727	0.211640	0.252026	0.238302	9	9.363636
A7	11	0.472727	0.206398	0.221661	0.192716	9	8.636364
A8	11	0.400000	0.192864	0.243077	0.145011	10	8.545455
A9	10	0.422222	0.186741	0.124629	0.090246	10	8.100000
A10	6	0.600000	0.167504	0.011405	0.048078	11	9.000000
A11	4	0.666667	0.160643	0.001078	0.024166	11	7.750000
A12	9	0.500000	0.166389	0.020719	0.051485	11	7.666667
A13	6	0.666667	0.164069	0.014333	0.033092	11	8.000000
A14	7	0.666667	0.181984	0.043046	0.044489	10	9.000000
A15	11	0.454545	0.188501	0.207846	0.078536	10	8.545455
A16	9	0.555556	0.180180	0.052715	0.054007	10	7.888889
A17	8	0.642857	0.185185	0.079813	0.052538	10	8.500000
A18	10	0.533333	0.208333	0.219308	0.075767	9	8.900000
A19	8	0.642857	0.207900	0.124800	0.064744	9	9.500000
A20	6	0.800000	0.201207	0.039063	0.049409	9	9.500000
A21	11	0.436364	0.209424	0.213249	0.084549	9	8.818182
A22	11	0.418182	0.240096	0.673372	0.124127	8	9.272727
A23	10	0.444444	0.216685	0.168554	0.086677	8	8.600000
A24	8	0.642857	0.205550	0.026938	0.068200	9	9.625000
A25	10	0.533333	0.207254	0.083251	0.078239	9	9.000000
A26	10	0.466667	0.216920	0.372193	0.087376	8	8.200000
A27	8	0.642857	0.193798	0.086385	0.050399	9	8.500000
A28	7	0.714286	0.191388	0.027767	0.041920	9	8.428572
A29	7	0.666667	0.196464	0.086157	0.037884	9	8.571428
A30	8	0.571429	0.195122	0.189892	0.035860	9	8.250000
A31	8	0.500000	0.182983	0.102617	0.028700	10	7.875000
A32	9	0.444444	0.187266	0.118436	0.026931	10	7.333333
A33	9	0.416667	0.186916	0.095993	0.030797	10	7.888889
A34	8	0.535714	0.186393	0.089891	0.026749	10	8.125000
A35	6	0.800000	0.170794	0.005450	0.019702	11	8.000000
A36	10	0.488889	0.195312	0.159968	0.049259	10	7.200000
A37	9	0.583333	0.190476	0.085214	0.035998	10	7.222222
A38	6	0.800000	0.170358	0.004839	0.019472	11	7.500000
A39	6	0.800000	0.164204	0.000318	0.019451	11	7.000000
A40	6	0.800000	0.182815	0.022889	0.028442	10	7.500000
A41	5	0.900000	0.182648	0.010720	0.026537	10	8.000000
A42	9	0.388889	0.216920	0.374453	0.111618	9	7.888889
A43	6	0.466667	0.239808	0.368186	0.133642	8	8.666667
A44	6	0.600000	0.240964	0.153067	0.160378	8	9.666667
A45	9	0.361111	0.262467	0.487362	0.273974	7	9.555555
A46	11	0.418182	0.275482	0.788482	0.360262	7	9.818182
A47	9	0.472222	0.265957	0.491937	0.298524	7	10.000000
A48	8	0.500000	0.237248	0.148148	0.214585	8	8.875000
A49	6	0.533333	0.220264	0.050825	0.127344	8	7.666667
A50	2	1.000000	0.192308	0.000000	0.037071	9	7.000000
A56	5	0.800000	0.180995	0.002060	0.082446	10	9.600000
A57	6	0.666667	0.200602	0.034565	0.114628	9	9.000000
A58	10	0.488889	0.209864	0.130887	0.217849	9	9.000000
A59	11	0.472727	0.233645	0.405422	0.291913	8	9.363636
A60	11	0.490909	0.238095	0.250946	0.337726	8	10.272727
A61	10	0.488889	0.240385	0.170512	0.325874	8	10.600000
A62	11	0.454545	0.243605	0.329752	0.324177	8	10.363636
A63	12	0.424242	0.242424	0.387385	0.275586	8	9.083333
A64	9	0.500000	0.222469	0.111676	0.184094	9	9.333333
A65	8	0.464286	0.212766	0.197565	0.135582	9	9.500000
A66	6	0.533333	0.210305	0.216515	0.100685	9	9.166667
A67	6	0.466667	0.190114	0.111514	0.036017	10	7.500000
A68	7	0.476190	0.189215	0.145458	0.024847	10	6.714286
A69	6	0.600000	0.175593	0.049713	0.013361	11	6.500000
A70	4	0.833333	0.167926	0.007484	0.007204	11	6.500000
A71	7	0.428571	0.176991	0.107307	0.014182	11	6.428571
A72	6	0.466667	0.160901	0.074217	0.014061	12	6.000000
A73	5	0.600000	0.159490	0.036960	0.015701	12	6.600000
A74	4	0.833333	0.152207	0.000437	0.014314	12	6.750000
A75	6	0.533333	0.166667	0.026252	0.037335	11	7.666667
A76	10	0.377778	0.173310	0.206123	0.064928	11	7.700000
A77	8	0.535714	0.185874	0.108415	0.107692	10	9.000000
A78	6	0.733333	0.183824	0.010607	0.102100	10	9.166667
A79	7	0.571429	0.185014	0.022498	0.122670	10	8.285714
A80	7	0.523810	0.186047	0.021737	0.135339	10	8.142858
A81	5	0.600000	0.187091	0.018739	0.090628	10	7.800000
A82	7	0.619048	0.192678	0.027397	0.149628	10	8.857142
A83	7	0.619048	0.200200	0.062291	0.147969	9	8.857142
A84	8	0.607143	0.198610	0.047175	0.154736	9	9.000000
A85	7	0.571429	0.205128	0.193998	0.118378	9	8.571428
A86	8	0.464286	0.202020	0.194171	0.095950	9	6.625000
A87	5	0.400000	0.194932	0.271688	0.076505	10	6.200000
A88	4	0.500000	0.190840	0.122902	0.099295	10	6.750000
A89	7	0.523810	0.195886	0.325441	0.353117	9	8.285714
A90	7	0.619048	0.191388	0.076414	0.390288	9	8.571428
A91	8	0.642857	0.182983	0.011214	0.515954	9	9.125000
A92	7	0.666667	0.180180	0.005573	0.456525	10	9.285714
A93	8	0.571429	0.194553	0.085635	0.464779	9	9.000000
A94	7	0.571429	0.187266	0.022496	0.421215	10	9.428572
A95	10	0.400000	0.205339	0.176299	0.431150	9	8.200000
A96	8	0.535714	0.202429	0.028166	0.311636	9	8.500000
A97	11	0.436364	0.230947	0.336696	0.404179	8	8.818182
A98	9	0.500000	0.231214	0.114321	0.347441	8	9.666667
A99	11	0.436364	0.261097	0.404927	0.435001	7	10.272727
A100	10	0.444444	0.260078	0.418885	0.388921	7	10.900000
A101	10	0.422222	0.262467	0.335848	0.342881	7	10.500000
A102	11	0.309091	0.260756	0.933807	0.256282	7	8.909091
A103	8	0.357143	0.235294	0.656160	0.158738	8	9.125000
A104	8	0.535714	0.219780	0.490747	0.077109	8	8.125000
A105	7	0.619048	0.187617	0.114507	0.037779	9	7.857143
A106	8	0.571429	0.182815	0.174327	0.023347	9	6.875000
A107	8	0.571429	0.159617	0.084571	0.012927	10	6.125000
A108	5	0.800000	0.155400	0.012577	0.005830	10	6.400000
A109	4	1.000000	0.138026	0.000000	0.003546	11	6.250000
A110	5	0.800000	0.138217	0.000265	0.004720	11	6.000000
A111	7	0.666667	0.155642	0.025642	0.009231	10	6.142857
A112	6	0.666667	0.159363	0.031268	0.012001	10	7.000000
A113	7	0.666667	0.182648	0.090388	0.022777	9	7.285714
A114	7	0.619048	0.187441	0.077626	0.037689	9	7.571429
A115	8	0.428571	0.222965	0.305097	0.091175	8	8.000000
A116	9	0.416667	0.200200	0.151493	0.083438	9	7.555555
A117	5	0.600000	0.191755	0.039762	0.044754	9	7.600000
A118	6	0.733333	0.174064	0.003922	0.058280	10	7.500000
A119	6	0.733333	0.177620	0.005767	0.065825	10	7.333333
A120	6	0.800000	0.175439	0.002609	0.079465	10	7.833333
A121	9	0.555556	0.181488	0.045154	0.114077	10	7.444445
A122	10	0.488889	0.203459	0.233882	0.149993	9	7.700000
A123	8	0.642857	0.184502	0.053947	0.160574	10	8.250000
A124	8	0.642857	0.184672	0.036693	0.184205	10	8.500000
A125	9	0.527778	0.210748	0.333366	0.225668	9	8.555555
A126	8	0.642857	0.189753	0.060175	0.253206	10	8.875000
A127	10	0.466667	0.197628	0.272747	0.408633	10	8.800000
A128	8	0.642857	0.188147	0.025438	0.307412	10	8.500000
A129	8	0.642857	0.195695	0.058484	0.344628	10	8.625000
A130	10	0.533333	0.194363	0.080213	0.554357	10	9.100000
A131	9	0.583333	0.192493	0.028752	0.529590	10	9.333333
A132	6	0.800000	0.187091	0.008027	0.335157	10	9.166667
A133	9	0.500000	0.212314	0.219233	0.564684	9	9.666667
A134	11	0.490909	0.193798	0.063396	0.790680	10	10.090909
A135	12	0.439394	0.201207	0.140214	0.887984	10	10.500000
A136	10	0.466667	0.192678	0.171906	0.691191	10	10.500000
A137	10	0.422222	0.194553	0.209585	0.518234	10	9.300000
A138	8	0.535714	0.184843	0.035235	0.391409	10	9.125000
A139	6	0.733333	0.169492	0.030632	0.165591	11	7.666667
A140	6	0.600000	0.158730	0.075080	0.080444	11	5.666667
A141	3	1.000000	0.137268	0.000000	0.019564	12	5.000000
A142	3	1.000000	0.137268	0.000000	0.019564	12	5.000000
A143	6	0.600000	0.158730	0.075080	0.080444	11	5.666667
A144	7	0.571429	0.185014	0.091422	0.190458	10	7.571429
A145	9	0.472222	0.187266	0.230457	0.266360	10	7.777778
A146	8	0.464286	0.204290	0.193875	0.254223	9	8.750000
A147	6	0.800000	0.200000	0.006593	0.187842	9	8.833333
A148	8	0.607143	0.203459	0.056606	0.224616	9	8.625000
A149	6	0.733333	0.196850	0.003955	0.171338	9	8.666667
A150	6	0.600000	0.200803	0.010585	0.136830	8	8.000000
A151	5	0.800000	0.198610	0.000552	0.122128	8	9.200000
A152	7	0.571429	0.207684	0.037859	0.122031	8	8.142858
A153	7	0.714286	0.207469	0.040506	0.089164	8	8.428572
A154	8	0.607143	0.212314	0.135618	0.096153	8	8.500000
A155	9	0.527778	0.199203	0.129191	0.065344	8	7.666667
A156	10	0.422222	0.215054	0.225894	0.071452	8	7.800000
A157	7	0.571429	0.188501	0.019140	0.043349	9	7.714286
A158	3	1.000000	0.183318	0.000000	0.021844	9	9.000000
A168	5	0.900000	0.188679	0.001434	0.031021	8	8.000000
A169	6	0.733333	0.191755	0.007024	0.038948	8	7.666667
A170	8	0.607143	0.208333	0.086428	0.067034	8	7.625000
A171	7	0.666667	0.207254	0.063377	0.081038	8	8.285714
A172	9	0.472222	0.229885	0.253861	0.145171	7	8.666667
A173	11	0.418182	0.232558	0.240117	0.245644	7	8.727273
A174	11	0.418182	0.233372	0.234930	0.290476	8	9.000000
A175	11	0.454545	0.231481	0.144692	0.331478	8	9.000000
A176	11	0.472727	0.233645	0.349928	0.363251	8	9.090909
A177	10	0.511111	0.226244	0.102986	0.336331	8	9.100000
A178	10	0.400000	0.213904	0.302749	0.382816	9	9.200000
A179	9	0.444444	0.207039	0.134584	0.393177	9	9.444445
A180	11	0.418182	0.201613	0.201642	0.666497	10	10.000000
A181	11	0.472727	0.194742	0.084372	0.718685	10	9.727273
A182	15	0.400000	0.205973	0.333437	1.000000	9	9.333333
A183	9	0.555556	0.180180	0.015770	0.699877	10	10.444445
A184	9	0.611111	0.188501	0.018699	0.684172	10	10.333333
A185	11	0.472727	0.194553	0.093074	0.710190	9	9.181818
A186	6	0.800000	0.185529	0.003944	0.378937	9	9.500000
A187	9	0.583333	0.204499	0.049901	0.554461	9	9.333333
A188	12	0.469697	0.212993	0.230088	0.772440	9	9.666667
A189	8	0.642857	0.203874	0.044413	0.410579	9	8.750000
A190	8	0.642857	0.210084	0.072196	0.363318	8	8.250000
A191	10	0.488889	0.233918	0.441097	0.439119	8	8.300000
A192	8	0.571429	0.235571	0.168701	0.340553	8	8.750000
A193	6	0.800000	0.224719	0.022941	0.228001	8	8.333333
A194	7	0.523810	0.235294	0.343398	0.227009	7	7.714286
A195	9	0.472222	0.258398	0.332685	0.322410	7	8.888889
A196	7	0.523810	0.257732	0.200125	0.266798	7	9.714286
A197	8	0.428571	0.246002	0.226512	0.237588	7	9.000000
A198	5	0.700000	0.240385	0.010486	0.152992	7	9.800000
A199	9	0.527778	0.258065	0.271972	0.247457	7	8.888889
A200	8	0.535714	0.256739	0.088697	0.225948	7	8.875000
A201	5	0.700000	0.233918	0.092426	0.112675	8	9.200000
A202	8	0.500000	0.247831	0.440903	0.169936	7	9.375000
A203	11	0.363636	0.271003	0.739259	0.308552	7	9.272727
A204	11	0.381818	0.279720	1.000000	0.374608	6	10.090909
A205	13	0.358974	0.266667	0.509939	0.443862	6	9.230769
A206	11	0.327273	0.275103	0.892650	0.412603	6	9.727273
A207	10	0.422222	0.252207	0.314563	0.378243	7	9.300000
A208	7	0.619048	0.240096	0.174703	0.263083	7	9.285714
A209	7	0.619048	0.218579	0.066038	0.252830	8	8.714286
A210	6	0.666667	0.208333	0.053533	0.196274	8	7.833333
A211	4	0.666667	0.184672	0.002545	0.147478	9	7.750000
