Node	Degree	Cluster_Coeff	Closeness	Betweenness	Eigenvector centrality	Eccentricity	Average neighbor degree
A5	2	1.000000	0.113725	0.000000	0.002308	17	4.500000
A6	3	0.666667	0.115538	0.001658	0.004298	17	4.666667
A7	6	0.533333	0.127753	0.116573	0.013358	16	5.333333
A8	6	0.666667	0.129464	0.079857	0.017211	16	6.333333
A9	6	0.800000	0.139759	0.015334	0.021429	15	7.166667
A10	7	0.714286	0.140097	0.030377	0.025858	15	7.000000
A11	8	0.642857	0.143564	0.195102	0.031071	15	6.875000
A12	8	0.642857	0.145000	0.141525	0.035637	15	7.000000
A13	8	0.642857	0.157182	0.162111	0.040783	14	7.125000
A14	7	0.714286	0.156757	0.073297	0.038306	14	7.428571
A15	7	0.666667	0.160221	0.280916	0.045090	14	7.428571
A16	7	0.619048	0.161111	0.191884	0.052848	14	7.285714
A17	7	0.571429	0.175227	0.373028	0.061722	13	7.142857
A19	7	0.571429	0.177370	0.393571	0.084535	13	7.142857
A20	7	0.619048	0.177370	0.207428	0.098178	13	7.285714
A21	7	0.666667	0.193333	0.426925	0.112388	12	7.428571
A22	7	0.714286	0.192053	0.140037	0.126872	12	7.571429
A23	8	0.642857	0.193980	0.352832	0.149535	12	7.500000
A24	8	0.642857	0.192691	0.180181	0.163084	12	7.625000
A25	8	0.642857	0.210145	0.534082	0.175758	11	7.750000
A26	8	0.642857	0.207143	0.281787	0.187001	11	7.875000
A27	8	0.642857	0.207885	0.287895	0.196019	11	8.000000
A28	8	0.642857	0.204947	0.140777	0.201717	11	8.000000
A29	8	0.642857	0.223077	0.708282	0.207798	10	8.125000
A30	8	0.642857	0.218045	0.343998	0.209637	10	8.125000
A31	8	0.642857	0.217228	0.187669	0.204868	10	7.875000
A32	8	0.642857	0.212454	0.088499	0.198822	10	7.625000
A33	9	0.583333	0.230159	1.000000	0.215682	9	7.111111
A34	8	0.642857	0.223077	0.288290	0.191657	9	7.125000
A35	6	0.800000	0.218045	0.035006	0.145753	9	7.500000
A36	6	0.800000	0.214022	0.028758	0.143733	9	7.166667
A37	6	0.666667	0.227451	0.486015	0.160143	9	6.833333
A38	6	0.533333	0.228346	0.936851	0.187393	9	6.833333
A39	6	0.533333	0.222222	0.903423	0.340754	10	6.833333
A40	6	0.666667	0.221374	0.494767	0.381448	10	6.833333
A41	6	0.800000	0.202091	0.034070	0.452010	11	7.166667
A42	6	0.800000	0.203509	0.036745	0.512108	11	7.500000
A43	8	0.642857	0.209386	0.309858	0.657521	11	7.125000
A44	9	0.583333	0.212454	0.871080	0.768003	11	7.111111
A45	8	0.642857	0.191419	0.081137	0.797706	12	7.625000
A46	8	0.642857	0.193333	0.157740	0.860555	12	7.875000
A47	8	0.642857	0.195286	0.357004	0.916964	12	8.125000
A48	8	0.642857	0.196610	0.531782	0.955587	12	8.125000
A49	8	0.642857	0.177370	0.115168	0.979109	13	8.000000
A50	8	0.642857	0.177914	0.198193	0.995606	13	8.000000
A51	8	0.642857	0.178462	0.310366	1.000000	13	8.000000
A52	8	0.642857	0.178462	0.318648	0.991587	13	8.000000
A53	8	0.642857	0.161560	0.126357	0.971450	14	8.000000
A54	8	0.642857	0.161111	0.182182	0.940396	14	8.000000
A55	8	0.642857	0.160665	0.223583	0.898556	14	8.000000
A56	8	0.642857	0.159780	0.161607	0.844196	14	7.875000
A57	8	0.642857	0.145363	0.111423	0.781417	15	7.750000
A58	8	0.642857	0.144279	0.121573	0.710520	15	7.500000
A59	8	0.642857	0.143210	0.119219	0.633717	15	7.125000
A60	7	0.714286	0.141809	0.028629	0.529828	15	7.142857
A61	7	0.666667	0.129754	0.069065	0.448593	16	6.428571
A62	6	0.733333	0.128319	0.024550	0.358248	16	6.333333
A63	5	0.800000	0.126915	0.007574	0.276100	16	6.200000
A64	3	1.000000	0.115538	0.000000	0.141575	17	6.000000
