Node	Degree	Cluster_Coeff	Closeness	Betweenness	Eigenvector centrality	Eccentricity	Average neighbor degree
A1	3	1.000000	0.205970	0.000000	0.071754	8	6.666667
A2	5	0.800000	0.207207	0.001301	0.117722	8	6.200000
A3	6	0.733333	0.214286	0.004302	0.159747	8	6.333333
A4	6	0.800000	0.216981	0.004716	0.199520	8	7.166667
A5	7	0.714286	0.232323	0.024710	0.254482	7	7.142857
A6	9	0.555556	0.256506	0.291488	0.359454	7	7.000000
A7	8	0.642857	0.264368	0.131724	0.415062	7	8.125000
A8	8	0.642857	0.267442	0.100514	0.464572	7	8.375000
A9	8	0.642857	0.288703	0.169353	0.542825	6	9.125000
A10	12	0.454545	0.322430	0.551980	0.965004	6	9.666667
A11	9	0.583333	0.322430	0.189987	0.738681	6	9.777778
A12	8	0.642857	0.313636	0.120942	0.648736	6	9.625000
A13	12	0.439394	0.361257	0.759021	0.972382	5	9.500000
A14	12	0.439394	0.346734	0.739515	0.975469	6	9.500000
A15	8	0.642857	0.330144	0.225537	0.572835	5	9.125000
A16	8	0.642857	0.328571	0.227962	0.526720	5	9.000000
A17	8	0.642857	0.327014	0.294649	0.485391	5	9.000000
A18	8	0.642857	0.312217	0.505961	0.408891	6	8.750000
A19	8	0.642857	0.301310	0.319792	0.328491	5	8.500000
A20	8	0.642857	0.297414	0.191370	0.283225	5	8.250000
A21	8	0.642857	0.293617	0.150217	0.240544	5	8.000000
A22	10	0.533333	0.283951	0.439088	0.216841	6	7.400000
A23	10	0.488889	0.279352	0.581349	0.181396	6	7.600000
A24	6	0.800000	0.251825	0.005248	0.125764	6	8.000000
A25	6	0.800000	0.249097	0.004289	0.105187	6	7.666667
A26	6	0.800000	0.241259	0.003741	0.089149	7	7.666667
A27	6	0.666667	0.242105	0.045767	0.079996	7	7.666667
A28	8	0.500000	0.260377	0.261573	0.082142	6	7.750000
A29	6	0.666667	0.225490	0.025142	0.035366	7	7.333333
A30	6	0.800000	0.227723	0.009787	0.030481	7	7.666667
A31	6	0.800000	0.217666	0.005514	0.025410	8	7.666667
A32	8	0.642857	0.237113	0.049342	0.037082	7	7.500000
A33	10	0.488889	0.257463	0.592067	0.058819	7	7.600000
A34	8	0.642857	0.224756	0.049458	0.031743	8	7.750000
A35	8	0.642857	0.233108	0.081827	0.032061	8	8.000000
A36	8	0.642857	0.234694	0.121448	0.033138	8	8.250000
A37	8	0.642857	0.236301	0.186763	0.033283	8	8.250000
A38	8	0.642857	0.221154	0.071609	0.031491	8	8.000000
A39	8	0.642857	0.248201	0.141581	0.033620	7	8.000000
A40	8	0.642857	0.248201	0.148052	0.036054	7	8.000000
A41	8	0.642857	0.248201	0.143460	0.038510	7	8.000000
A42	8	0.642857	0.237931	0.087186	0.041122	7	8.000000
A43	8	0.642857	0.271654	0.314268	0.052766	6	8.375000
A44	8	0.642857	0.269531	0.183385	0.056101	6	8.375000
A45	8	0.642857	0.267442	0.113798	0.057398	6	8.125000
A46	8	0.642857	0.257463	0.062844	0.059074	6	7.875000
A47	11	0.436364	0.302632	1.000000	0.146499	6	7.000000
A48	8	0.642857	0.251825	0.023765	0.066560	6	7.250000
A49	6	0.800000	0.247312	0.004261	0.048858	6	7.666667
A50	6	0.800000	0.240418	0.002470	0.055069	7	7.333333
A51	5	0.900000	0.236301	0.000488	0.049087	7	7.400000
A52	6	0.600000	0.278226	0.123758	0.118736	6	7.333333
A53	6	0.600000	0.298701	0.190273	0.272283	6	8.000000
A54	8	0.500000	0.333333	0.975633	0.464459	6	8.625000
A55	6	0.800000	0.287500	0.019374	0.413492	6	8.500000
A56	7	0.714286	0.291139	0.057746	0.488158	6	8.428572
A57	10	0.555556	0.327014	0.292812	0.785571	6	9.200000
A58	11	0.545455	0.345000	0.345470	0.925641	6	9.636364
A59	9	0.583333	0.302632	0.098917	0.734238	6	9.333333
A60	9	0.583333	0.289916	0.123621	0.737443	7	9.555555
A61	12	0.484848	0.322430	0.434312	1.000000	6	9.750000
A62	9	0.583333	0.305310	0.363737	0.680215	6	9.444445
A63	8	0.642857	0.258427	0.079541	0.511461	7	8.750000
A64	8	0.642857	0.257463	0.121086	0.455610	7	8.375000
A65	8	0.642857	0.256506	0.178152	0.394764	7	7.875000
A66	8	0.642857	0.243816	0.148524	0.303287	7	6.875000
A67	7	0.714286	0.211656	0.015697	0.234415	8	6.714286
A68	6	0.800000	0.209726	0.007304	0.182629	8	6.666667
A69	5	0.900000	0.207831	0.002397	0.136498	8	6.600000
A70	4	1.000000	0.198276	0.000000	0.096528	8	6.500000
