Node	Degree	Cluster_Coeff	Closeness	Betweenness	Eigenvector centrality	Eccentricity	Average neighbor degree
A10	5	0.900000	0.107377	0.000086	0.000398	15	7.400000
A11	6	0.800000	0.107502	0.000276	0.000508	15	7.166667
A12	9	0.472222	0.110934	0.028836	0.000883	15	6.666667
A13	7	0.476190	0.118197	0.020092	0.001101	14	7.142857
A14	6	0.533333	0.121823	0.051705	0.002299	14	7.666667
A15	6	0.666667	0.121397	0.010095	0.002608	14	7.166667
A16	6	0.800000	0.122954	0.002314	0.003262	14	7.333333
A17	6	0.800000	0.129967	0.004565	0.003979	13	7.666667
A18	8	0.642857	0.135412	0.046088	0.005493	13	7.375000
A19	10	0.466667	0.136008	0.095686	0.007320	13	7.300000
A20	8	0.642857	0.136946	0.031353	0.007630	13	7.750000
A21	8	0.642857	0.146547	0.071219	0.009460	12	8.250000
A22	9	0.583333	0.152915	0.115060	0.012830	12	8.333333
A23	8	0.642857	0.152831	0.057370	0.012280	12	8.500000
A24	7	0.619048	0.154359	0.061589	0.013980	12	8.714286
A25	10	0.355556	0.167672	0.355890	0.021542	11	8.600000
A26	8	0.392857	0.169823	0.517538	0.025912	11	8.125000
A27	8	0.464286	0.152999	0.074226	0.011738	12	7.750000
A28	6	0.666667	0.148188	0.011689	0.007458	12	7.000000
A29	6	0.600000	0.161253	0.388270	0.014303	11	6.500000
A30	5	0.800000	0.143078	0.022129	0.003887	12	6.400000
A31	7	0.619048	0.147324	0.152057	0.005241	12	6.285714
A32	8	0.464286	0.147951	0.175111	0.005974	12	6.625000
A33	5	0.600000	0.130455	0.047538	0.001973	13	6.600000
A34	6	0.466667	0.131504	0.213988	0.001790	13	7.333333
A35	7	0.571429	0.117797	0.046762	0.000847	14	6.857143
A36	10	0.444444	0.119467	0.134468	0.000962	14	6.800000
A37	5	0.800000	0.107377	0.000194	0.000380	15	7.400000
A38	7	0.571429	0.108806	0.008129	0.000669	15	7.571429
A39	7	0.619048	0.109234	0.010780	0.000773	15	8.000000
A40	6	0.800000	0.102735	0.000800	0.000756	16	7.666667
A41	7	0.714286	0.111067	0.004669	0.000959	15	7.571429
A42	9	0.555556	0.112097	0.041200	0.001299	15	7.666667
A43	8	0.642857	0.111736	0.019706	0.001422	15	7.625000
A44	8	0.642857	0.112596	0.023827	0.001676	15	7.750000
A45	8	0.642857	0.122954	0.064126	0.002030	14	8.000000
A46	8	0.642857	0.123227	0.065654	0.002437	14	8.125000
A47	8	0.642857	0.123009	0.047191	0.002856	14	8.000000
A48	8	0.642857	0.124107	0.036911	0.003305	14	8.000000
A49	8	0.642857	0.137216	0.159810	0.004292	13	8.250000
A50	8	0.642857	0.137420	0.097607	0.005032	13	8.375000
A51	8	0.642857	0.137284	0.053415	0.005488	13	8.375000
A52	8	0.642857	0.138653	0.040146	0.005908	13	8.375000
A53	10	0.444444	0.155394	0.416355	0.011536	12	8.400000
A54	9	0.444444	0.148982	0.086185	0.009421	12	8.222222
A55	8	0.607143	0.146857	0.029604	0.006994	12	8.375000
A56	8	0.607143	0.148425	0.048786	0.007046	12	8.375000
A57	9	0.472222	0.164497	0.292113	0.012086	11	8.333333
A58	7	0.714286	0.144716	0.008728	0.005433	12	8.142858
A59	8	0.642857	0.144943	0.024740	0.005969	12	8.125000
A60	8	0.642857	0.148743	0.061145	0.006008	12	8.375000
A61	8	0.642857	0.148425	0.035714	0.005771	12	8.375000
A62	8	0.642857	0.137352	0.010247	0.004971	12	8.125000
A63	9	0.611111	0.137420	0.018023	0.005359	12	7.777778
A64	10	0.555556	0.152079	0.144508	0.007381	11	7.400000
A65	8	0.714286	0.136609	0.003417	0.004677	12	7.625000
A66	7	0.809524	0.132951	0.000288	0.004100	12	7.714286
A67	6	0.933333	0.132824	0.000062	0.003602	12	7.833333
A68	7	0.761905	0.148267	0.043206	0.005704	11	7.571429
A69	6	0.800000	0.147637	0.029243	0.005168	11	7.500000
A70	7	0.428571	0.168792	0.296142	0.021000	10	7.857143
A71	7	0.523810	0.171393	0.107846	0.035626	10	7.714286
A72	8	0.535714	0.191197	0.363891	0.053637	9	8.000000
A73	7	0.619048	0.184228	0.125315	0.050422	9	8.428572
A74	8	0.642857	0.172564	0.061059	0.037917	10	7.750000
A75	9	0.583333	0.174404	0.216707	0.043381	10	7.777778
A76	8	0.642857	0.178548	0.207247	0.044331	9	8.375000
A77	8	0.642857	0.174843	0.085396	0.045438	10	8.375000
A78	8	0.642857	0.167067	0.067601	0.047078	10	8.500000
A79	9	0.555556	0.170031	0.178028	0.054592	10	8.444445
A80	10	0.466667	0.177409	0.276504	0.066125	10	8.400000
A81	8	0.642857	0.168077	0.066573	0.064695	11	8.625000
A82	8	0.642857	0.164497	0.045525	0.066803	11	8.375000
A83	8	0.607143	0.167168	0.055108	0.066722	11	8.500000
A84	9	0.555556	0.173101	0.128092	0.106818	11	7.777778
A85	9	0.527778	0.169512	0.130367	0.128105	12	7.555555
A86	6	0.733333	0.159130	0.007273	0.066502	12	7.666667
A87	5	0.900000	0.161346	0.001132	0.080360	12	8.000000
A88	7	0.619048	0.170239	0.063316	0.149120	12	7.857143
A89	9	0.472222	0.180285	0.152579	0.271981	12	8.222222
A90	8	0.535714	0.180402	0.102291	0.278804	12	8.500000
A91	7	0.619048	0.178778	0.033842	0.276456	12	8.285714
A92	7	0.523810	0.182176	0.097401	0.255354	12	7.714286
A93	5	0.500000	0.176061	0.051568	0.129624	12	6.400000
A94	5	0.300000	0.169100	0.091663	0.061152	13	6.000000
A95	4	0.500000	0.161628	0.034434	0.040177	13	6.000000
A96	6	0.533333	0.173209	0.059874	0.075707	12	7.500000
A97	8	0.535714	0.170031	0.072795	0.094751	12	8.500000
A98	8	0.535714	0.170867	0.100030	0.094327	12	9.000000
A99	9	0.472222	0.153337	0.057813	0.059203	13	8.000000
A100	7	0.571429	0.141332	0.016135	0.030196	14	8.000000
A101	6	0.800000	0.142491	0.003748	0.022111	14	8.166667
A102	8	0.464286	0.159954	0.126295	0.035942	13	7.750000
A103	8	0.607143	0.145779	0.024064	0.026903	14	7.875000
A104	9	0.527778	0.145474	0.028239	0.024704	14	7.333333
A105	8	0.500000	0.146779	0.057069	0.021852	14	7.375000
A106	6	0.666667	0.146857	0.052716	0.017009	14	8.166667
A107	6	0.600000	0.146470	0.068457	0.016401	14	8.000000
A108	10	0.422222	0.151087	0.118098	0.030874	13	7.300000
A109	7	0.571429	0.150270	0.037764	0.020833	13	7.428571
A110	5	0.900000	0.143004	0.000165	0.016719	13	7.800000
A111	5	0.800000	0.142564	0.000883	0.016795	13	7.000000
A112	7	0.666667	0.143151	0.003317	0.025025	13	7.142857
A113	6	0.666667	0.139139	0.001537	0.031634	13	7.000000
A114	7	0.619048	0.158766	0.067787	0.051353	12	8.285714
A115	10	0.488889	0.159039	0.157725	0.056793	12	7.200000
A116	5	0.900000	0.154444	0.003258	0.045759	12	8.600000
A117	8	0.500000	0.156443	0.045689	0.088706	12	7.750000
A118	12	0.333333	0.178434	0.350108	0.182935	11	8.250000
A119	6	0.600000	0.159954	0.015056	0.083708	12	8.833333
A120	7	0.571429	0.159404	0.038250	0.077722	12	8.428572
A121	5	0.700000	0.146470	0.002005	0.042264	13	7.800000
A122	5	0.600000	0.140546	0.002683	0.026355	13	6.200000
A123	3	1.000000	0.130824	0.000000	0.014346	14	7.000000
A124	6	0.533333	0.147715	0.015568	0.035849	13	7.500000
A125	10	0.400000	0.150270	0.054746	0.066782	13	6.900000
A126	11	0.418182	0.169409	0.125718	0.125438	12	8.272727
A127	10	0.444444	0.184350	0.139399	0.171325	11	8.600000
A128	10	0.377778	0.193056	0.333806	0.218960	11	8.300000
A129	7	0.523810	0.184228	0.031810	0.203362	11	9.571428
A130	5	0.500000	0.190934	0.158809	0.129433	11	8.000000
A131	7	0.380952	0.191065	0.414756	0.152740	12	7.857143
A132	6	0.666667	0.178091	0.124806	0.050563	12	7.333333
A133	7	0.571429	0.168383	0.101127	0.043864	13	7.571429
A134	8	0.535714	0.169409	0.086213	0.048964	13	7.125000
A135	8	0.642857	0.167168	0.119762	0.045104	13	7.500000
A136	9	0.500000	0.161534	0.145891	0.034511	13	7.333333
A137	7	0.714286	0.149543	0.012816	0.026564	14	7.857143
A138	8	0.607143	0.149062	0.059041	0.025744	14	7.750000
A139	8	0.607143	0.147246	0.058848	0.022585	14	7.625000
A140	7	0.666667	0.142127	0.014298	0.018071	14	7.714286
A141	7	0.666667	0.133590	0.015239	0.015696	15	7.000000
A142	8	0.607143	0.136141	0.030318	0.019976	15	6.750000
A143	7	0.666667	0.135676	0.014606	0.017399	15	6.714286
A144	5	0.900000	0.125678	0.000453	0.013330	16	6.800000
A145	6	0.666667	0.133269	0.018947	0.024018	15	6.333333
A146	6	0.533333	0.138723	0.054030	0.042761	15	6.166667
A147	5	0.500000	0.145170	0.054938	0.106787	14	6.800000
A148	6	0.600000	0.153846	0.072584	0.202959	14	8.166667
A149	8	0.607143	0.156885	0.035773	0.344413	14	9.000000
A150	8	0.571429	0.165575	0.077372	0.345985	13	8.875000
A151	9	0.444444	0.174514	0.138396	0.408192	13	9.222222
A152	10	0.422222	0.185457	0.125099	0.478274	12	8.800000
A153	10	0.444444	0.198713	0.136161	0.539286	11	8.700000
A154	9	0.416667	0.194270	0.087438	0.532329	11	8.222222
A155	7	0.619048	0.206845	0.084661	0.580296	10	10.142858
A156	7	0.619048	0.201012	0.022562	0.544797	10	9.571428
A157	7	0.714286	0.203068	0.016964	0.482902	10	10.000000
A158	10	0.444444	0.209653	0.340882	0.538126	10	8.900000
A159	11	0.400000	0.200577	0.555978	0.383492	10	9.090909
A160	9	0.444444	0.176061	0.062391	0.204188	11	8.333333
A161	8	0.464286	0.173101	0.051101	0.152949	11	8.375000
A162	5	0.600000	0.156620	0.013394	0.071952	11	7.800000
A163	8	0.500000	0.171605	0.050442	0.118418	10	6.875000
A164	6	0.600000	0.169409	0.013134	0.082673	10	6.666667
A165	6	0.600000	0.175949	0.037030	0.065227	9	6.166667
A166	5	0.600000	0.180872	0.046200	0.069715	10	7.000000
A167	5	0.600000	0.180872	0.046200	0.069715	10	7.000000
A168	6	0.600000	0.175949	0.037030	0.065227	9	6.166667
A169	7	0.523810	0.186202	0.052399	0.180714	10	7.571429
A170	8	0.500000	0.192521	0.062095	0.241785	10	8.500000
A171	8	0.535714	0.197163	0.047836	0.392284	10	9.250000
A172	11	0.381818	0.224375	1.000000	0.659208	9	9.545455
A173	11	0.472727	0.221868	0.245419	0.836661	9	9.545455
A174	12	0.454545	0.217868	0.261139	0.987267	10	9.583333
A175	11	0.490909	0.211729	0.222843	0.940760	10	9.636364
A176	11	0.400000	0.212701	0.577421	0.836421	11	9.454545
A177	9	0.444444	0.202035	0.177997	0.683246	11	10.000000
A178	10	0.400000	0.195225	0.398068	0.655633	12	10.200000
A179	11	0.490909	0.176845	0.095429	0.585288	13	10.000000
A180	12	0.454545	0.177409	0.223305	0.560610	13	9.333333
A181	10	0.511111	0.156532	0.025838	0.424273	14	9.100000
A182	11	0.472727	0.158405	0.060758	0.462575	14	9.545455
A183	7	0.619048	0.143225	0.007407	0.219432	15	8.428572
A184	6	0.733333	0.142491	0.003120	0.176967	15	8.333333
A185	4	1.000000	0.138446	0.000000	0.097081	15	8.000000
A186	8	0.535714	0.145932	0.011264	0.178155	14	7.500000
A187	11	0.400000	0.159312	0.117553	0.298312	14	8.090909
A188	6	0.800000	0.144191	0.001164	0.107764	14	8.500000
A189	7	0.714286	0.146934	0.004171	0.116032	14	8.285714
A190	8	0.642857	0.152245	0.029263	0.123657	13	8.125000
A191	9	0.527778	0.165279	0.235459	0.164460	13	8.333333
A192	8	0.642857	0.151334	0.015661	0.088300	13	7.750000
A193	8	0.642857	0.154187	0.028477	0.082613	13	8.000000
A194	8	0.642857	0.160880	0.091808	0.076184	12	8.250000
A195	8	0.642857	0.162005	0.092647	0.068052	12	8.375000
A196	8	0.642857	0.150759	0.018022	0.055154	12	8.250000
A197	8	0.642857	0.153761	0.037438	0.050947	12	8.375000
A198	9	0.527778	0.163819	0.177223	0.051796	11	8.222222
A199	9	0.583333	0.155655	0.042876	0.042407	12	7.555555
A200	8	0.642857	0.148982	0.014083	0.035596	12	7.625000
A201	9	0.444444	0.163433	0.174118	0.046268	11	8.111111
A202	6	0.800000	0.148504	0.007604	0.024976	12	7.833333
A203	6	0.666667	0.152747	0.037939	0.022844	12	7.000000
A204	6	0.533333	0.145397	0.047029	0.025655	12	6.333333
A205	4	0.500000	0.151830	0.038989	0.030489	12	5.750000
A206	5	0.500000	0.150108	0.052531	0.074354	12	6.400000
A207	6	0.533333	0.165772	0.066503	0.151277	11	7.500000
A208	8	0.500000	0.165871	0.036963	0.247315	11	7.750000
A209	7	0.619048	0.166667	0.019328	0.283485	11	9.142858
A210	8	0.571429	0.169306	0.028449	0.327754	11	9.125000
A211	8	0.571429	0.161628	0.023806	0.261162	12	8.375000
A212	6	0.733333	0.155221	0.003633	0.178732	12	8.500000
A213	7	0.571429	0.148425	0.024392	0.123642	13	7.142857
A214	6	0.733333	0.134364	0.001214	0.059320	13	6.166667
A215	5	0.800000	0.129664	0.000239	0.042432	14	6.000000
A216	4	1.000000	0.128704	0.000000	0.030057	14	6.000000
A217	6	0.666667	0.147324	0.034794	0.078060	13	6.666667
A218	7	0.666667	0.147402	0.035033	0.090435	13	6.571429
A219	8	0.571429	0.154530	0.030913	0.168729	12	7.500000
A220	10	0.422222	0.171817	0.219844	0.310872	12	7.900000
A221	10	0.444444	0.180052	0.117102	0.414841	11	8.400000
A222	11	0.454545	0.182895	0.103804	0.540093	11	9.181818
A223	10	0.488889	0.190541	0.131181	0.510540	10	9.200000
A224	13	0.410256	0.188092	0.199291	0.510714	10	7.846154
A225	8	0.535714	0.162954	0.032042	0.213792	11	7.000000
A226	5	0.800000	0.159862	0.000097	0.151728	11	8.000000
A227	5	0.900000	0.159862	0.000036	0.166455	11	8.000000
A228	6	0.733333	0.178778	0.027968	0.225934	10	8.000000
A229	8	0.571429	0.186202	0.046093	0.394455	10	9.125000
A230	9	0.388889	0.209653	0.418044	0.594261	9	9.666667
A231	11	0.436364	0.208240	0.315481	0.784806	10	9.818182
A232	7	0.619048	0.188347	0.025788	0.492610	11	10.142858
A233	9	0.472222	0.194406	0.203227	0.564808	11	9.444445
A234	7	0.428571	0.183984	0.219056	0.374588	12	9.428572
A235	7	0.523810	0.169927	0.185938	0.273884	13	8.428572
A236	6	0.600000	0.159587	0.043105	0.215290	14	8.833333
A237	8	0.428571	0.155134	0.084251	0.200260	14	7.750000
A238	6	0.466667	0.154875	0.173777	0.089935	14	7.166667
A239	4	0.833333	0.138931	0.001698	0.023708	15	7.750000
A240	8	0.392857	0.145702	0.152443	0.032193	15	6.500000
A241	10	0.444444	0.145626	0.071078	0.063281	15	6.300000
A242	7	0.666667	0.139839	0.005086	0.027756	15	6.714286
A243	6	0.600000	0.140617	0.039336	0.022529	15	7.666667
A244	7	0.571429	0.150841	0.089781	0.028837	14	7.428571
A245	6	0.733333	0.139488	0.005146	0.028641	15	6.833333
A246	6	0.600000	0.144566	0.031370	0.050365	15	7.000000
A247	5	0.600000	0.143967	0.011532	0.064745	15	7.400000
A248	7	0.476190	0.157775	0.084158	0.239581	14	8.857142
A249	9	0.472222	0.157062	0.030729	0.335581	14	8.777778
A250	12	0.424242	0.170031	0.114189	0.518270	13	9.333333
A251	11	0.363636	0.180169	0.384200	0.517768	13	9.545455
A252	9	0.416667	0.186954	0.211672	0.546413	12	9.555555
A253	10	0.422222	0.202035	0.259156	0.739390	11	9.200000
A254	10	0.488889	0.214341	0.224935	0.874649	10	10.100000
A255	9	0.527778	0.212376	0.181806	0.834778	10	10.555555
A256	12	0.424242	0.221514	0.550964	1.000000	9	10.166667
A257	9	0.527778	0.211890	0.201643	0.748052	9	10.222222
A258	11	0.400000	0.223652	0.814577	0.648843	8	10.000000
A259	9	0.527778	0.209180	0.327832	0.544259	8	9.777778
A260	9	0.555556	0.207153	0.270650	0.537591	8	9.333333
A261	8	0.642857	0.201888	0.070162	0.395679	8	8.750000
A262	12	0.424242	0.202182	0.735489	0.401759	9	7.750000
A263	8	0.642857	0.185210	0.153970	0.284675	9	7.875000
A264	6	0.800000	0.179587	0.003333	0.216027	9	8.166667
A265	6	0.800000	0.180637	0.012778	0.176394	9	7.833333
A266	6	0.733333	0.175063	0.003528	0.146230	10	7.333333
A267	7	0.476190	0.182295	0.506168	0.141615	10	7.571429
A268	5	0.500000	0.179239	0.413405	0.094305	10	7.800000
A269	8	0.357143	0.185210	0.102420	0.144005	10	7.125000
A270	10	0.377778	0.204864	0.163327	0.282644	9	8.200000
A271	5	0.800000	0.194270	0.006768	0.109061	9	9.000000
A272	8	0.428571	0.201158	0.398433	0.125955	9	8.500000
A273	11	0.272727	0.205774	0.559811	0.193026	9	7.454545
A274	8	0.392857	0.212214	0.545686	0.234953	8	8.000000
A275	3	0.666667	0.181699	0.002068	0.052220	9	8.000000
A276	5	0.400000	0.184228	0.071460	0.041534	9	5.800000
A277	3	1.000000	0.165279	0.000000	0.012792	10	6.666667
A278	5	0.600000	0.170343	0.014016	0.019010	10	7.000000
A279	10	0.422222	0.180519	0.052557	0.054466	10	6.900000
A280	8	0.535714	0.188219	0.168619	0.057404	10	8.500000
A281	7	0.523810	0.190021	0.186027	0.056554	10	8.571428
A282	7	0.666667	0.185581	0.051478	0.063833	10	9.000000
A283	9	0.416667	0.186702	0.565565	0.050491	10	8.444445
A284	10	0.355556	0.170343	0.166831	0.036039	11	7.200000
A285	7	0.523810	0.166567	0.039953	0.026094	11	7.285714
A286	4	0.666667	0.147090	0.016988	0.008133	12	6.000000
A287	5	0.400000	0.149784	0.034985	0.009076	12	6.400000
A288	2	1.000000	0.130394	0.000000	0.001914	13	4.500000
