Node	Degree	Cluster_Coeff	Closeness	Betweenness	Eigenvector centrality	Eccentricity	Average neighbor degree
A2	7	0.571429	0.089034	0.011631	0.000000	20	8.142858
A3	9	0.583333	0.089593	0.018268	0.000000	20	9.111111
A4	12	0.484848	0.089912	0.026858	0.000000	20	9.166667
A5	12	0.484848	0.090110	0.139911	0.000000	20	9.333333
A6	11	0.490909	0.083995	0.010030	0.000000	21	9.636364
A7	10	0.422222	0.083738	0.032271	0.000000	21	8.900000
A8	8	0.571429	0.083312	0.018303	0.000000	21	8.375000
A9	8	0.571429	0.083312	0.018303	0.000000	21	8.375000
A10	4	1.000000	0.077195	0.000000	0.000000	22	8.000000
A11	7	0.571429	0.077486	0.002524	0.000000	22	7.142857
A12	9	0.472222	0.083164	0.060955	0.000000	21	7.666667
A13	6	0.800000	0.077213	0.000529	0.000000	22	7.833333
A14	7	0.714286	0.077249	0.001317	0.000000	22	7.714286
A15	8	0.642857	0.078525	0.004694	0.000000	22	7.875000
A16	8	0.642857	0.078525	0.004976	0.000000	22	8.125000
A17	8	0.642857	0.078095	0.003022	0.000000	22	7.750000
A18	8	0.642857	0.078095	0.002096	0.000000	22	7.750000
A19	10	0.533333	0.084189	0.065033	0.000000	21	7.700000
A20	9	0.583333	0.084146	0.041359	0.000000	21	7.777778
A21	6	0.800000	0.077799	0.000096	0.000000	22	7.833333
A22	6	0.800000	0.083631	0.005347	0.000000	21	7.833333
A23	6	0.800000	0.083952	0.006990	0.000000	21	8.166667
A24	8	0.535714	0.090783	0.084024	0.000000	20	8.125000
A25	10	0.377778	0.091212	0.125964	0.000000	20	8.100000
A26	8	0.464286	0.097969	0.396288	0.000000	19	8.000000
A27	4	0.666667	0.097013	0.060189	0.000000	19	8.250000
A28	6	0.533333	0.104692	0.453925	0.000001	18	6.166667
A29	9	0.305556	0.104425	0.684466	0.000000	18	6.333333
A30	3	0.666667	0.095210	0.009920	0.000000	19	7.333333
A31	8	0.464286	0.096527	0.304749	0.000000	19	8.500000
A32	5	0.700000	0.088937	0.001014	0.000000	20	8.400000
A33	7	0.571429	0.088985	0.035794	0.000000	20	8.000000
A34	5	0.800000	0.082682	0.000164	0.000000	21	8.000000
A35	4	0.833333	0.082247	0.000018	0.000000	21	7.000000
A36	6	0.666667	0.082745	0.000590	0.000000	21	8.000000
A37	10	0.488889	0.083355	0.005334	0.000000	21	8.300000
A38	13	0.371795	0.089986	0.198200	0.000000	20	8.230769
A39	11	0.472727	0.089912	0.040900	0.000000	20	9.818182
A40	9	0.527778	0.090209	0.016289	0.000000	20	10.888889
A41	11	0.400000	0.097185	0.285884	0.000000	19	9.545455
A42	10	0.422222	0.091289	0.031091	0.000000	20	8.800000
A43	6	0.533333	0.090708	0.198231	0.000000	20	7.000000
A44	3	0.666667	0.084103	0.003012	0.000000	21	6.333333
A45	3	0.333333	0.083652	0.169599	0.000000	21	4.666667
A46	5	0.600000	0.077633	0.147302	0.000000	22	5.800000
A47	5	0.900000	0.072406	0.005010	0.000000	23	6.800000
A48	6	0.800000	0.072422	0.011755	0.000000	23	6.500000
A49	7	0.714286	0.072438	0.021386	0.000000	23	6.285714
A50	8	0.642857	0.072840	0.023888	0.000000	23	6.125000
A51	8	0.607143	0.068519	0.002746	0.000000	24	6.000000
A52	6	0.800000	0.068490	0.000690	0.000000	24	6.833333
A53	6	0.733333	0.068490	0.000698	0.000000	24	6.500000
A54	6	0.600000	0.072342	0.013271	0.000000	23	6.000000
A55	4	0.666667	0.072247	0.005438	0.000000	23	6.000000
A56	4	0.333333	0.077578	0.063842	0.000000	22	5.000000
A57	3	0.666667	0.077780	0.005047	0.000000	22	7.000000
A58	7	0.523810	0.083609	0.085702	0.000000	21	7.714286
A59	6	0.800000	0.083439	0.000609	0.000000	21	9.333333
A60	8	0.642857	0.083461	0.004436	0.000000	21	9.000000
A61	8	0.642857	0.083291	0.002194	0.000000	21	9.000000
A62	7	0.666667	0.082975	0.002975	0.000000	21	8.000000
A63	7	0.619048	0.088697	0.010712	0.000000	20	7.714286
A64	5	0.600000	0.087936	0.007095	0.000000	20	6.200000
A65	6	0.466667	0.094443	0.053979	0.000000	19	5.333333
A66	4	0.666667	0.093795	0.012579	0.000000	19	5.000000
A67	3	1.000000	0.093501	0.000000	0.000000	19	5.333333
A68	6	0.400000	0.102725	0.127506	0.000000	18	5.500000
A69	5	0.700000	0.104061	0.014422	0.000001	18	6.400000
A70	6	0.533333	0.111565	0.841423	0.000002	17	5.833333
A71	5	0.500000	0.111793	0.470345	0.000004	17	5.000000
A72	4	0.500000	0.119273	0.886979	0.000011	16	5.250000
A73	4	0.500000	0.119446	0.452113	0.000025	16	5.500000
A74	6	0.533333	0.127925	0.934673	0.000080	15	6.500000
A75	7	0.523810	0.128025	0.432850	0.000150	15	7.000000
A76	10	0.400000	0.137411	0.979086	0.000393	14	7.300000
A77	7	0.571429	0.127379	0.116191	0.000125	15	6.857143
A78	7	0.714286	0.125912	0.029541	0.000102	15	7.000000
A79	7	0.714286	0.125912	0.029541	0.000102	15	7.000000
A80	6	0.666667	0.122800	0.022166	0.000088	15	7.166667
A81	6	0.533333	0.115656	0.030455	0.000059	16	6.500000
A84	6	0.533333	0.115412	0.024075	0.000081	15	7.166667
A85	6	0.666667	0.113770	0.016031	0.000083	15	7.166667
A86	6	0.800000	0.110811	0.001984	0.000090	15	7.166667
A87	9	0.583333	0.120191	0.025309	0.000210	14	7.222222
A88	10	0.533333	0.120279	0.043731	0.000263	14	7.200000
A89	6	0.800000	0.110401	0.000782	0.000105	15	7.333333
A90	6	0.800000	0.115331	0.001630	0.000137	14	7.833333
A91	7	0.714286	0.117774	0.006978	0.000240	14	8.142858
A92	9	0.472222	0.127280	0.035746	0.000429	13	8.111111
A93	9	0.472222	0.132472	0.094060	0.000624	13	8.111111
A94	8	0.428571	0.132365	0.055626	0.000579	13	7.625000
A95	5	0.300000	0.134042	0.126540	0.000331	14	6.800000
A96	3	0.666667	0.129236	0.002226	0.000261	14	6.666667
A97	7	0.380952	0.140954	0.101250	0.001647	13	7.285714
A98	6	0.666667	0.143923	0.034642	0.002309	13	9.000000
A99	8	0.571429	0.145972	0.065202	0.003769	13	8.625000
A100	8	0.428571	0.151361	0.277721	0.005488	14	8.250000
A101	8	0.464286	0.152487	0.128122	0.008885	14	8.625000
A102	8	0.500000	0.158149	0.903503	0.005489	13	8.500000
A103	10	0.466667	0.150459	0.133253	0.004498	13	9.100000
A104	11	0.436364	0.150943	0.108409	0.004442	13	9.272727
A105	11	0.436364	0.143231	0.047361	0.004105	13	9.272727
A106	9	0.500000	0.142609	0.046622	0.003126	13	9.333333
A107	9	0.416667	0.139574	0.155499	0.002209	13	8.888889
A108	9	0.333333	0.139042	0.132869	0.001302	13	8.444445
A109	7	0.476190	0.128025	0.030623	0.000538	13	7.571429
A110	5	0.600000	0.122571	0.010011	0.000259	14	7.000000
A111	4	0.833333	0.114445	0.000141	0.000138	14	6.750000
A112	8	0.428571	0.117816	0.009653	0.000306	14	7.000000
A113	7	0.571429	0.116519	0.003394	0.000245	14	6.714286
A114	6	0.800000	0.117101	0.000623	0.000284	14	8.000000
A115	6	0.800000	0.120191	0.001491	0.000317	14	8.000000
A116	8	0.642857	0.120810	0.008334	0.000412	14	7.750000
A117	10	0.466667	0.130834	0.046510	0.000683	13	8.000000
A118	9	0.527778	0.130366	0.045612	0.000810	13	8.111111
A119	8	0.642857	0.127527	0.019404	0.000667	14	8.750000
A120	8	0.642857	0.127577	0.020852	0.000722	14	9.125000
A121	11	0.454545	0.138983	0.100570	0.001612	13	9.181818
A122	9	0.555556	0.134813	0.009893	0.001077	13	9.000000
A123	9	0.555556	0.134979	0.077627	0.000895	14	9.000000
A124	9	0.583333	0.134924	0.055661	0.000903	14	8.888889
A125	12	0.393939	0.143545	0.299309	0.002086	13	8.833333
A126	6	0.800000	0.130521	0.000388	0.000650	14	9.000000
A127	8	0.500000	0.135369	0.323259	0.000637	14	7.875000
A128	7	0.523810	0.144176	0.880224	0.000763	13	8.000000
A129	3	0.666667	0.139278	0.041781	0.000389	13	7.666667
A130	8	0.392857	0.152204	1.000000	0.002402	12	8.625000
A131	6	0.533333	0.145069	0.003428	0.002029	13	8.500000
A132	12	0.363636	0.149362	0.150046	0.003794	12	8.500000
A133	11	0.400000	0.147350	0.103403	0.003586	12	9.909091
A134	11	0.436364	0.150046	0.073117	0.004876	13	9.727273
A135	10	0.488889	0.143545	0.132041	0.004283	14	9.100000
A136	10	0.511111	0.143294	0.134163	0.005400	14	8.900000
A137	6	0.800000	0.138163	0.000926	0.004072	15	8.833333
A138	7	0.523810	0.134924	0.018199	0.005920	15	7.571429
A139	4	0.833333	0.127428	0.000399	0.004259	16	7.250000
A140	6	0.666667	0.135705	0.007877	0.009959	16	7.833333
A141	7	0.571429	0.134206	0.009295	0.011288	16	6.857143
A142	5	0.800000	0.133823	0.000713	0.011692	17	7.400000
A143	4	0.833333	0.128931	0.000416	0.008556	17	6.750000
A144	6	0.466667	0.143545	0.037154	0.033059	17	8.000000
A145	9	0.472222	0.144557	0.038656	0.027638	16	7.444445
A146	11	0.363636	0.150597	0.151571	0.033808	16	7.636364
A147	9	0.472222	0.143860	0.046382	0.014481	15	7.888889
A148	8	0.535714	0.149023	0.164916	0.010847	15	8.750000
A149	10	0.488889	0.151782	0.310042	0.008878	14	8.600000
A150	8	0.607143	0.145004	0.073905	0.004492	14	8.750000
A151	8	0.428571	0.147681	0.074821	0.003431	13	9.000000
A152	7	0.476190	0.140833	0.099280	0.002147	13	9.571428
A153	9	0.444444	0.142795	0.041462	0.002187	12	9.222222
A154	7	0.571429	0.142299	0.026178	0.001896	12	8.857142
A155	6	0.600000	0.139574	0.003760	0.001763	13	7.500000
A156	6	0.400000	0.147019	0.059026	0.003099	13	7.500000
A157	5	0.500000	0.149362	0.097910	0.004239	13	7.400000
A158	7	0.428571	0.150735	0.092463	0.015185	14	7.571429
A159	6	0.600000	0.152416	0.076297	0.017613	14	8.000000
A160	9	0.388889	0.160000	0.862549	0.022171	14	8.000000
A161	8	0.571429	0.152063	0.036358	0.019463	15	8.375000
A162	9	0.444444	0.147151	0.057041	0.015305	15	8.000000
A163	9	0.527778	0.144876	0.069574	0.010704	15	7.000000
A164	7	0.523810	0.136553	0.010278	0.007984	16	7.000000
A165	5	0.600000	0.136895	0.040172	0.008030	16	7.200000
A166	5	0.900000	0.130210	0.000203	0.004347	16	6.800000
A167	6	0.733333	0.136100	0.004184	0.006655	16	6.833333
A168	7	0.666667	0.135874	0.003555	0.009135	16	7.428571
A169	8	0.464286	0.144812	0.048409	0.024883	16	8.125000
A170	8	0.464286	0.153271	0.184731	0.040963	15	8.875000
A171	9	0.361111	0.159688	0.721322	0.058303	15	8.444445
A172	9	0.472222	0.157920	0.151178	0.035617	15	8.333333
A173	9	0.416667	0.153199	0.065336	0.036739	15	7.777778
A174	9	0.416667	0.154790	0.344118	0.029027	15	9.000000
A175	6	0.600000	0.149499	0.013887	0.035201	16	9.666667
A176	12	0.303030	0.159766	0.569617	0.093121	16	8.250000
A177	7	0.380952	0.154498	0.144973	0.054324	16	8.714286
A178	5	0.500000	0.148349	0.027070	0.020905	16	7.800000
A179	5	0.500000	0.148014	0.031527	0.011290	16	5.800000
A180	6	0.400000	0.150252	0.244943	0.008977	15	6.166667
A181	4	0.833333	0.139574	0.000597	0.006528	16	6.500000
A182	7	0.523810	0.143294	0.080388	0.019678	16	6.571429
A183	8	0.428571	0.143482	0.128715	0.023902	16	7.000000
A184	6	0.800000	0.133496	0.003698	0.025979	17	8.000000
A185	7	0.714286	0.136269	0.024570	0.033091	17	7.857143
A186	10	0.444444	0.141746	0.139393	0.082674	17	7.700000
A187	9	0.500000	0.136326	0.086046	0.048844	17	7.333333
A188	7	0.714286	0.127280	0.001409	0.045882	18	7.857143
A189	8	0.607143	0.131043	0.057465	0.076666	18	7.875000
A190	9	0.472222	0.132847	0.053604	0.115532	18	8.000000
A191	6	0.733333	0.129083	0.019687	0.065927	18	8.000000
A192	5	0.700000	0.121257	0.007598	0.081051	19	8.000000
A193	10	0.422222	0.127577	0.106302	0.276770	19	8.200000
A194	7	0.619048	0.118497	0.007699	0.257764	20	8.428572
A195	7	0.761905	0.118798	0.002591	0.295025	20	9.000000
A196	6	0.800000	0.112870	0.000363	0.321687	21	9.666667
A197	11	0.472727	0.125000	0.085521	0.655817	20	9.545455
A198	11	0.509091	0.124384	0.028294	0.815913	20	10.545455
A199	12	0.469697	0.134096	0.060994	0.983736	19	11.166667
A200	11	0.454545	0.135091	0.083124	0.944746	19	11.454545
A201	12	0.409091	0.147151	0.371767	0.898303	18	11.083333
A202	10	0.488889	0.146298	0.134242	0.677128	18	11.200000
A203	9	0.444444	0.149635	0.726718	0.501960	18	10.555555
A204	11	0.436364	0.156116	0.566451	0.583647	17	10.727273
A205	10	0.355556	0.157465	0.793848	0.307770	17	10.300000
A206	9	0.416667	0.157617	0.678544	0.230694	16	9.666667
A207	9	0.444444	0.150666	0.075363	0.332006	17	9.555555
A208	6	0.666667	0.144303	0.024168	0.170029	17	8.666667
A209	8	0.535714	0.140471	0.061496	0.235344	18	8.875000
A210	11	0.400000	0.143419	0.078693	0.485171	18	9.363636
A211	7	0.714286	0.137124	0.008299	0.196019	18	8.285714
A212	8	0.535714	0.137584	0.034677	0.183607	18	8.375000
A213	9	0.444444	0.129798	0.029265	0.268449	19	8.888889
A214	7	0.428571	0.129696	0.016168	0.242407	19	9.142858
A215	7	0.571429	0.118071	0.002682	0.251736	20	8.857142
A216	13	0.423077	0.123262	0.033058	0.638773	20	9.000000
A217	9	0.527778	0.120810	0.009203	0.482720	20	9.444445
A218	9	0.555556	0.128125	0.018639	0.603837	19	10.888889
A219	12	0.409091	0.133279	0.051356	0.791166	19	10.583333
A220	10	0.488889	0.133225	0.025995	0.715192	19	10.800000
A221	14	0.373626	0.144366	0.100894	0.843865	18	10.357142
A222	12	0.439394	0.143294	0.033780	0.643837	18	9.833333
A223	14	0.329670	0.147482	0.209987	0.551827	18	9.071428
A224	6	0.533333	0.132205	0.006375	0.152258	19	8.166667
A225	7	0.428571	0.141930	0.041723	0.148492	18	9.000000
A226	7	0.571429	0.134592	0.006358	0.131174	18	8.285714
A227	8	0.500000	0.143860	0.025859	0.115944	17	8.875000
A228	10	0.511111	0.149431	0.027011	0.180662	17	9.200000
A229	12	0.393939	0.148753	0.106370	0.287286	17	9.000000
A230	7	0.666667	0.140954	0.004291	0.115920	17	9.142858
A231	10	0.422222	0.150321	0.099153	0.142043	16	8.900000
A232	10	0.444444	0.148416	0.051043	0.194384	17	9.300000
A234	7	0.571429	0.138047	0.005569	0.082173	17	8.571428
A235	9	0.416667	0.147948	0.158745	0.082818	16	8.111111
A236	10	0.488889	0.140411	0.087777	0.139649	17	7.800000
A237	8	0.642857	0.132632	0.021914	0.077541	17	7.375000
A238	6	0.800000	0.131992	0.003093	0.051274	17	7.666667
A239	6	0.800000	0.132365	0.011179	0.057030	17	7.833333
A240	6	0.800000	0.123867	0.000185	0.062235	18	7.500000
A241	8	0.571429	0.129491	0.024079	0.144220	18	7.625000
A242	7	0.619048	0.129440	0.015298	0.138930	18	8.000000
A243	4	1.000000	0.120677	0.000000	0.113009	19	8.750000
A244	9	0.361111	0.125478	0.023312	0.346922	19	8.222222
A245	11	0.400000	0.135818	0.080061	0.475122	18	8.909091
A246	7	0.619048	0.128728	0.003301	0.401392	19	10.142858
A247	8	0.500000	0.139160	0.025486	0.408379	18	10.125000
A248	7	0.619048	0.131621	0.002542	0.344859	19	10.000000
A249	8	0.500000	0.137009	0.009613	0.282284	18	9.125000
A250	7	0.619048	0.130469	0.001130	0.241045	19	8.714286
A251	6	0.533333	0.130417	0.037177	0.134223	19	7.500000
A252	8	0.428571	0.133605	0.084419	0.248065	19	8.000000
A253	5	0.500000	0.120633	0.036643	0.062598	20	6.400000
A254	5	0.600000	0.119403	0.012039	0.056874	20	5.600000
A255	5	0.500000	0.120766	0.018932	0.058481	20	5.400000
A256	4	0.500000	0.111262	0.003916	0.052846	21	5.250000
A257	5	0.500000	0.114645	0.007263	0.151544	21	7.200000
A258	6	0.600000	0.112521	0.008054	0.249920	21	8.500000
A259	12	0.424242	0.124337	0.076853	0.819440	20	9.916667
A260	10	0.533333	0.125000	0.050419	0.804307	20	11.300000
A261	11	0.490909	0.125912	0.066435	0.933178	20	11.181818
A262	12	0.439394	0.135593	0.228871	1.000000	19	11.250000
A263	10	0.444444	0.136326	0.124528	0.761440	19	10.500000
A264	11	0.400000	0.140051	0.357540	0.644434	19	10.000000
A265	7	0.523810	0.137066	0.170187	0.340392	19	9.714286
A266	8	0.535714	0.136496	0.253072	0.261699	19	8.750000
A267	9	0.472222	0.124810	0.176416	0.203681	20	8.666667
A268	6	0.666667	0.123262	0.041438	0.118398	20	8.666667
A269	6	0.600000	0.121888	0.009718	0.095560	20	7.333333
A270	11	0.381818	0.126348	0.125925	0.234109	20	7.818182
A271	5	0.800000	0.113064	0.000374	0.058333	21	7.400000
A272	5	0.800000	0.113064	0.000374	0.058333	21	7.400000
A273	7	0.571429	0.114565	0.012961	0.083595	21	7.285714
A274	8	0.535714	0.114605	0.017859	0.098883	21	7.125000
A275	6	0.800000	0.105500	0.000492	0.080780	22	7.333333
A276	8	0.535714	0.114326	0.027463	0.114544	21	7.000000
A277	8	0.642857	0.112599	0.009983	0.172555	21	8.000000
A278	7	0.714286	0.112560	0.005877	0.164800	21	8.285714
A279	6	0.800000	0.111527	0.002904	0.155627	21	8.500000
A280	9	0.472222	0.112987	0.010595	0.301376	21	8.111111
A281	13	0.346154	0.123774	0.100491	0.687934	20	9.076923
A282	8	0.535714	0.114008	0.006667	0.431014	21	9.250000
A283	6	0.600000	0.111945	0.007253	0.287938	21	9.166667
A284	7	0.619048	0.112252	0.005097	0.354043	21	9.285714
A285	11	0.472727	0.115819	0.034661	0.710238	21	10.181818
A286	12	0.439394	0.124667	0.117494	0.828634	20	10.833333
A287	11	0.454545	0.125622	0.098582	0.801955	20	11.272727
A288	10	0.488889	0.128075	0.163285	0.671624	20	11.100000
A289	10	0.444444	0.127975	0.126650	0.534920	20	10.400000
A290	11	0.418182	0.127230	0.140293	0.420811	20	9.818182
A291	10	0.422222	0.116519	0.134579	0.245799	21	9.500000
A292	8	0.500000	0.113770	0.087775	0.117049	21	9.125000
A293	8	0.392857	0.105943	0.145549	0.071065	22	7.875000
A294	5	0.600000	0.096414	0.001496	0.023641	23	7.400000
A295	4	0.500000	0.096442	0.012077	0.011512	23	6.250000
A296	6	0.533333	0.096898	0.074166	0.011690	23	6.500000
A297	6	0.666667	0.089155	0.002637	0.006189	24	6.500000
A298	6	0.800000	0.089130	0.001500	0.006275	24	7.166667
A299	7	0.714286	0.089203	0.003176	0.007788	24	7.142857
A300	8	0.642857	0.090458	0.009637	0.011500	24	7.125000
A301	8	0.642857	0.089740	0.004738	0.011763	24	7.125000
A302	8	0.642857	0.089666	0.003067	0.012435	24	7.000000
A303	8	0.642857	0.089691	0.003358	0.016316	24	7.000000
A304	8	0.571429	0.097474	0.092928	0.040007	23	7.250000
A305	6	0.800000	0.089130	0.000187	0.014527	24	7.166667
A306	5	0.900000	0.089010	0.000046	0.013436	24	7.200000
A307	6	0.533333	0.096927	0.035954	0.048113	23	6.833333
A308	5	0.600000	0.102340	0.005381	0.123080	22	7.600000
A309	9	0.444444	0.106528	0.167418	0.263166	22	8.222222
A310	7	0.666667	0.106046	0.002104	0.259681	22	8.857142
A311	9	0.555556	0.107085	0.007881	0.341761	22	8.888889
A312	6	0.733333	0.106012	0.000408	0.257690	22	9.500000
A313	6	0.666667	0.106286	0.001028	0.203763	22	8.500000
A314	6	0.733333	0.106597	0.001097	0.210029	22	9.333333
A315	7	0.571429	0.105365	0.001668	0.163587	22	7.857143
A316	6	0.733333	0.105196	0.001323	0.107590	22	9.000000
A317	5	0.900000	0.105027	0.000152	0.099696	22	9.000000
A319	6	0.666667	0.102854	0.009855	0.036368	22	7.666667
A320	5	0.700000	0.102821	0.006972	0.034379	22	8.200000
A321	5	0.700000	0.093875	0.000152	0.014546	23	5.800000
A322	3	1.000000	0.093527	0.000000	0.007983	23	6.666667
A323	6	0.600000	0.095128	0.001044	0.021444	23	6.333333
A324	9	0.444444	0.103080	0.039612	0.042084	22	6.222222
A325	10	0.422222	0.104725	0.027197	0.085095	22	7.400000
A326	11	0.381818	0.114166	0.093311	0.158125	21	8.000000
A327	10	0.466667	0.115169	0.043832	0.220461	21	9.000000
A328	11	0.436364	0.116230	0.053568	0.325234	21	9.000000
A329	11	0.436364	0.116601	0.051177	0.433063	21	9.363636
A330	12	0.439394	0.117269	0.054246	0.586620	21	9.583333
A331	11	0.490909	0.117310	0.150780	0.556425	21	9.909091
A332	12	0.454545	0.114087	0.062583	0.571892	21	9.250000
A333	10	0.488889	0.112948	0.049556	0.425598	21	8.600000
A334	6	0.600000	0.103601	0.002913	0.207134	22	8.166667
