Node	Degree	Cluster_Coeff	Closeness	Betweenness	Eigenvector centrality	Eccentricity	Average neighbor degree
A4	4	0.666667	0.206250	0.005968	0.219815	8	8.000000
A5	5	0.700000	0.206573	0.017947	0.177873	8	6.600000
A6	6	0.533333	0.215334	0.095203	0.253365	8	6.833333
A7	6	0.466667	0.231986	0.221594	0.216138	7	6.833333
A8	5	0.500000	0.207547	0.106365	0.081889	8	5.200000
A9	4	0.500000	0.212219	0.151028	0.041294	8	6.000000
A10	5	0.500000	0.197015	0.073213	0.022423	9	5.200000
A11	4	0.833333	0.197309	0.005794	0.014020	8	5.750000
A12	5	0.600000	0.204019	0.035560	0.019380	8	6.400000
A13	8	0.321429	0.220367	0.381944	0.038133	8	6.375000
A14	5	0.500000	0.218543	0.156450	0.041809	8	7.000000
A15	8	0.357143	0.224872	0.630910	0.083498	8	7.875000
A16	7	0.571429	0.212560	0.235641	0.084298	8	7.714286
A17	7	0.666667	0.218543	0.154324	0.104275	7	7.571429
A18	6	0.733333	0.210526	0.133956	0.095652	7	7.666667
A19	8	0.607143	0.239564	0.395387	0.165420	7	7.750000
A20	10	0.466667	0.243542	0.738833	0.208022	7	7.300000
A21	8	0.607143	0.241316	0.252095	0.231033	7	7.875000
A22	8	0.535714	0.260870	1.000000	0.301386	7	8.625000
A23	8	0.642857	0.250474	0.181993	0.328284	7	8.625000
A24	8	0.642857	0.252390	0.206177	0.370733	7	8.625000
A25	8	0.642857	0.253846	0.228560	0.432434	7	8.625000
A26	10	0.444444	0.268293	0.611903	0.592602	7	8.600000
A27	9	0.527778	0.253846	0.254449	0.549064	6	8.666667
A28	8	0.642857	0.249057	0.133468	0.576482	7	9.250000
A29	10	0.488889	0.263473	0.412322	0.805514	6	9.600000
A30	8	0.642857	0.247655	0.136529	0.672301	7	9.750000
A31	12	0.393939	0.243094	0.340904	0.773375	7	7.833333
A32	9	0.555556	0.240000	0.115724	0.809933	7	9.888889
A33	11	0.454545	0.252874	0.373480	1.000000	7	10.090909
A34	9	0.527778	0.236559	0.193598	0.731039	8	9.333333
A35	9	0.527778	0.225641	0.100594	0.704175	8	8.888889
A36	11	0.472727	0.224872	0.103517	0.862636	8	8.727273
A37	12	0.378788	0.234458	0.571294	0.810325	8	8.750000
A38	6	0.800000	0.206250	0.004928	0.461962	9	9.000000
A39	6	0.800000	0.198198	0.002450	0.445704	9	8.833333
A40	7	0.571429	0.200913	0.014258	0.457623	9	8.571428
A41	8	0.571429	0.210191	0.023753	0.573611	9	8.625000
A42	8	0.428571	0.209524	0.112642	0.473922	9	8.125000
A43	6	0.800000	0.202144	0.004566	0.434374	9	8.666667
A44	8	0.607143	0.220000	0.035329	0.617185	8	9.000000
A45	11	0.472727	0.237410	0.215472	0.879252	8	9.181818
A46	9	0.500000	0.227194	0.304017	0.615891	8	8.444445
A47	8	0.642857	0.223729	0.042984	0.612080	8	8.750000
A48	11	0.436364	0.249527	0.311921	0.907634	7	9.181818
A49	9	0.555556	0.250474	0.275915	0.727441	8	9.444445
A50	8	0.642857	0.239130	0.125905	0.577786	8	9.000000
A51	8	0.642857	0.236136	0.066728	0.555511	8	8.875000
A52	10	0.466667	0.262425	0.381033	0.680960	7	9.000000
A53	9	0.500000	0.254826	0.625379	0.487707	8	8.555555
A54	8	0.642857	0.237410	0.096758	0.430051	8	8.500000
A55	8	0.642857	0.248120	0.099917	0.400187	7	8.625000
A56	9	0.527778	0.260355	0.509988	0.428772	7	8.777778
A57	8	0.642857	0.250951	0.186571	0.317809	7	8.500000
A58	8	0.642857	0.238267	0.093838	0.285673	7	8.375000
A59	9	0.500000	0.251908	0.978261	0.288591	7	8.222222
A60	9	0.500000	0.242202	0.693339	0.239714	7	8.555555
A61	8	0.642857	0.229565	0.165310	0.199036	7	8.500000
A62	8	0.642857	0.220000	0.163698	0.176520	8	8.500000
A63	8	0.642857	0.216749	0.327803	0.156922	8	8.750000
A64	10	0.444444	0.206573	0.396706	0.147586	8	8.500000
A65	8	0.642857	0.194690	0.078914	0.115540	8	8.250000
A66	8	0.642857	0.187500	0.082322	0.099776	9	8.000000
A67	10	0.511111	0.186178	0.203428	0.095886	9	7.600000
A68	8	0.642857	0.174373	0.026367	0.073551	9	7.625000
A69	6	0.800000	0.166247	0.002272	0.054031	9	7.666667
A70	6	0.800000	0.160976	0.001448	0.046379	10	7.500000
A71	6	0.666667	0.158463	0.007077	0.038053	10	6.833333
A72	7	0.523810	0.166038	0.028816	0.041440	9	7.000000
A73	4	0.666667	0.156584	0.007545	0.019154	10	7.000000
A74	6	0.600000	0.163772	0.024006	0.027473	10	6.833333
A75	9	0.416667	0.183588	0.219844	0.059357	9	7.444445
A76	6	0.800000	0.169884	0.006181	0.033106	10	7.833333
A77	7	0.714286	0.173913	0.023584	0.038590	10	7.714286
A78	8	0.642857	0.189655	0.093009	0.046921	9	7.750000
A79	9	0.527778	0.192140	0.189929	0.065277	9	8.111111
A80	8	0.642857	0.196429	0.070281	0.049861	9	7.875000
A81	8	0.642857	0.201220	0.097958	0.053108	9	8.125000
A82	9	0.500000	0.222973	0.501124	0.080674	8	8.222222
A83	8	0.642857	0.202144	0.101939	0.057636	9	8.250000
A84	8	0.642857	0.208861	0.136705	0.057662	9	8.125000
A85	8	0.642857	0.217822	0.177290	0.064549	9	8.250000
A86	8	0.642857	0.218182	0.151980	0.065818	9	8.250000
A87	8	0.642857	0.208202	0.073527	0.063539	10	8.000000
A88	8	0.642857	0.219634	0.250033	0.065531	9	8.000000
A89	9	0.500000	0.240876	0.614320	0.116550	9	7.888889
A90	8	0.642857	0.220367	0.101540	0.065401	9	7.750000
A91	7	0.714286	0.217822	0.030438	0.058604	9	7.857143
A92	8	0.500000	0.235294	0.753794	0.076921	8	7.750000
A93	7	0.619048	0.218182	0.072497	0.064002	9	7.571429
A94	7	0.571429	0.210526	0.060217	0.056953	9	7.000000
A95	7	0.571429	0.208531	0.068726	0.062840	9	6.571429
A96	7	0.476190	0.211878	0.197039	0.118498	9	6.714286
A97	5	0.800000	0.193265	0.005421	0.048288	10	6.600000
A98	5	0.700000	0.190751	0.009493	0.062209	10	6.600000
A99	7	0.476190	0.204969	0.083931	0.118813	9	6.857143
A100	7	0.476190	0.200608	0.058043	0.191758	9	7.428571
A101	9	0.444444	0.213938	0.150613	0.345664	9	8.111111
A102	6	0.800000	0.195266	0.004255	0.171810	10	8.333333
A103	8	0.607143	0.211878	0.075975	0.202469	9	8.000000
A104	9	0.555556	0.226027	0.206620	0.290268	9	8.444445
A105	9	0.555556	0.227194	0.306251	0.284625	9	8.555555
A106	8	0.642857	0.215334	0.054083	0.177151	9	8.125000
A107	9	0.500000	0.239564	0.811990	0.178076	8	8.222222
A108	8	0.642857	0.221106	0.144588	0.158703	9	8.375000
A109	8	0.642857	0.221477	0.183010	0.137116	9	8.250000
A110	8	0.642857	0.212903	0.160965	0.115243	9	8.125000
A111	8	0.642857	0.220367	0.376148	0.103845	9	8.125000
A112	8	0.642857	0.204019	0.133434	0.091797	10	8.000000
A113	8	0.642857	0.203704	0.134700	0.081223	10	8.000000
A114	8	0.642857	0.198198	0.166363	0.072813	10	8.125000
A115	8	0.642857	0.208531	0.297134	0.066778	9	8.375000
A116	8	0.642857	0.197605	0.126409	0.061415	10	8.625000
A117	8	0.642857	0.196721	0.096851	0.056301	10	8.625000
A118	9	0.611111	0.193548	0.167883	0.055682	10	8.333333
A119	10	0.533333	0.210191	0.366860	0.056801	9	8.300000
A120	10	0.488889	0.202454	0.180044	0.051906	9	8.000000
A121	8	0.714286	0.194690	0.045984	0.042276	9	8.375000
A122	7	0.809524	0.189928	0.012015	0.036462	9	8.571428
A123	8	0.678571	0.192140	0.140178	0.038766	9	8.250000
A124	9	0.500000	0.209192	0.377318	0.045520	8	8.111111
A125	6	0.666667	0.181319	0.014221	0.025672	9	8.000000
A126	7	0.523810	0.179348	0.142740	0.022312	9	7.714286
A127	9	0.388889	0.200000	0.423658	0.037587	8	7.555555
A128	6	0.800000	0.170323	0.017237	0.013940	9	7.833333
A129	7	0.714286	0.170543	0.038124	0.014941	9	7.428571
A130	9	0.583333	0.170984	0.081382	0.017319	9	6.777778
A131	9	0.555556	0.173001	0.074099	0.018894	9	6.666667
A132	6	0.800000	0.149660	0.000637	0.009998	10	7.166667
A133	6	0.800000	0.149660	0.000637	0.009694	10	7.000000
A134	6	0.733333	0.164179	0.034393	0.012030	9	6.833333
A135	5	0.800000	0.163975	0.015900	0.010997	9	7.200000
A136	6	0.400000	0.184874	0.264567	0.037559	8	6.666667
