Node	Degree	Cluster_Coeff	Closeness	Betweenness	Eigenvector centrality	Eccentricity	Average neighbor degree
A0	3	1.000000	0.114642	0.000000	0.011319	20	8.000000
A2	7	0.619048	0.134982	0.024368	0.141111	18	9.571428
A3	10	0.511111	0.137790	0.076939	0.244428	18	9.500000
A4	13	0.410256	0.152683	0.337310	0.426540	17	9.615385
A5	10	0.488889	0.149574	0.092605	0.447882	18	10.900000
A6	13	0.423077	0.157751	0.142221	0.752045	17	11.615385
A7	12	0.439394	0.162903	0.165228	0.760826	17	11.916667
A8	10	0.466667	0.161859	0.276605	0.571064	17	11.400000
A9	7	0.619048	0.146963	0.076931	0.242750	18	10.142858
A10	8	0.464286	0.148040	0.177840	0.191192	18	9.125000
A11	7	0.333333	0.141259	0.204230	0.069424	19	7.428571
A12	8	0.321429	0.147230	0.257654	0.049789	18	6.500000
A13	4	0.666667	0.141705	0.057701	0.009676	18	6.250000
A14	4	0.666667	0.134532	0.045657	0.007586	19	6.250000
A15	6	0.400000	0.138120	0.130433	0.014267	19	6.000000
A17	6	0.266667	0.148475	0.459561	0.020432	18	6.833333
A19	6	0.600000	0.153729	0.227830	0.076233	18	7.833333
A20	6	0.733333	0.138689	0.020029	0.024137	19	6.833333
A21	8	0.500000	0.140180	0.189758	0.027024	19	6.750000
A22	7	0.619048	0.151595	0.389484	0.078001	18	8.000000
A23	7	0.666667	0.136486	0.034411	0.025205	19	7.142857
A24	7	0.619048	0.136533	0.057467	0.019285	19	7.285714
A25	9	0.361111	0.138025	0.326258	0.020946	19	7.777778
A27	7	0.571429	0.122759	0.029180	0.011450	20	7.857143
A28	7	0.619048	0.122722	0.035583	0.009930	20	7.714286
A29	9	0.555556	0.125466	0.062907	0.014664	20	7.666667
A30	9	0.527778	0.121467	0.034675	0.017548	20	7.444445
A31	7	0.761905	0.113134	0.001505	0.009205	21	7.714286
A32	6	0.866667	0.113039	0.000537	0.008183	21	8.000000
A33	8	0.428571	0.117922	0.020803	0.012150	20	7.875000
A34	8	0.571429	0.121431	0.022035	0.019964	20	8.125000
A35	8	0.464286	0.132286	0.093158	0.040189	19	8.375000
A36	7	0.428571	0.133465	0.065750	0.053248	19	7.714286
A37	6	0.466667	0.143517	0.159971	0.053362	18	7.333333
A38	4	0.500000	0.143212	0.052078	0.036610	18	7.000000
A39	7	0.476190	0.157936	0.230267	0.088038	17	8.000000
A40	8	0.500000	0.162379	0.152803	0.178749	17	9.000000
A41	10	0.466667	0.171769	0.337958	0.272293	16	9.900000
A42	11	0.436364	0.177739	0.410472	0.323027	16	10.090909
A43	10	0.422222	0.178288	0.432891	0.319436	16	10.400000
A44	9	0.416667	0.184728	0.852180	0.185274	15	9.666667
A45	8	0.357143	0.173689	0.297865	0.127262	15	9.000000
A46	9	0.388889	0.170969	0.163988	0.072197	14	7.888889
A47	6	0.400000	0.164495	0.157560	0.038782	15	7.333333
A48	6	0.333333	0.161729	0.331154	0.015588	14	6.666667
A49	6	0.466667	0.156105	0.089584	0.016037	15	6.000000
A50	4	0.666667	0.150410	0.066438	0.006127	15	5.750000
A51	4	0.666667	0.147123	0.061161	0.007151	16	6.000000
A52	7	0.476190	0.156286	0.095042	0.023721	16	5.714286
A53	7	0.380952	0.153963	0.304580	0.027051	17	6.000000
A54	4	1.000000	0.149464	0.000000	0.021103	17	7.250000
A55	6	0.533333	0.161342	0.052345	0.044338	16	6.833333
A56	9	0.388889	0.171696	0.276361	0.120129	16	7.333333
A57	8	0.535714	0.174063	0.152637	0.221433	16	9.625000
A58	11	0.436364	0.177817	0.559573	0.536286	16	11.000000
A59	13	0.333333	0.170034	0.828969	0.602738	17	10.615385
A60	11	0.400000	0.165033	0.228273	0.521152	17	11.000000
A61	8	0.464286	0.154612	0.215453	0.286765	17	10.375000
A62	8	0.500000	0.142605	0.035592	0.176752	18	8.875000
A63	10	0.422222	0.141705	0.286522	0.149428	18	8.500000
A64	9	0.361111	0.128744	0.105319	0.069212	19	7.555555
A65	9	0.361111	0.126924	0.183542	0.032474	19	7.222222
A66	6	0.466667	0.116595	0.007223	0.013761	20	7.000000
A67	6	0.600000	0.115627	0.022571	0.007160	20	7.333333
A68	7	0.571429	0.116460	0.033415	0.008038	20	7.285714
A69	6	0.800000	0.108340	0.001066	0.004822	21	7.500000
A70	7	0.714286	0.108427	0.002293	0.005810	21	7.428571
A71	9	0.500000	0.113324	0.030564	0.008121	21	7.444445
A72	8	0.642857	0.117819	0.038723	0.009831	20	7.875000
A73	8	0.642857	0.117340	0.027933	0.010218	20	8.000000
A74	8	0.642857	0.117374	0.018038	0.011068	20	8.375000
A75	9	0.527778	0.125583	0.121385	0.013736	20	8.444445
A76	9	0.500000	0.126805	0.223804	0.038459	19	8.000000
A77	8	0.642857	0.117613	0.005638	0.012370	20	8.000000
A78	9	0.527778	0.125310	0.043217	0.014345	20	7.777778
A79	8	0.642857	0.123661	0.029359	0.014743	20	7.625000
A80	7	0.714286	0.123510	0.014620	0.013516	20	7.571429
A81	6	0.800000	0.121394	0.006058	0.010082	20	7.500000
A82	6	0.600000	0.126408	0.036477	0.011391	20	7.500000
A83	7	0.333333	0.134667	0.141077	0.036468	19	6.714286
A85	5	0.300000	0.129820	0.028656	0.061603	19	7.800000
A86	3	0.666667	0.119527	0.000463	0.012013	20	5.000000
A87	6	0.466667	0.131169	0.046565	0.035436	19	5.666667
A88	4	0.666667	0.120850	0.000795	0.025490	20	5.750000
A89	4	0.666667	0.128010	0.004752	0.059349	19	8.250000
A90	10	0.377778	0.137228	0.102152	0.153185	19	7.300000
A91	13	0.358974	0.142053	0.153026	0.391217	18	8.307693
A92	11	0.490909	0.148148	0.076813	0.436153	18	10.000000
A93	14	0.439560	0.151538	0.157621	0.740800	17	10.857142
A94	10	0.511111	0.151198	0.068898	0.583822	17	11.400000
A95	13	0.371795	0.152972	0.295648	0.690427	17	10.615385
A96	11	0.418182	0.141012	0.108284	0.410215	18	9.818182
A97	10	0.444444	0.139214	0.079938	0.298993	18	9.900000
A98	9	0.555556	0.136256	0.021616	0.204760	18	8.888889
A99	8	0.607143	0.135981	0.017223	0.168132	18	8.750000
A100	4	1.000000	0.126805	0.000000	0.068924	18	8.500000
A101	7	0.571429	0.134086	0.011409	0.113755	17	7.428571
A102	10	0.377778	0.143364	0.112840	0.216339	17	7.900000
A103	6	0.666667	0.144286	0.017110	0.120311	16	8.666667
A104	5	0.700000	0.141209	0.014462	0.082778	16	8.200000
A105	8	0.571429	0.146963	0.042493	0.179725	16	8.875000
A106	10	0.466667	0.157321	0.103240	0.214160	15	8.200000
A107	6	0.800000	0.152280	0.008025	0.134521	15	9.666667
A108	9	0.583333	0.156650	0.032169	0.240262	15	10.000000
A109	13	0.435897	0.167983	0.360240	0.404371	15	9.846154
A110	9	0.555556	0.169392	0.280436	0.184852	14	9.555555
A111	9	0.555556	0.164161	0.082770	0.148666	14	8.777778
A112	12	0.393939	0.173913	0.577274	0.208951	14	8.666667
A113	9	0.527778	0.173391	0.257374	0.131796	14	9.333333
A114	9	0.444444	0.172576	0.832902	0.087788	13	8.888889
A115	8	0.500000	0.166942	0.537612	0.075844	14	8.375000
A116	4	0.833333	0.155146	0.000713	0.047918	15	8.750000
A117	6	0.400000	0.158121	0.430806	0.055280	15	7.500000
A118	5	0.800000	0.142958	0.019390	0.044373	16	7.600000
A119	8	0.464286	0.150466	0.219719	0.128436	16	7.625000
A120	6	0.800000	0.132329	0.000412	0.049075	17	7.833333
A121	8	0.607143	0.143262	0.159391	0.058306	16	7.375000
A122	10	0.444444	0.142706	0.136871	0.161477	17	8.100000
A123	8	0.642857	0.133598	0.030826	0.058496	17	8.125000
A124	8	0.642857	0.132851	0.030780	0.049449	17	7.875000
A125	8	0.642857	0.132851	0.053871	0.048107	17	7.875000
A126	9	0.583333	0.128499	0.036626	0.058098	18	7.555555
A127	8	0.642857	0.126250	0.020465	0.043680	18	7.375000
A128	6	0.800000	0.119527	0.002574	0.027110	18	7.500000
A129	6	0.800000	0.125857	0.007103	0.034042	18	7.500000
A130	6	0.666667	0.122165	0.008803	0.043131	19	7.000000
A131	8	0.392857	0.129363	0.103904	0.127079	19	7.750000
A132	5	0.600000	0.134309	0.029599	0.149903	18	9.000000
A133	7	0.523810	0.136027	0.029334	0.258075	18	9.000000
A134	7	0.476190	0.136764	0.250867	0.292435	18	10.000000
A135	9	0.472222	0.137837	0.029911	0.378335	18	9.333333
A136	8	0.607143	0.135662	0.013589	0.292748	18	9.250000
A137	5	0.800000	0.127164	0.000400	0.161546	19	9.000000
A138	5	0.800000	0.132633	0.005269	0.163642	18	9.000000
A139	10	0.600000	0.139455	0.020356	0.421731	18	9.800000
A140	9	0.500000	0.146909	0.162206	0.401816	17	10.444445
A141	12	0.484848	0.152280	0.095846	0.663674	17	11.083333
A142	12	0.409091	0.151311	0.124713	0.671489	17	11.083333
A143	9	0.472222	0.156589	0.124421	0.481146	16	11.000000
A144	10	0.533333	0.164898	0.088558	0.650104	16	11.700000
A145	16	0.416667	0.170105	0.371502	1.000000	16	11.500000
A146	11	0.490909	0.161213	0.227143	0.675475	16	12.000000
A147	11	0.472727	0.168967	0.413072	0.554944	15	11.272727
A148	13	0.410256	0.170680	0.231136	0.715783	16	11.538462
A149	10	0.444444	0.162379	0.276889	0.548805	16	11.900000
A150	12	0.424242	0.158307	0.113275	0.420349	16	9.583333
A151	9	0.444444	0.171404	0.196682	0.314869	15	9.888889
A152	5	0.500000	0.155684	0.045736	0.102275	16	8.200000
A153	6	0.466667	0.165642	0.109341	0.065939	16	7.333333
A154	4	0.666667	0.156105	0.018687	0.027834	16	6.500000
A155	5	0.700000	0.167844	0.016873	0.032705	15	8.000000
A156	10	0.422222	0.175805	0.314742	0.082970	15	8.600000
A157	9	0.472222	0.171041	0.251326	0.080393	15	10.222222
A158	12	0.393939	0.172135	0.384642	0.091505	15	9.416667
A159	11	0.472727	0.168263	0.215679	0.073135	15	10.000000
A160	10	0.444444	0.169392	0.424706	0.051794	15	10.100000
A161	10	0.422222	0.153612	0.163900	0.029250	16	9.100000
A162	11	0.418182	0.152223	0.228310	0.016425	16	8.636364
A163	11	0.454545	0.146165	0.115436	0.009290	17	8.090909
A164	11	0.400000	0.144907	0.153962	0.006352	17	7.818182
A165	7	0.523810	0.129653	0.022343	0.002320	18	7.571429
A166	5	0.800000	0.127970	0.004697	0.001198	18	7.400000
A167	4	1.000000	0.120167	0.000000	0.000630	19	6.750000
A168	7	0.523810	0.128499	0.016297	0.001301	18	6.428571
A169	8	0.392857	0.133245	0.079895	0.001611	18	6.000000
A170	5	0.500000	0.123510	0.041506	0.000708	19	6.200000
A171	5	0.500000	0.126408	0.013790	0.000455	18	5.800000
A172	4	0.500000	0.123661	0.020715	0.000214	18	5.000000
A173	5	0.300000	0.135525	0.180670	0.000808	17	6.000000
A174	5	0.500000	0.121907	0.015775	0.000208	18	5.600000
A175	7	0.380952	0.124730	0.087164	0.000243	17	5.428571
A176	6	0.533333	0.124614	0.037623	0.000180	16	6.333333
A177	5	0.600000	0.125739	0.035051	0.000203	16	6.800000
A178	6	0.666667	0.129032	0.041112	0.000377	15	6.666667
A179	8	0.464286	0.132242	0.120780	0.000485	15	6.250000
A180	7	0.523810	0.134398	0.075832	0.000789	15	6.857143
A181	7	0.476190	0.142454	0.371230	0.001148	14	7.285714
A182	7	0.571429	0.131425	0.015228	0.001041	15	6.714286
A184	8	0.500000	0.139310	0.094602	0.003801	15	7.375000
A185	6	0.666667	0.130871	0.010316	0.002060	15	7.166667
A186	5	0.800000	0.123246	0.000643	0.001957	16	7.400000
A187	8	0.535714	0.131553	0.023153	0.006591	16	7.750000
A188	8	0.571429	0.138404	0.029372	0.006468	15	7.375000
A189	5	0.900000	0.137462	0.002501	0.005770	15	8.600000
A190	8	0.571429	0.147931	0.045414	0.013321	15	8.625000
A191	11	0.400000	0.149133	0.197569	0.018716	15	8.636364
A192	8	0.464286	0.157443	0.166424	0.013756	14	8.375000
A193	5	0.500000	0.166942	0.473632	0.006463	13	8.800000
A194	8	0.392857	0.159558	0.114952	0.010499	14	8.000000
A195	9	0.333333	0.161729	0.490220	0.003157	13	7.666667
A196	11	0.381818	0.159937	0.372794	0.001750	13	7.000000
A197	7	0.619048	0.144337	0.018214	0.000838	14	7.000000
A198	5	0.800000	0.139310	0.001349	0.000415	14	6.800000
A199	5	0.900000	0.138167	0.000047	0.000497	14	7.200000
A200	5	0.900000	0.138167	0.000047	0.000497	14	7.200000
A201	8	0.500000	0.151141	0.033097	0.001573	14	7.250000
A202	7	0.523810	0.158556	0.271113	0.003642	14	8.428572
A203	7	0.476190	0.160063	0.323735	0.003664	14	7.857143
A204	8	0.464286	0.155265	0.097448	0.009724	15	8.000000
A205	8	0.392857	0.157936	0.495498	0.006778	15	7.250000
A206	6	0.466667	0.145691	0.056450	0.003908	16	6.833333
A207	3	0.666667	0.142555	0.019833	0.001184	16	6.000000
A208	4	0.333333	0.140571	0.069253	0.001386	17	5.500000
A209	7	0.285714	0.137275	0.143552	0.003641	18	5.857143
A210	6	0.333333	0.142655	0.111461	0.005401	18	6.500000
A211	8	0.357143	0.150019	0.441114	0.006180	17	8.250000
A212	8	0.535714	0.147016	0.086174	0.009185	17	9.375000
A213	9	0.388889	0.153905	0.506654	0.007117	16	8.555555
A214	9	0.472222	0.150466	0.069144	0.013668	16	8.777778
A215	9	0.500000	0.158618	0.100465	0.026223	15	9.666667
A216	10	0.422222	0.159243	0.135839	0.030794	15	9.800000
A217	10	0.400000	0.169748	0.413365	0.035890	14	9.600000
A218	12	0.378788	0.160956	0.259929	0.043171	15	9.500000
A219	6	0.533333	0.150859	0.076502	0.026256	16	9.833333
A220	7	0.523810	0.149852	0.066502	0.020692	16	9.000000
A221	5	0.900000	0.133908	0.000719	0.006872	17	8.400000
A222	6	0.800000	0.133997	0.001819	0.007377	17	8.000000
A223	11	0.418182	0.141556	0.075360	0.015135	16	8.090909
A224	11	0.381818	0.149464	0.254236	0.020731	16	8.454545
A225	7	0.666667	0.131126	0.010915	0.006152	17	7.428571
A226	7	0.619048	0.131126	0.024147	0.005657	17	7.285714
A227	7	0.571429	0.131897	0.085284	0.005087	17	7.428571
A229	5	0.700000	0.122647	0.002541	0.001885	17	6.400000
A230	4	0.833333	0.122573	0.000910	0.001335	17	6.500000
A231	7	0.285714	0.131041	0.115990	0.000991	16	6.142857
A232	5	0.600000	0.127324	0.020582	0.000217	16	7.000000
A233	7	0.380952	0.121577	0.050046	0.000313	17	5.571429
A234	5	0.500000	0.121687	0.019858	0.000549	18	6.000000
A235	4	0.500000	0.121613	0.018748	0.000801	18	6.500000
A236	7	0.523810	0.136119	0.086399	0.004035	17	7.857143
A237	7	0.523810	0.129280	0.016861	0.003276	18	7.285714
A238	6	0.800000	0.135389	0.001143	0.004464	17	8.666667
A239	5	0.700000	0.136625	0.008607	0.006148	17	9.000000
A241	7	0.619048	0.159495	0.108136	0.061667	16	10.142858
A242	10	0.511111	0.166942	0.397845	0.142645	16	9.700000
A243	11	0.472727	0.170752	0.273295	0.152607	16	9.545455
A244	10	0.466667	0.177115	0.281678	0.162079	15	10.300000
A245	11	0.381818	0.181982	0.337154	0.111884	15	8.727273
A246	9	0.472222	0.183303	0.261374	0.076355	14	9.222222
A247	9	0.555556	0.176419	0.139405	0.037177	14	8.333333
A248	9	0.527778	0.178919	0.309227	0.044948	14	8.666667
A249	7	0.523810	0.178366	0.326752	0.022465	13	8.571428
A251	7	0.380952	0.175576	0.305619	0.034319	13	8.000000
A252	8	0.428571	0.175729	0.835373	0.017799	12	8.250000
A253	7	0.619048	0.163166	0.088824	0.008242	12	8.428572
A254	8	0.535714	0.160445	0.125971	0.004762	12	7.625000
A255	8	0.500000	0.153030	0.092646	0.003223	12	7.250000
A256	4	0.833333	0.139071	0.003063	0.000929	13	6.250000
A257	4	0.833333	0.139071	0.003063	0.000929	13	6.250000
A258	5	0.400000	0.133952	0.031549	0.000558	13	4.800000
A259	3	0.666667	0.123283	0.000778	0.000163	14	4.666667
A260	5	0.300000	0.134086	0.107655	0.000443	13	4.400000
A261	4	0.500000	0.130449	0.017238	0.000665	14	5.000000
A262	5	0.500000	0.144959	0.133883	0.002958	14	6.200000
A263	7	0.380952	0.145533	0.086315	0.003216	14	5.714286
A264	6	0.466667	0.157260	0.138922	0.004884	13	7.000000
A265	9	0.250000	0.167080	0.983661	0.020964	13	7.444445
A266	7	0.476190	0.169038	0.104826	0.009743	12	8.571428
A267	11	0.418182	0.169179	0.502778	0.008491	12	8.545455
A268	10	0.488889	0.168053	0.684671	0.005726	11	9.200000
A269	9	0.472222	0.159810	0.447437	0.003236	11	9.444445
A270	7	0.523810	0.151595	0.178094	0.001204	12	10.142858
A271	10	0.400000	0.149133	0.330119	0.001206	12	10.000000
A272	10	0.511111	0.140767	0.070966	0.000737	13	10.200000
A273	12	0.484848	0.136856	0.112596	0.000707	13	9.500000
A274	9	0.611111	0.128213	0.024406	0.000519	14	9.888889
A275	8	0.571429	0.129156	0.010692	0.000446	14	10.000000
A276	10	0.444444	0.129487	0.030335	0.000456	14	8.900000
A277	9	0.388889	0.136533	0.066614	0.000356	13	8.666667
A278	7	0.476190	0.130323	0.017770	0.000291	14	9.000000
A279	7	0.619048	0.127084	0.008005	0.000219	14	7.857143
A280	6	0.800000	0.126329	0.002483	0.000151	14	7.500000
A281	5	0.900000	0.123283	0.000102	0.000103	14	7.000000
A282	5	0.800000	0.131468	0.008716	0.000119	13	7.200000
A283	7	0.666667	0.135072	0.014715	0.000186	13	7.428571
A284	10	0.488889	0.139841	0.067112	0.000377	13	7.600000
A285	11	0.363636	0.144131	0.109631	0.000532	13	8.545455
A286	9	0.472222	0.142908	0.042654	0.000588	13	9.555555
A287	9	0.444444	0.136073	0.043055	0.000617	13	9.444445
A288	11	0.472727	0.138546	0.071168	0.000724	13	9.636364
A289	11	0.490909	0.135072	0.048695	0.000733	13	9.545455
A290	10	0.533333	0.134398	0.033150	0.000637	13	9.500000
A291	9	0.444444	0.135208	0.075904	0.000528	13	7.666667
A292	3	1.000000	0.124961	0.000000	0.000093	13	6.666667
A293	5	0.500000	0.132589	0.085222	0.000172	12	6.200000
A294	6	0.666667	0.129280	0.006370	0.000248	13	7.333333
A295	8	0.607143	0.130155	0.019501	0.000447	13	8.750000
A296	9	0.527778	0.138689	0.054803	0.000648	13	9.333333
A297	9	0.500000	0.144286	0.084236	0.000874	12	9.888889
A298	11	0.454545	0.151823	0.170854	0.001295	12	9.818182
A299	11	0.436364	0.149852	0.124258	0.001265	12	9.636364
A300	11	0.381818	0.160445	0.321332	0.001048	12	9.818182
A301	7	0.523810	0.151595	0.073083	0.000502	12	9.571428
A302	8	0.428571	0.149907	0.112725	0.000397	12	7.750000
A303	5	0.600000	0.158307	0.083081	0.000474	12	8.000000
A304	11	0.345455	0.167704	0.530123	0.001030	11	7.909091
A305	6	0.600000	0.148748	0.008582	0.000313	12	8.000000
A306	5	0.800000	0.148475	0.002089	0.000252	12	8.400000
A307	9	0.416667	0.159810	0.715755	0.000589	11	7.888889
A308	10	0.400000	0.157321	0.194466	0.000447	12	8.200000
A309	6	0.733333	0.144544	0.005050	0.000186	12	7.833333
A310	7	0.571429	0.147230	0.595203	0.000179	12	7.428571
A311	8	0.535714	0.146430	0.125823	0.000230	12	7.875000
A312	8	0.464286	0.141358	0.028634	0.000203	13	7.625000
A313	6	0.466667	0.134130	0.029273	0.000120	13	7.166667
A314	8	0.428571	0.136810	0.088208	0.000265	13	8.500000
A315	7	0.571429	0.130660	0.018824	0.000295	14	9.142858
A316	9	0.583333	0.130491	0.012531	0.000436	14	9.222222
A317	8	0.535714	0.128991	0.083323	0.000420	14	9.250000
A318	11	0.400000	0.140473	0.362524	0.000602	13	8.818182
A319	10	0.422222	0.141308	0.252320	0.000798	13	9.200000
A320	12	0.409091	0.153788	0.599100	0.001459	12	9.666667
A321	10	0.488889	0.161859	0.434814	0.002264	11	10.000000
A322	11	0.436364	0.166255	0.367747	0.002786	11	9.727273
A323	10	0.488889	0.165574	0.142786	0.003346	11	9.800000
A324	10	0.400000	0.168685	0.170800	0.004252	11	9.400000
A325	8	0.392857	0.164361	0.396489	0.005311	12	8.625000
A327	7	0.476190	0.148529	0.072226	0.001780	13	7.000000
A328	4	0.833333	0.141754	0.006001	0.000685	13	7.000000
A329	5	0.700000	0.143059	0.012270	0.000869	13	7.400000
A330	9	0.444444	0.147931	0.088407	0.001124	12	8.333333
A331	10	0.444444	0.155385	0.189851	0.002061	12	9.000000
A332	9	0.500000	0.162772	0.263070	0.001988	12	9.777778
A333	11	0.418182	0.160317	0.125802	0.002269	11	9.909091
A334	7	0.476190	0.164094	0.186661	0.001648	12	9.428572
A335	8	0.500000	0.165642	0.168829	0.001582	11	9.500000
A336	11	0.436364	0.164898	0.312581	0.001871	12	9.818182
A337	9	0.527778	0.151254	0.041490	0.001209	12	9.888889
A338	11	0.418182	0.152972	0.299912	0.001053	12	8.909091
A339	8	0.571429	0.141259	0.101833	0.000619	13	9.125000
A340	8	0.571429	0.139214	0.389853	0.000528	13	9.000000
A341	7	0.476190	0.132156	0.462424	0.000309	14	7.857143
A342	6	0.400000	0.127084	0.744704	0.000190	14	7.500000
A343	5	0.500000	0.119597	0.426233	0.000054	15	6.600000
A344	6	0.533333	0.115429	0.695658	0.000027	15	6.333333
A345	7	0.571429	0.110867	0.288368	0.000011	16	6.285714
A346	7	0.476190	0.105373	0.665668	0.000006	16	6.571429
A347	6	0.733333	0.096651	0.233781	0.000001	17	7.333333
A348	7	0.666667	0.096674	0.348821	0.000001	17	7.000000
A349	8	0.464286	0.090624	0.574902	0.000000	18	6.875000
A350	6	0.600000	0.090441	0.157568	0.000000	18	7.333333
A351	7	0.476190	0.083488	0.183474	0.000000	19	6.428571
A352	6	0.600000	0.077395	0.017982	0.000000	20	6.333333
A356	4	0.666667	0.077173	0.008713	0.000000	20	5.750000
A357	4	0.833333	0.077276	0.000133	0.000000	20	6.000000
A358	7	0.476190	0.083644	0.129105	0.000000	19	6.857143
A360	7	0.428571	0.083748	0.288801	0.000000	19	8.285714
A361	6	0.600000	0.077573	0.022273	0.000000	20	7.833333
A362	8	0.500000	0.077603	0.063086	0.000000	20	6.875000
A363	5	0.600000	0.072091	0.000540	0.000000	21	5.600000
A364	4	0.833333	0.072079	0.000207	0.000000	21	5.750000
A365	4	0.666667	0.075712	0.009098	0.000000	20	5.750000
A366	6	0.600000	0.075940	0.009869	0.000000	20	6.333333
A367	8	0.392857	0.081814	0.150480	0.000000	19	6.000000
A368	9	0.444444	0.077618	0.005708	0.000000	20	6.666667
A369	10	0.377778	0.077677	0.040751	0.000000	20	6.500000
A370	10	0.355556	0.077618	0.139921	0.000000	20	6.200000
A371	4	0.833333	0.072233	0.000390	0.000000	21	7.750000
A373	6	0.466667	0.072130	0.001477	0.000000	21	5.666667
A374	5	0.800000	0.072246	0.000421	0.000000	21	7.000000
A375	5	0.700000	0.072246	0.000674	0.000000	21	7.200000
A376	5	0.600000	0.076097	0.003655	0.000000	20	8.000000
A377	6	0.533333	0.081881	0.069855	0.000000	19	6.833333
A378	4	0.833333	0.081715	0.005521	0.000000	19	7.000000
A379	5	0.400000	0.088538	0.364624	0.000000	18	6.600000
A380	7	0.619048	0.093238	0.062523	0.000001	18	6.714286
A381	8	0.500000	0.096351	0.604096	0.000001	17	6.500000
A382	7	0.571429	0.101380	0.175717	0.000002	17	6.857143
A383	6	0.533333	0.104962	0.587335	0.000004	16	7.000000
A384	7	0.523810	0.110898	0.111161	0.000011	16	5.857143
A385	6	0.466667	0.113070	0.506515	0.000007	15	5.666667
A386	4	0.500000	0.117784	0.038783	0.000005	15	5.250000
A387	4	0.500000	0.123096	0.529543	0.000009	14	4.750000
A388	4	0.500000	0.129904	0.084366	0.000027	14	4.500000
A389	5	0.300000	0.136486	0.585149	0.000053	13	5.200000
A390	5	0.400000	0.140865	0.133866	0.000205	13	7.200000
A391	7	0.476190	0.140816	0.187764	0.000356	13	7.857143
A392	9	0.444444	0.150410	0.267178	0.000603	12	8.111111
A393	9	0.472222	0.157689	0.114851	0.000827	12	8.777778
A394	8	0.464286	0.155985	0.046829	0.000846	12	8.750000
A395	9	0.277778	0.171842	0.467010	0.001442	11	8.555555
A396	9	0.388889	0.175043	1.000000	0.001929	11	8.666667
A397	9	0.388889	0.171041	0.552327	0.001955	12	8.444445
A398	9	0.388889	0.171259	0.921805	0.002619	12	8.000000
A399	7	0.476190	0.166118	0.331220	0.001997	13	8.571428
A400	8	0.464286	0.176728	0.444294	0.002597	12	7.875000
A401	8	0.464286	0.178524	0.390397	0.006213	12	7.750000
A402	5	0.600000	0.175043	0.334322	0.010265	13	8.200000
A403	6	0.600000	0.177193	0.201902	0.020171	13	8.333333
A404	10	0.488889	0.184812	0.837780	0.053880	14	8.200000
A405	9	0.500000	0.178524	0.140716	0.021840	13	7.555555
A406	8	0.535714	0.177115	0.567961	0.019166	13	7.750000
A407	6	0.533333	0.167011	0.064297	0.008475	13	7.000000
A408	7	0.333333	0.170464	0.562996	0.003461	12	6.714286
A409	4	0.666667	0.153554	0.004280	0.001556	13	6.000000
A410	5	0.500000	0.158867	0.062203	0.003236	13	5.600000
A412	3	0.333333	0.142354	0.024785	0.000347	12	4.333333
A413	4	0.666667	0.139599	0.007336	0.000151	12	5.750000
A414	4	0.666667	0.139599	0.007336	0.000151	12	5.750000
A415	7	0.428571	0.147553	0.125826	0.000312	12	6.857143
A416	9	0.361111	0.158805	0.436710	0.000728	11	6.666667
A417	6	0.466667	0.149464	0.030902	0.000370	12	7.166667
A418	6	0.333333	0.158059	0.096909	0.000699	12	6.000000
A419	4	0.333333	0.150578	0.023801	0.000361	12	6.750000
A420	6	0.333333	0.152626	0.098728	0.000655	13	7.000000
