Node	Degree	Cluster_Coeff	Closeness	Betweenness	Eigenvector centrality	Eccentricity	Average neighbor degree
A5	2	1.000000	0.115431	0.000000	0.028953	18	6.500000
A6	5	0.700000	0.121381	0.005785	0.110453	18	7.400000
A7	8	0.571429	0.130423	0.048056	0.160075	17	7.125000
A8	7	0.714286	0.130387	0.009795	0.157276	17	8.000000
A9	7	0.428571	0.140920	0.077291	0.099061	16	8.142858
A10	6	0.666667	0.138591	0.032061	0.119603	16	8.333333
A11	10	0.466667	0.144150	0.113759	0.294622	16	8.800000
A12	9	0.555556	0.135105	0.026403	0.279331	17	8.333333
A13	11	0.436364	0.136963	0.060731	0.406416	17	8.545455
A14	6	0.666667	0.132667	0.003538	0.286050	17	9.833333
A15	6	0.666667	0.128495	0.002042	0.278742	17	9.000000
A16	6	0.600000	0.127603	0.000826	0.263156	17	8.000000
A17	10	0.555556	0.134496	0.013718	0.493480	16	8.400000
A18	6	0.600000	0.135411	0.012194	0.279886	16	8.500000
A19	8	0.535714	0.148355	0.069007	0.426610	15	8.875000
A20	5	0.600000	0.137002	0.025797	0.140835	15	6.800000
A21	5	0.500000	0.140712	0.086110	0.116147	14	6.400000
A22	6	0.200000	0.150078	0.305359	0.088533	14	6.166667
A23	4	0.500000	0.140795	0.100200	0.024523	13	6.000000
A24	6	0.333333	0.141924	0.180407	0.016417	13	6.500000
A25	7	0.380952	0.135143	0.110362	0.008040	12	6.142857
A26	8	0.357143	0.146177	0.340167	0.011384	11	7.500000
A27	8	0.500000	0.133856	0.042907	0.003640	12	7.625000
A28	10	0.422222	0.141840	0.540086	0.006138	12	9.100000
A29	13	0.410256	0.131898	0.103721	0.003478	12	8.153846
A30	12	0.424242	0.131971	0.189037	0.002894	12	8.250000
A31	10	0.466667	0.124156	0.062771	0.001931	13	8.300000
A32	5	0.400000	0.117272	0.040058	0.000705	13	7.400000
A33	3	0.666667	0.105565	0.001008	0.000117	14	4.333333
A34	4	0.500000	0.113378	0.006148	0.000187	13	4.500000
A35	4	0.500000	0.112603	0.008112	0.000199	13	4.500000
A36	6	0.333333	0.126321	0.077174	0.000730	12	5.333333
A37	5	0.600000	0.125657	0.021392	0.000822	12	5.200000
A38	4	0.833333	0.125591	0.000592	0.000803	12	5.750000
A39	5	0.500000	0.129539	0.032477	0.002751	12	6.600000
A40	7	0.333333	0.142220	0.607692	0.003201	11	6.428571
A41	8	0.500000	0.139971	0.120965	0.010025	12	7.500000
A42	8	0.535714	0.144586	0.390969	0.013029	12	8.125000
A43	10	0.377778	0.146941	0.418682	0.023515	11	7.800000
A44	10	0.333333	0.150694	0.351474	0.033827	11	7.500000
A45	7	0.333333	0.146267	0.228314	0.023042	12	8.714286
A46	6	0.400000	0.136532	0.035126	0.011246	12	8.000000
A47	10	0.333333	0.137356	0.179961	0.016409	13	6.900000
A48	7	0.523810	0.124837	0.009878	0.008453	14	7.142857
A49	4	0.666667	0.121846	0.007468	0.003637	14	7.500000
A50	8	0.357143	0.130637	0.097599	0.007342	13	6.125000
A51	5	0.400000	0.120433	0.050740	0.001781	13	5.600000
A52	4	0.666667	0.116387	0.006314	0.001438	14	5.750000
A53	6	0.466667	0.118846	0.017406	0.002598	14	5.500000
A54	4	0.666667	0.111734	0.001173	0.001716	15	5.500000
A55	5	0.600000	0.120921	0.013670	0.004190	15	6.400000
A56	7	0.523810	0.124837	0.037886	0.007809	14	6.857143
A57	8	0.535714	0.135989	0.097238	0.018571	14	7.750000
A58	8	0.571429	0.135989	0.063606	0.021025	14	7.875000
A59	8	0.500000	0.144280	0.146175	0.035785	14	8.000000
A60	6	0.800000	0.138752	0.011711	0.029574	15	8.500000
A61	8	0.642857	0.138873	0.037890	0.035898	15	8.000000
A62	9	0.583333	0.143200	0.123004	0.043958	15	7.888889
A63	9	0.527778	0.155447	0.171154	0.080395	14	8.111111
A64	9	0.555556	0.145421	0.085723	0.059275	15	7.888889
A65	7	0.714286	0.144673	0.029524	0.046839	15	8.571428
A66	8	0.535714	0.160997	0.246639	0.083372	14	8.500000
A67	8	0.535714	0.154693	0.149876	0.063082	15	8.125000
A68	9	0.472222	0.155245	0.146172	0.071675	15	7.777778
A69	7	0.523810	0.162751	0.193745	0.060372	14	8.285714
A70	9	0.388889	0.164374	0.262935	0.088434	14	8.666667
A71	9	0.305556	0.157392	0.223516	0.127184	15	7.777778
A72	6	0.533333	0.153846	0.091399	0.042104	15	7.333333
A73	4	0.500000	0.147896	0.084194	0.022372	15	7.000000
A74	6	0.333333	0.157964	0.137100	0.023375	14	7.166667
A75	7	0.523810	0.148724	0.083568	0.016373	14	7.142857
A76	7	0.571429	0.147896	0.069968	0.017244	14	7.714286
A77	5	0.600000	0.136299	0.020690	0.011971	15	7.600000
A78	8	0.428571	0.140012	0.095716	0.031386	15	8.375000
A79	6	0.666667	0.132483	0.009524	0.021189	15	7.500000
A80	6	0.800000	0.131355	0.002472	0.023975	15	8.000000
A81	6	0.800000	0.130316	0.000823	0.025680	15	8.166667
A82	9	0.583333	0.134648	0.013476	0.044632	15	8.777778
A83	11	0.490909	0.146761	0.121368	0.060343	14	8.909091
A84	8	0.642857	0.135257	0.010688	0.040788	15	8.875000
A85	9	0.555556	0.137594	0.024143	0.049025	15	9.555555
A86	12	0.439394	0.147896	0.101050	0.076397	14	10.000000
A87	10	0.444444	0.151506	0.208174	0.061229	14	9.500000
A88	8	0.642857	0.136924	0.011139	0.039835	15	9.250000
A89	10	0.466667	0.138913	0.136105	0.046637	15	9.100000
A90	8	0.642857	0.139277	0.040788	0.035166	15	9.125000
A91	9	0.500000	0.144586	0.183843	0.038333	15	8.444445
A92	8	0.642857	0.133557	0.016080	0.024636	15	8.000000
A93	8	0.642857	0.133744	0.035694	0.021910	15	7.750000
A94	8	0.642857	0.139318	0.059150	0.019606	14	7.375000
A95	7	0.714286	0.138470	0.027475	0.016206	14	7.428571
A96	6	0.800000	0.131463	0.011787	0.012500	14	7.333333
A97	6	0.666667	0.132337	0.024066	0.011641	14	6.666667
A98	7	0.380952	0.144455	0.184799	0.022801	13	7.142857
A99	4	0.333333	0.136845	0.030796	0.015745	14	6.250000
A100	3	0.666667	0.130959	0.002524	0.018732	15	6.333333
A101	9	0.361111	0.146536	0.099079	0.093942	14	7.777778
A102	6	0.600000	0.136650	0.016022	0.065341	15	7.666667
A103	6	0.600000	0.136689	0.027429	0.076166	15	8.333333
A104	9	0.388889	0.142347	0.229120	0.163234	15	8.444445
A105	7	0.571429	0.136105	0.023693	0.130712	16	8.285714
A106	7	0.571429	0.131644	0.045007	0.142351	16	8.857142
A107	6	0.800000	0.125033	0.001182	0.097102	17	8.333333
A108	8	0.642857	0.130494	0.042588	0.120744	16	7.875000
A109	12	0.409091	0.140382	0.237877	0.260605	16	8.083333
A110	9	0.444444	0.134724	0.177395	0.164635	17	8.000000
A111	7	0.571429	0.124091	0.043112	0.088254	17	7.285714
A112	6	0.666667	0.124156	0.019733	0.081317	17	7.833333
A113	6	0.533333	0.124414	0.055975	0.077667	17	7.666667
A114	5	0.500000	0.118552	0.014120	0.047905	18	6.400000
A115	7	0.571429	0.119054	0.029419	0.082995	18	7.428571
A116	6	0.733333	0.114573	0.000782	0.075486	19	7.833333
A117	7	0.619048	0.125823	0.041755	0.130148	18	8.142858
A118	7	0.666667	0.136105	0.080144	0.216497	17	9.285714
A119	11	0.436364	0.141045	0.289296	0.432085	17	8.818182
A120	11	0.400000	0.155144	0.349152	0.642888	16	9.181818
A121	9	0.472222	0.148910	0.084855	0.564598	16	9.555555
A122	4	1.000000	0.135257	0.000000	0.185665	17	8.500000
A123	6	0.733333	0.135873	0.009239	0.244215	17	8.333333
A124	8	0.607143	0.136144	0.031543	0.283116	17	8.125000
A125	7	0.619048	0.124414	0.015958	0.173553	18	8.428572
A126	10	0.511111	0.125889	0.057770	0.185887	18	7.700000
A127	11	0.454545	0.126288	0.148775	0.175229	18	7.818182
A128	7	0.619048	0.115181	0.003550	0.083166	19	8.285714
A129	6	0.666667	0.113163	0.001872	0.084623	19	8.833333
A130	9	0.444444	0.114738	0.025880	0.094773	19	7.888889
A131	9	0.472222	0.115543	0.039344	0.078094	19	7.444445
A132	7	0.619048	0.110062	0.003605	0.047113	19	7.000000
A133	4	0.833333	0.109709	0.000860	0.021580	19	6.750000
A134	4	0.500000	0.111292	0.009987	0.022562	18	6.250000
A135	7	0.476190	0.120010	0.084985	0.053867	18	7.000000
A136	7	0.619048	0.112418	0.003600	0.075420	19	8.428572
A137	9	0.527778	0.112471	0.006711	0.093924	19	7.666667
A138	6	0.733333	0.111500	0.001594	0.087225	19	8.333333
A139	6	0.800000	0.119143	0.003026	0.104175	18	8.333333
A140	9	0.555556	0.123898	0.060604	0.160746	18	8.222222
A141	9	0.555556	0.123642	0.046303	0.176196	18	8.111111
A142	8	0.642857	0.123898	0.017352	0.185198	18	8.250000
A143	9	0.555556	0.133894	0.068710	0.270100	17	8.777778
A144	11	0.454545	0.139807	0.254176	0.414970	17	9.454545
A145	8	0.642857	0.126589	0.007898	0.254585	18	9.375000
A146	8	0.642857	0.127128	0.009167	0.262459	18	9.500000
A147	11	0.490909	0.138591	0.067884	0.438377	17	9.909091
A148	11	0.418182	0.136806	0.081514	0.393076	17	9.545455
A149	8	0.642857	0.125459	0.004888	0.238425	18	8.875000
A150	10	0.511111	0.129364	0.026546	0.257637	18	8.300000
A151	10	0.488889	0.135372	0.049235	0.296951	17	9.100000
A152	7	0.666667	0.127637	0.010924	0.186229	17	9.142858
A153	6	0.800000	0.122784	0.000498	0.138484	18	8.333333
A154	8	0.571429	0.133222	0.014038	0.172256	17	8.500000
A155	7	0.523810	0.135296	0.019151	0.142474	17	8.000000
A156	7	0.476190	0.141128	0.047865	0.138580	17	8.000000
A157	5	0.600000	0.142304	0.027659	0.121429	17	7.600000
A158	5	0.600000	0.145821	0.038395	0.173789	17	8.000000
A159	8	0.357143	0.155548	0.239391	0.458403	16	9.250000
A160	9	0.444444	0.157444	0.097906	0.684069	16	10.333333
A161	12	0.439394	0.163363	0.188327	0.975457	15	10.833333
A162	13	0.384615	0.164261	0.366184	1.000000	15	10.461538
A163	10	0.511111	0.164374	0.225096	0.770583	14	11.000000
A164	9	0.472222	0.165169	0.510746	0.493532	14	9.555555
A165	7	0.619048	0.164544	0.275032	0.195446	13	8.142858
A166	8	0.500000	0.164828	0.504264	0.198985	13	7.750000
A167	6	0.400000	0.154044	0.480216	0.053486	12	8.166667
A168	6	0.600000	0.153797	0.205214	0.036602	12	8.166667
A169	6	0.800000	0.144411	0.019102	0.014423	11	8.500000
A170	9	0.527778	0.144805	0.065460	0.017766	11	8.111111
A171	6	0.666667	0.131862	0.015569	0.008128	12	8.500000
A172	9	0.444444	0.132741	0.066193	0.010854	12	7.666667
A173	7	0.714286	0.126455	0.005527	0.008669	12	7.714286
A174	10	0.511111	0.138430	0.060175	0.015605	12	7.200000
A175	9	0.500000	0.132483	0.034093	0.015470	12	7.777778
A176	7	0.809524	0.130459	0.006671	0.009972	12	7.857143
A177	6	0.933333	0.126388	0.000686	0.008923	13	7.833333
A178	7	0.761905	0.133111	0.014665	0.012052	13	7.285714
A179	7	0.619048	0.137752	0.068283	0.021606	13	7.428571
A180	5	0.500000	0.145954	0.105460	0.032369	13	7.600000
A181	8	0.321429	0.158383	0.509878	0.107492	12	7.500000
A182	6	0.666667	0.162034	0.145876	0.145692	13	8.000000
A183	10	0.400000	0.168726	0.650163	0.353417	13	8.700000
A184	10	0.466667	0.176384	0.759586	0.473613	14	8.900000
A185	12	0.439394	0.177695	0.601985	0.753154	14	9.833333
A186	10	0.511111	0.171265	0.385996	0.777747	15	11.000000
A187	12	0.378788	0.171511	0.649023	0.881913	15	10.333333
A188	12	0.393939	0.159920	0.307560	0.828004	16	9.916667
A189	9	0.500000	0.154443	0.288451	0.593188	16	10.888889
A190	9	0.527778	0.152132	0.167433	0.527065	16	10.666667
A191	9	0.527778	0.159280	0.187136	0.591666	16	10.555555
A192	10	0.488889	0.165398	0.414663	0.607646	15	10.100000
A193	13	0.371795	0.151602	0.392814	0.616411	16	10.153846
A194	12	0.378788	0.153009	0.194417	0.564440	16	10.166667
A195	10	0.444444	0.165512	0.445295	0.451349	15	9.800000
A196	9	0.555556	0.154943	0.177677	0.391472	15	10.555555
A197	10	0.466667	0.151698	0.144743	0.361144	15	10.000000
A198	10	0.400000	0.153945	0.154350	0.327437	15	10.000000
A199	9	0.472222	0.159759	0.252107	0.253446	14	9.888889
A200	9	0.472222	0.153500	0.202760	0.215365	14	9.333333
A201	11	0.418182	0.150789	0.242460	0.152802	14	8.363636
A202	10	0.444444	0.158069	0.214435	0.148798	13	9.100000
A203	8	0.642857	0.156362	0.214460	0.117053	13	9.250000
A204	8	0.642857	0.153303	0.124953	0.096943	13	8.875000
A205	10	0.466667	0.153009	0.283514	0.091811	13	8.500000
A206	8	0.642857	0.155954	0.207241	0.071129	12	9.000000
A207	9	0.500000	0.158541	0.314480	0.063431	12	8.222222
A208	6	0.800000	0.152326	0.021617	0.045428	12	9.333333
A209	9	0.444444	0.152084	0.331005	0.045539	12	7.888889
A210	12	0.378788	0.163419	0.341802	0.055614	11	7.583333
A211	7	0.428571	0.152326	0.308704	0.021448	12	8.571428
A212	5	0.700000	0.150314	0.017057	0.020897	12	8.400000
A213	7	0.571429	0.155397	0.043576	0.032954	12	8.428572
A214	7	0.523810	0.157185	0.052232	0.039701	12	8.571428
A215	9	0.500000	0.165570	0.125568	0.066884	12	9.777778
A216	10	0.466667	0.168132	0.136673	0.057837	11	8.800000
A217	7	0.571429	0.169564	0.166368	0.042039	11	9.285714
A218	6	0.600000	0.158910	0.172069	0.027131	11	8.833333
A219	8	0.428571	0.161705	0.414778	0.024928	11	8.250000
A220	7	0.619048	0.150409	0.136298	0.009660	12	7.571429
A221	7	0.619048	0.153747	0.401315	0.007890	11	8.000000
A222	5	1.000000	0.139521	0.000000	0.004627	12	8.200000
A223	6	0.800000	0.139889	0.001154	0.005355	12	8.333333
A224	10	0.466667	0.151650	0.152130	0.011309	12	7.700000
A225	11	0.418182	0.150031	0.227871	0.009020	12	8.000000
A226	10	0.444444	0.144193	0.101499	0.007531	12	8.600000
A227	7	0.714286	0.140671	0.005466	0.006046	12	9.285714
A228	9	0.527778	0.150504	0.199296	0.009163	12	8.777778
A229	9	0.555556	0.143242	0.050236	0.007140	12	8.666667
A230	9	0.555556	0.139889	0.046566	0.006811	13	8.111111
A231	7	0.714286	0.137002	0.010800	0.005516	13	8.000000
A232	9	0.444444	0.145554	0.141292	0.010800	12	8.000000
A233	7	0.523810	0.134044	0.020863	0.005966	13	7.857143
A234	6	0.600000	0.130887	0.009842	0.005616	13	7.833333
A235	8	0.464286	0.137475	0.037124	0.012319	13	8.500000
A236	7	0.523810	0.134006	0.013555	0.011063	13	8.714286
A237	9	0.500000	0.135834	0.021108	0.015866	13	8.777778
A238	12	0.363636	0.149468	0.164594	0.024643	12	8.333333
A239	9	0.416667	0.155853	0.150817	0.027853	11	9.333333
A240	9	0.361111	0.165512	0.224870	0.033423	11	9.777778
A241	11	0.363636	0.166145	0.189712	0.047286	11	9.090909
A242	10	0.444444	0.170592	0.151444	0.049442	11	9.100000
A243	9	0.472222	0.172004	0.229377	0.045623	12	8.555555
A244	7	0.571429	0.164092	0.074273	0.031115	12	8.142858
A245	6	0.600000	0.168369	0.100283	0.047269	13	8.666667
A246	8	0.464286	0.180855	0.666693	0.067172	12	8.750000
A247	9	0.527778	0.177894	0.316886	0.124570	13	8.222222
A248	9	0.500000	0.171081	0.235748	0.088253	13	8.333333
A249	10	0.377778	0.174325	0.399507	0.084939	13	8.600000
A250	9	0.555556	0.174008	0.298406	0.103094	13	9.000000
A251	9	0.388889	0.165800	0.156566	0.088816	14	8.555555
A252	9	0.444444	0.168132	0.241277	0.099997	14	8.666667
A253	6	0.800000	0.152911	0.016744	0.057499	15	8.833333
A254	8	0.607143	0.162918	0.070298	0.081043	14	9.125000
A255	9	0.555556	0.164828	0.120770	0.091227	14	9.000000
A256	9	0.527778	0.157808	0.123472	0.091855	15	8.555555
A257	9	0.500000	0.154044	0.170132	0.084320	15	8.777778
A258	11	0.418182	0.167191	0.303795	0.117799	14	8.909091
A259	9	0.500000	0.156362	0.163935	0.105343	15	9.111111
A260	8	0.642857	0.152667	0.031425	0.088927	15	9.000000
A261	9	0.500000	0.152911	0.216218	0.092949	15	8.666667
A262	8	0.642857	0.153009	0.083648	0.100691	15	9.125000
A263	10	0.466667	0.146626	0.088599	0.143871	15	8.900000
A264	7	0.666667	0.144980	0.020816	0.094094	15	9.000000
A265	7	0.523810	0.148125	0.073099	0.095120	14	9.142858
A266	12	0.333333	0.155346	0.241444	0.202730	14	8.750000
A267	8	0.392857	0.140299	0.039530	0.105655	15	8.375000
A268	7	0.619048	0.144063	0.016844	0.146212	15	9.428572
A269	9	0.500000	0.141086	0.037611	0.154910	15	8.888889
A270	5	0.900000	0.131355	0.000045	0.102091	16	9.400000
A271	11	0.363636	0.139644	0.082001	0.243260	16	8.727273
A272	11	0.454545	0.149422	0.103508	0.230096	15	9.272727
A273	9	0.527778	0.143544	0.040005	0.179446	16	9.222222
A274	10	0.444444	0.145865	0.070660	0.205916	16	9.100000
A275	10	0.422222	0.151891	0.121561	0.271432	16	9.700000
A276	9	0.500000	0.153451	0.162354	0.172669	16	9.111111
A277	8	0.642857	0.148125	0.031761	0.152463	16	8.625000
A278	11	0.381818	0.154393	0.187871	0.221369	16	7.454545
A279	6	0.800000	0.147531	0.008315	0.115207	16	8.666667
A280	8	0.392857	0.158331	0.271135	0.132117	15	8.250000
A281	6	0.533333	0.149562	0.031506	0.126427	16	8.000000
A282	8	0.464286	0.159015	0.150899	0.254490	15	8.375000
A283	7	0.571429	0.151266	0.035153	0.305663	16	8.714286
A284	11	0.400000	0.156311	0.226594	0.687449	16	10.000000
A285	11	0.436364	0.152229	0.109421	0.822211	15	10.727273
A286	13	0.423077	0.151987	0.140705	0.886365	15	10.153846
A287	10	0.511111	0.148217	0.064763	0.664694	15	10.000000
A288	9	0.527778	0.138873	0.056435	0.404760	15	8.000000
A289	5	0.800000	0.132483	0.001341	0.251365	16	9.000000
A290	10	0.511111	0.139889	0.042517	0.522620	16	9.200000
A291	11	0.454545	0.142135	0.064885	0.632791	16	9.545455
A292	11	0.454545	0.149749	0.104615	0.601499	16	10.181818
A293	11	0.436364	0.151410	0.104488	0.474024	16	8.909091
A294	9	0.472222	0.157237	0.174745	0.328425	15	9.111111
A295	5	0.800000	0.151314	0.017478	0.163036	15	9.000000
A296	10	0.311111	0.167602	0.299390	0.160774	14	8.400000
A297	10	0.488889	0.171020	0.138272	0.127932	14	8.800000
A298	7	0.571429	0.166841	0.030560	0.120838	14	8.857142
A299	7	0.523810	0.174135	0.183750	0.235655	14	9.000000
A300	8	0.464286	0.179834	0.454651	0.288811	14	8.875000
A301	9	0.472222	0.182512	0.580267	0.447986	14	9.111111
A302	8	0.500000	0.179362	0.271031	0.338627	14	8.625000
A303	6	0.400000	0.175735	0.561166	0.232231	14	8.666667
A304	6	0.600000	0.179699	0.191960	0.120169	13	8.000000
A305	9	0.444444	0.185992	0.997849	0.204152	13	8.000000
A306	8	0.607143	0.180582	0.385653	0.110058	12	9.250000
A307	8	0.642857	0.179767	0.133437	0.111547	12	9.000000
A308	9	0.555556	0.179228	0.272930	0.126221	13	9.444445
A309	10	0.533333	0.184485	0.462596	0.131907	12	9.500000
A310	13	0.410256	0.178358	0.324944	0.145641	12	9.461538
A311	9	0.555556	0.170775	0.149322	0.112379	13	10.000000
A312	11	0.418182	0.173692	0.339682	0.125738	13	9.545455
A313	9	0.555556	0.177234	0.351870	0.102241	12	9.888889
A314	8	0.642857	0.161377	0.080372	0.087683	13	10.000000
A315	11	0.436364	0.160997	0.309461	0.101274	13	10.000000
A316	8	0.642857	0.160997	0.147887	0.077460	13	10.250000
A317	8	0.642857	0.157185	0.091966	0.070452	13	10.000000
A318	11	0.454545	0.147759	0.131401	0.084112	14	10.454545
A319	13	0.371795	0.146716	0.125273	0.088254	14	9.923077
A320	11	0.418182	0.147576	0.180805	0.064016	14	9.636364
A321	9	0.555556	0.142304	0.048267	0.053254	14	9.666667
A322	12	0.454545	0.139196	0.076470	0.061378	14	9.000000
A323	7	0.714286	0.131717	0.008213	0.037385	15	9.285714
A324	8	0.535714	0.132044	0.021940	0.033791	15	8.750000
A325	6	0.733333	0.127094	0.000951	0.025477	15	8.166667
A326	6	0.666667	0.123164	0.001175	0.023152	15	7.833333
A327	7	0.619048	0.131175	0.013243	0.029089	14	8.857142
A328	7	0.666667	0.131175	0.008093	0.029207	14	9.000000
A329	12	0.378788	0.141253	0.141369	0.062541	14	9.500000
A330	7	0.619048	0.135143	0.050431	0.026695	14	8.714286
A331	8	0.642857	0.131031	0.011512	0.026829	14	8.125000
A332	11	0.472727	0.142559	0.178676	0.043223	13	8.545455
A333	7	0.714286	0.136884	0.042798	0.023522	13	8.714286
A334	6	0.800000	0.135718	0.014595	0.017475	13	8.333333
A335	8	0.500000	0.134006	0.050610	0.018937	13	8.125000
A336	9	0.388889	0.147576	0.250579	0.024081	12	8.444445
A337	6	0.600000	0.146043	0.040038	0.017857	12	9.666667
A338	8	0.464286	0.163196	0.195627	0.038204	11	9.250000
A339	9	0.527778	0.168488	0.097688	0.059518	11	9.777778
A340	12	0.424242	0.175477	0.280602	0.094670	11	9.666667
A341	11	0.436364	0.182582	0.459855	0.096978	11	9.727273
A342	8	0.607143	0.178825	0.206898	0.091751	11	10.250000
A343	11	0.363636	0.188337	1.000000	0.102783	11	10.000000
A344	9	0.416667	0.178491	0.653090	0.063725	10	9.666667
A345	11	0.400000	0.180241	0.513348	0.071236	10	10.000000
A346	10	0.422222	0.169084	0.314728	0.050321	11	9.800000
A347	10	0.444444	0.160618	0.174501	0.040297	11	9.600000
A348	11	0.381818	0.153058	0.223461	0.030522	12	9.181818
A349	11	0.400000	0.144367	0.112817	0.022951	12	8.454545
A350	8	0.428571	0.132227	0.039060	0.012321	13	7.625000
A351	5	0.500000	0.130316	0.020207	0.006541	13	7.000000
A352	4	0.500000	0.123931	0.010431	0.003365	14	5.750000
A353	4	0.500000	0.122974	0.006522	0.003540	14	6.000000
A354	6	0.533333	0.130887	0.031844	0.009044	14	7.000000
A355	9	0.388889	0.136728	0.120428	0.014129	13	7.444445
A356	6	0.800000	0.130923	0.002000	0.012393	14	8.666667
A357	8	0.571429	0.131971	0.015697	0.018342	14	8.375000
A358	11	0.436364	0.141462	0.136869	0.032733	14	8.545455
A359	10	0.444444	0.141003	0.092738	0.021281	13	8.200000
A360	8	0.642857	0.135989	0.018153	0.020272	14	8.875000
A361	9	0.555556	0.141003	0.033898	0.027744	14	9.444445
A362	10	0.511111	0.147896	0.166465	0.031589	14	9.300000
A363	9	0.555556	0.150362	0.065857	0.024484	13	8.777778
A364	8	0.607143	0.143759	0.030007	0.020856	14	8.750000
A365	10	0.466667	0.146761	0.065648	0.025660	14	8.000000
A366	10	0.422222	0.161269	0.242919	0.031506	13	8.100000
A367	7	0.476190	0.162807	0.170745	0.026609	13	9.000000
A368	7	0.476190	0.157860	0.108306	0.023257	12	8.428572
A369	7	0.619048	0.159121	0.058349	0.027195	12	8.714286
A370	10	0.444444	0.163140	0.258945	0.030776	11	8.100000
A371	8	0.464286	0.155700	0.096707	0.019452	11	7.750000
A372	8	0.428571	0.162309	0.279906	0.022786	11	8.500000
A373	4	0.833333	0.140878	0.005804	0.005933	12	6.750000
A374	6	0.533333	0.146536	0.048979	0.009071	11	6.333333
A375	5	0.500000	0.135028	0.010236	0.004130	12	5.000000
A376	3	0.666667	0.129119	0.001792	0.001676	12	5.000000
A377	4	0.333333	0.127603	0.007468	0.002458	13	5.000000
A378	4	0.500000	0.132889	0.007028	0.004822	13	7.000000
A379	8	0.285714	0.145910	0.141028	0.012336	12	7.375000
A380	6	0.466667	0.138712	0.037241	0.008981	12	7.500000
A381	8	0.464286	0.139196	0.086722	0.013365	12	8.375000
A382	7	0.571429	0.139277	0.013565	0.011417	12	8.000000
A383	7	0.571429	0.136884	0.021352	0.009654	12	7.857143
A384	5	0.600000	0.137514	0.026736	0.006311	12	8.000000
A385	7	0.333333	0.142304	0.074748	0.007539	12	7.428571
A386	7	0.428571	0.140837	0.058599	0.005720	12	7.571429
A387	7	0.619048	0.144892	0.033781	0.007795	12	8.857142
A388	7	0.523810	0.155548	0.094577	0.010351	11	8.857142
A389	10	0.400000	0.156979	0.368709	0.017526	11	8.300000
A390	8	0.428571	0.169504	0.902186	0.027177	10	9.125000
A391	5	0.700000	0.166841	0.219514	0.014109	10	8.800000
A392	7	0.619048	0.159015	0.307058	0.010386	11	8.714286
A393	10	0.511111	0.162089	0.644392	0.013017	11	8.700000
A394	11	0.454545	0.162089	0.488056	0.013618	11	8.727273
A395	11	0.436364	0.148863	0.163919	0.011100	12	8.818182
A396	9	0.444444	0.144936	0.073673	0.006982	12	8.444445
A397	7	0.523810	0.134081	0.026007	0.003364	13	7.285714
A398	6	0.600000	0.129610	0.021745	0.002224	13	6.500000
A399	4	0.833333	0.120799	0.000528	0.000982	13	5.750000
A400	3	1.000000	0.119530	0.000000	0.000656	13	5.666667
A401	7	0.523810	0.133185	0.051264	0.002928	13	6.857143
A402	9	0.416667	0.138832	0.057953	0.005866	12	8.555555
A403	9	0.416667	0.144761	0.164743	0.006732	12	9.111111
A404	9	0.444444	0.155144	0.593174	0.008824	12	9.555555
A405	9	0.388889	0.151939	0.987929	0.007287	12	9.111111
A406	9	0.388889	0.155397	0.775070	0.006801	12	8.333333
A407	8	0.464286	0.150979	0.411693	0.004797	12	7.875000
A408	6	0.733333	0.140299	0.019131	0.001948	13	7.666667
A409	6	0.800000	0.143028	0.068566	0.001460	13	7.666667
A410	7	0.666667	0.146536	0.397971	0.002117	13	7.714286
A411	9	0.416667	0.145510	0.740217	0.001807	13	7.666667
A412	7	0.619048	0.136806	0.020412	0.001217	13	7.000000
A413	9	0.416667	0.144980	0.874540	0.001753	12	7.333333
A414	7	0.571429	0.138470	0.273546	0.001361	13	8.285714
A415	5	0.800000	0.130816	0.002106	0.000923	13	8.200000
A416	8	0.464286	0.132081	0.127944	0.001606	13	8.625000
A417	10	0.488889	0.139318	0.331545	0.002684	12	9.000000
A418	10	0.466667	0.137594	0.300829	0.002732	12	8.900000
A419	6	0.800000	0.131031	0.008189	0.002261	12	9.666667
A420	7	0.571429	0.130530	0.051250	0.002452	12	8.142858
A421	4	0.833333	0.123546	0.000634	0.001391	13	7.000000
A422	6	0.600000	0.133632	0.039822	0.003269	12	6.833333
A423	7	0.476190	0.130068	0.019153	0.003639	12	6.428571
A424	6	0.400000	0.134345	0.117667	0.004647	12	6.833333
A425	6	0.333333	0.124479	0.081118	0.001627	13	6.166667
A426	7	0.523810	0.130352	0.091423	0.002312	13	8.428572
A427	6	0.733333	0.121783	0.024485	0.001410	13	8.666667
A428	6	0.733333	0.121783	0.024485	0.001410	13	8.666667
A429	8	0.535714	0.117879	0.017170	0.001455	13	7.875000
A430	6	0.666667	0.117531	0.007442	0.001184	13	9.000000
A431	5	0.600000	0.111944	0.009987	0.000583	14	6.800000
A432	6	0.400000	0.121846	0.124191	0.000718	13	6.500000
A433	4	0.500000	0.112180	0.029257	0.000163	14	5.250000
A434	4	0.500000	0.111944	0.059020	0.000117	14	5.500000
A435	6	0.533333	0.112842	0.058041	0.000107	15	5.833333
A436	6	0.666667	0.112550	0.033175	0.000103	15	6.000000
A437	6	0.800000	0.109157	0.002030	0.000134	15	6.666667
A438	5	0.900000	0.108834	0.000521	0.000123	15	7.000000
A439	6	0.800000	0.109157	0.002030	0.000134	15	6.666667
A440	9	0.500000	0.118346	0.124275	0.000347	15	6.555555
A441	8	0.535714	0.118699	0.063385	0.000435	15	7.375000
A442	6	0.800000	0.126690	0.048640	0.000547	14	8.666667
A443	8	0.571429	0.132667	0.183244	0.000855	14	8.750000
A444	8	0.642857	0.127365	0.061852	0.000808	14	9.125000
A445	11	0.436364	0.128116	0.235043	0.001112	14	9.000000
A446	8	0.535714	0.138712	0.370600	0.001553	13	9.125000
A447	11	0.381818	0.133520	0.476988	0.001381	14	9.181818
A448	12	0.393939	0.128150	0.200888	0.001321	14	9.166667
A449	8	0.464286	0.139115	0.471120	0.001683	13	9.500000
A450	7	0.571429	0.138712	0.410654	0.001516	13	9.714286
A451	7	0.619048	0.123419	0.023184	0.000773	14	8.714286
A452	7	0.619048	0.114436	0.003165	0.000563	15	9.000000
A453	6	0.800000	0.113593	0.000179	0.000420	15	8.500000
A454	9	0.555556	0.127161	0.095899	0.000751	14	8.333333
A455	12	0.439394	0.127739	0.238061	0.000967	14	8.416667
A456	8	0.642857	0.113728	0.009536	0.000453	15	8.375000
A457	8	0.642857	0.113755	0.023025	0.000419	15	8.500000
A458	9	0.555556	0.118817	0.229755	0.000528	15	8.777778
A459	8	0.642857	0.113755	0.059608	0.000334	15	8.250000
A460	8	0.642857	0.106554	0.029816	0.000249	16	7.500000
A461	8	0.642857	0.106530	0.057103	0.000211	16	7.125000
A462	7	0.714286	0.106483	0.048777	0.000171	16	7.142857
A463	6	0.800000	0.102355	0.004262	0.000120	16	7.000000
A464	6	0.666667	0.096449	0.027214	0.000089	17	6.000000
A465	5	0.700000	0.096390	0.016869	0.000065	17	5.800000
A466	2	1.000000	0.087997	0.000000	0.000016	18	5.500000
A472	1	0.000000	0.079100	0.000000	0.000001	19	3.000000
A473	3	0.333333	0.085879	0.044139	0.000008	18	2.666667
A474	3	0.666667	0.093836	0.028679	0.000028	17	4.333333
A475	4	0.500000	0.093873	0.059292	0.000050	17	4.500000
A476	6	0.533333	0.103418	0.122220	0.000202	16	6.833333
A477	6	0.666667	0.103418	0.052941	0.000229	16	7.333333
A478	9	0.472222	0.114683	0.117279	0.000575	15	8.777778
A479	6	0.800000	0.110982	0.005274	0.000313	15	8.833333
A480	8	0.642857	0.111085	0.015614	0.000364	15	8.125000
A481	11	0.472727	0.114601	0.152366	0.000637	15	8.454545
A482	11	0.454545	0.123834	0.282922	0.000780	14	8.636364
A483	8	0.642857	0.110597	0.005797	0.000341	15	7.875000
A484	8	0.642857	0.110597	0.012053	0.000322	15	7.625000
A485	8	0.607143	0.114163	0.068883	0.000394	15	8.000000
A486	6	0.800000	0.110393	0.010694	0.000225	15	7.333333
A487	5	0.900000	0.102619	0.000032	0.000150	16	6.800000
A488	4	1.000000	0.102575	0.000000	0.000117	16	6.750000
